Details of the solution:
route 0, node_num 12, cost 101.940506, nodes: 0(79.69, 79.69) 116(60.66, 79.69) 59 60 58 56 53 54 55 57 116(15.80, 19.03) 0(0.00, 0.00)
route 1, node_num 13, cost 147.283907, nodes: 0(79.69, 79.69) 120(41.22, 79.69) 79 73 70 71 76 78 81 102(22.73, 51.85) 5 7 0(-0.00, -0.00)
route 2, node_num 13, cost 144.876956, nodes: 0(79.69, 79.69) 67 65 116(53.76, 79.69) 68 69 77 80 119(7.32, 46.57) 72 61 66 0(0.00, 0.00)
route 3, node_num 12, cost 76.844165, nodes: 0(79.69, 79.69) 90 87 86 82 83 84 85 88 89 91 0(2.85, 2.85)
route 4, node_num 13, cost 67.787667, nodes: 0(79.69, 79.69) 41 40 42 44 45 48 46 47 43 49 52 0(11.90, 11.90)
route 5, node_num 14, cost 109.728037, nodes: 0(79.69, 79.69) 23 32 34 36 39 38 37 35 31 112(7.04, 37.08) 51 50 0(0.00, 0.00)
route 6, node_num 14, cost 95.841940, nodes: 0(79.69, 79.69) 21 22 25 27 33 28 26 110(12.45, 28.61) 30 29 24 20 0(0.00, 0.00)
route 7, node_num 14, cost 114.954635, nodes: 0(79.69, 79.69) 63 74 62 64 101(29.79, 65.06) 2 4 6 10 3 9 8 0(0.00, 0.00)
route 8, node_num 13, cost 129.509393, nodes: 0(79.69, 79.69) 106(48.64, 79.69) 12 14 16 19 18 17 15 108(42.63, 68.28) 11 13 0(6.88, 6.88)
route 9, node_num 14, cost 101.037707, nodes: 0(79.69, 79.69) 75 1 96 95 94 92 93 97 100 99 104(14.46, 35.81) 98 0(-0.00, -0.00)
vehicle (route) number: 10
Total cost: 11089.80
12025.79, 63.94
12033.71, 37.52
12025.22, 115.65
12025.79, 46.93
11089.80, 236.53
12029.44, 152.67
13014.59, 15.91
12029.44, 43.63
12033.71, 56.94
12025.79, 68.94
