Details of the solution:
route 0, node_num 12, cost 105.527503, nodes: 0(79.69, 79.69) 23 108(41.19, 68.96) 12 14 16 19 18 17 15 13 0(1.93, 1.93)
route 1, node_num 13, cost 97.639830, nodes: 0(79.69, 79.69) 98 96 95 94 92 93 97 100 99 104(16.29, 34.24) 5 0(0.00, 0.00)
route 2, node_num 12, cost 119.417604, nodes: 0(79.69, 79.69) 67 65 63 120(39.19, 79.69) 79 77 80 72 61 64 0(0.78, 0.78)
route 3, node_num 14, cost 136.276835, nodes: 0(79.69, 79.69) 69 74 120(34.67, 50.55) 73 70 71 76 78 81 120(3.04, 43.74) 62 66 0(0.00, 0.00)
route 4, node_num 14, cost 69.732534, nodes: 0(79.69, 79.69) 41 40 44 45 48 51 50 47 43 42 46 49 0(9.96, 9.96)
route 5, node_num 13, cost 113.261875, nodes: 0(79.69, 79.69) 34 36 39 32 33 38 37 35 31 112(0.29, 33.86) 52 0(0.00, 0.00)
route 6, node_num 12, cost 111.218184, nodes: 0(79.69, 79.69) 59 60 58 56 53 117(17.98, 79.69) 54 55 57 68 0(30.18, 30.18)
route 7, node_num 13, cost 64.107897, nodes: 0(79.69, 79.69) 7 3 75 1 2 4 6 10 11 9 8 0(15.58, 15.58)
route 8, node_num 12, cost 52.198039, nodes: 0(79.69, 79.69) 21 22 25 27 28 26 30 29 24 20 0(27.49, 27.49)
route 9, node_num 12, cost 76.069565, nodes: 0(79.69, 79.69) 90 87 86 83 82 84 85 88 89 91 0(3.62, 3.62)
vehicle (route) number: 10
Total cost: 10945.45
10945.59, 99.32
10945.45, 122.23
10945.45, 306.56
10945.45, 203.80
10945.55, 76.78
10945.45, 122.89
10945.45, 113.64
10945.45, 96.61
10945.55, 50.26
10945.45, 171.10
