Details of the solution:
route 0, node_num 14, cost 104.055784, nodes: 0(79.69, 79.69) 23 25 34 36 39 38 37 35 112(14.29, 38.65) 51 50 52 0(0.00, 0.00)
route 1, node_num 13, cost 127.833696, nodes: 0(79.69, 79.69) 65 63 74 120(37.84, 47.51) 73 70 71 76 78 81 120(0.00, 38.47) 0(0.00, 0.00)
route 2, node_num 14, cost 95.970670, nodes: 0(79.69, 79.69) 20 24 29 32 33 31 48 46 47 43 49 114(2.82, 19.10) 0(0.00, 0.00)
route 3, node_num 14, cost 104.144010, nodes: 0(79.69, 79.69) 75 98 96 95 94 92 93 97 100 99 104(14.88, 39.34) 9 0(-0.00, -0.00)
route 4, node_num 12, cost 76.069565, nodes: 0(79.69, 79.69) 90 87 86 83 82 84 85 88 89 91 0(3.62, 3.62)
route 5, node_num 15, cost 114.121794, nodes: 0(79.69, 79.69) 1 106(43.32, 59.73) 12 14 16 19 18 17 15 108(22.67, 40.82) 13 11 8 0(0.13, 0.13)
route 6, node_num 14, cost 134.214497, nodes: 0(79.69, 79.69) 67 62 64 68 120(24.20, 32.15) 79 77 80 119(0.00, 46.57) 72 61 66 0(0.00, 0.00)
route 7, node_num 11, cost 103.925919, nodes: 0(79.69, 79.69) 41 40 42 44 45 116(42.89, 67.12) 69 26 10 0(-0.00, -0.00)
route 8, node_num 13, cost 78.042099, nodes: 0(79.69, 79.69) 21 22 27 30 28 2 4 6 7 3 5 0(1.65, 1.65)
route 9, node_num 12, cost 101.940506, nodes: 0(79.69, 79.69) 116(60.66, 79.69) 59 60 58 56 53 54 55 57 116(15.80, 19.03) 0(0.00, 0.00)
vehicle (route) number: 10
Total cost: 11040.32
12026.17, 63.34
12026.17, 30.89
12008.12, 39.72
12005.67, 48.42
12026.17, 29.39
12027.43, 34.60
12026.17, 25.56
11040.32, 164.00
12005.67, 141.46
11061.78, 157.63
