Details of the solution:
route 0, node_num 14, cost 108.762051, nodes: 0(79.69, 79.69) 65 67 116(53.84, 63.89) 59 60 58 56 53 54 55 57 116(-0.00, 19.03) 0(0.00, 0.00)
route 1, node_num 14, cost 109.708762, nodes: 0(79.69, 79.69) 21 22 23 12 14 16 19 18 17 15 108(5.89, 35.90) 13 0(0.00, 0.00)
route 2, node_num 10, cost 51.044745, nodes: 0(79.69, 79.69) 20 24 25 29 27 30 28 26 0(28.65, 28.65)
route 3, node_num 12, cost 60.926055, nodes: 0(79.69, 79.69) 75 1 2 4 6 7 10 11 9 8 0(18.76, 18.76)
route 4, node_num 12, cost 76.069565, nodes: 0(79.69, 79.69) 90 87 86 83 82 84 85 88 89 91 0(3.62, 3.62)
route 5, node_num 11, cost 69.167234, nodes: 0(79.69, 79.69) 63 74 62 69 64 68 61 72 66 0(10.52, 10.52)
route 6, node_num 14, cost 97.919633, nodes: 0(79.69, 79.69) 98 96 95 94 92 93 97 100 99 104(16.29, 34.52) 3 5 0(0.00, 0.00)
route 7, node_num 13, cost 144.465353, nodes: 0(79.69, 79.69) 120(41.22, 79.69) 73 79 77 80 70 71 76 78 81 120(12.17, 38.47) 0(0.00, 0.00)
route 8, node_num 14, cost 123.390896, nodes: 0(79.69, 79.69) 114(60.59, 70.42) 34 32 33 31 36 39 38 37 35 112(0.00, 33.86) 52 0(0.00, 0.00)
route 9, node_num 14, cost 70.019905, nodes: 0(79.69, 79.69) 41 40 42 44 45 46 48 51 50 47 43 49 0(9.67, 9.67)
vehicle (route) number: 10
Total cost: 10911.47
10916.18, 326.54
10911.47, 373.30
10949.72, 171.50
10949.72, 165.14
10949.72, 101.07
10950.75, 200.00
10952.48, 96.45
10949.72, 90.25
10916.18, 228.31
10918.13, 93.73
