Details of the solution:
route 0, node_num 8, cost 61.128530, nodes: 0(62.14, 62.14) 53 40 56 72 73 21 0(1.01, 1.01)
route 1, node_num 11, cost 91.463001, nodes: 0(62.14, 62.14) 110(44.11, 62.14) 8 46 36 47 48 82 110(6.75, 18.05) 18 0(-0.00, -0.00)
route 2, node_num 8, cost 84.137542, nodes: 0(62.14, 62.14) 31 70 106(28.92, 62.14) 7 52 88 0(11.22, 11.22)
route 3, node_num 8, cost 71.787174, nodes: 0(62.14, 62.14) 3 79 80 102(20.13, 62.14) 77 76 0(32.36, 32.36)
route 4, node_num 9, cost 112.855211, nodes: 0(62.14, 62.14) 62 108(34.64, 53.72) 19 11 64 49 109(6.56, 38.21) 0(0.00, 0.00)
route 5, node_num 9, cost 56.175117, nodes: 0(62.14, 62.14) 96 93 98 85 59 92 99 0(5.96, 5.96)
route 6, node_num 8, cost 86.699235, nodes: 0(62.14, 62.14) 106(37.40, 62.14) 10 32 90 63 30 0(0.18, 0.18)
route 7, node_num 8, cost 88.934393, nodes: 0(62.14, 62.14) 1 66 104(5.49, 48.36) 50 69 27 0(16.07, 16.07)
route 8, node_num 12, cost 126.565583, nodes: 0(62.14, 62.14) 115(31.78, 49.26) 43 38 115(5.88, 22.01) 15 115(13.77, 49.45) 42 87 57 2 0(4.88, 4.88)
route 9, node_num 11, cost 108.460081, nodes: 0(62.14, 62.14) 74 118(31.89, 46.27) 39 67 23 118(7.52, 39.46) 75 22 41 0(0.00, 0.00)
route 10, node_num 10, cost 85.059166, nodes: 0(62.14, 62.14) 28 68 54 4 120(14.34, 37.26) 25 55 26 0(0.00, 0.00)
route 11, node_num 8, cost 52.189374, nodes: 0(62.14, 62.14) 89 6 58 13 95 94 0(9.95, 9.95)
route 12, node_num 11, cost 120.762874, nodes: 0(62.14, 62.14) 9 105(24.74, 61.40) 65 71 35 105(25.40, 25.40) 20 51 104(3.10, 25.06) 0(0.00, 0.00)
route 13, node_num 10, cost 84.372907, nodes: 0(62.14, 62.14) 5 61 17 84 111(9.51, 31.75) 45 83 60 0(0.00, 0.00)
route 14, node_num 10, cost 93.380534, nodes: 0(62.14, 62.14) 33 81 34 78 29 102(3.23, 34.47) 24 12 0(0.00, 0.00)
route 15, node_num 12, cost 100.781112, nodes: 0(62.14, 62.14) 97 100 112(32.85, 62.14) 16 91 86 14 44 37 114(5.52, 14.87) 0(-0.00, -0.00)
vehicle (route) number: 16
Total cost: 17424.75
17428.59, 175.16
17427.20, 130.30
17425.91, 129.82
17425.91, 115.80
17424.75, 102.12
17425.91, 100.77
17429.97, 90.89
17424.75, 149.51
17427.62, 99.28
18422.25, 64.35
