Details of the solution:
route 0, node_num 8, cost 94.289235, nodes: 0(62.14, 62.14) 1 66 107(6.48, 62.14) 32 30 70 0(23.51, 23.51)
route 1, node_num 11, cost 93.402510, nodes: 0(62.14, 62.14) 50 33 81 34 78 29 102(3.21, 34.47) 24 12 0(0.00, 0.00)
route 2, node_num 14, cost 72.187382, nodes: 0(62.14, 62.14) 114(47.27, 51.55) 93 61 16 112(30.99, 38.12) 91 85 98 92 97 87 13 0(1.36, 1.36)
route 3, node_num 13, cost 117.541267, nodes: 0(62.14, 62.14) 6 96 112(36.09, 50.41) 38 86 112(9.68, 37.04) 100 14 44 37 114(1.14, 14.87) 0(-0.00, -0.00)
route 4, node_num 10, cost 116.878155, nodes: 0(62.14, 62.14) 9 105(24.74, 61.40) 65 35 71 20 51 104(6.99, 25.06) 0(0.00, 0.00)
route 5, node_num 11, cost 122.243915, nodes: 0(62.14, 62.14) 120(31.73, 62.14) 25 55 54 4 119(29.18, 58.87) 67 23 21 0(0.00, 0.00)
route 6, node_num 9, cost 58.466029, nodes: 0(62.14, 62.14) 80 68 79 3 77 76 28 0(3.67, 3.67)
route 7, node_num 12, cost 84.828881, nodes: 0(62.14, 62.14) 53 58 40 2 15 115(21.89, 33.51) 43 42 57 116(3.97, 15.03) 0(0.00, 0.00)
route 8, node_num 12, cost 99.964031, nodes: 0(62.14, 62.14) 31 106(37.40, 62.14) 10 90 63 64 11 108(14.48, 27.56) 62 88 0(0.00, 0.00)
route 9, node_num 13, cost 115.251902, nodes: 0(62.14, 62.14) 110(44.11, 62.14) 8 46 36 49 109(16.44, 33.50) 47 19 48 82 110(-0.00, 18.03) 0(0.00, 0.00)
route 10, node_num 13, cost 77.020336, nodes: 0(62.14, 62.14) 60 83 45 17 84 5 99 59 114(1.74, 16.62) 95 94 0(-0.00, -0.00)
route 11, node_num 12, cost 97.376034, nodes: 0(62.14, 62.14) 26 39 56 118(16.29, 62.14) 75 72 73 74 22 41 0(10.62, 10.62)
route 12, node_num 8, cost 59.760184, nodes: 0(62.14, 62.14) 89 18 7 52 69 27 0(2.38, 2.38)
vehicle (route) number: 13
Total cost: 14209.21
14209.21, 630.92
14255.84, 240.91
15207.84, 111.36
15234.89, 53.68
14219.30, 189.52
15206.56, 153.84
14239.82, 151.84
15221.68, 42.23
15206.56, 179.31
14215.84, 121.00
