Details of the solution:
route 0, node_num 11, cost 118.991990, nodes: 0(62.14, 62.14) 115(31.78, 62.14) 43 38 86 14 44 112(0.78, 12.40) 37 114(-0.00, 14.87) 0(0.00, 0.00)
route 1, node_num 12, cost 118.054042, nodes: 0(62.14, 62.14) 102(36.06, 62.14) 68 102(51.37, 62.14) 54 55 4 120(29.10, 48.16) 25 24 12 0(0.00, 0.00)
route 2, node_num 12, cost 101.651174, nodes: 0(62.14, 62.14) 74 75 22 2 15 115(0.48, 40.00) 42 57 87 13 0(0.00, 0.00)
route 3, node_num 8, cost 44.574536, nodes: 0(62.14, 62.14) 89 6 59 92 97 95 0(17.57, 17.57)
route 4, node_num 13, cost 71.056323, nodes: 0(62.14, 62.14) 96 61 16 91 100 85 98 93 99 114(5.95, 14.87) 94 0(-0.00, -0.00)
route 5, node_num 11, cost 107.600982, nodes: 0(62.14, 62.14) 110(44.11, 62.14) 60 17 84 111(26.34, 53.77) 45 48 82 88 0(0.00, 0.00)
route 6, node_num 10, cost 131.619314, nodes: 0(62.14, 62.14) 8 46 36 109(9.36, 60.81) 64 49 47 110(0.00, 18.03) 0(0.00, 0.00)
route 7, node_num 12, cost 107.828141, nodes: 0(62.14, 62.14) 108(35.72, 48.07) 62 11 19 7 52 18 110(0.00, 33.34) 83 5 0(0.00, 0.00)
route 8, node_num 12, cost 91.597088, nodes: 0(62.14, 62.14) 3 33 81 79 80 102(7.30, 38.81) 29 77 76 28 0(2.05, 2.05)
route 9, node_num 10, cost 123.523794, nodes: 0(62.14, 62.14) 104(37.08, 62.14) 66 65 35 71 105(10.66, 46.99) 20 51 0(0.00, 0.00)
route 10, node_num 11, cost 116.190038, nodes: 0(62.14, 62.14) 40 21 56 39 119(23.34, 41.18) 23 67 118(0.90, 37.11) 41 0(0.00, 0.00)
route 11, node_num 10, cost 93.879920, nodes: 0(62.14, 62.14) 31 70 32 90 63 106(5.17, 36.91) 10 30 0(0.00, 0.00)
route 12, node_num 10, cost 87.102068, nodes: 0(62.14, 62.14) 1 104(36.91, 61.87) 9 34 78 50 69 27 0(-0.00, -0.00)
route 13, node_num 7, cost 52.656530, nodes: 0(62.14, 62.14) 58 72 73 26 53 0(9.48, 9.48)
vehicle (route) number: 14
Total cost: 15366.33
16360.93, 90.10
15366.33, 234.03
16361.65, 252.56
15374.29, 266.55
16351.28, 108.98
16357.83, 126.94
16360.44, 112.51
16351.28, 151.28
16354.99, 84.33
16353.31, 42.55
