Details of the solution:
route 0, node_num 14, cost 92.146826, nodes: 0(64.06, 64.06) 6 96 99 5 84 17 45 111(20.32, 48.40) 46 8 83 60 0(0.00, 0.00)
route 1, node_num 12, cost 121.618526, nodes: 0(64.06, 64.06) 104(39.00, 44.09) 20 66 65 71 105(0.00, 52.47) 35 34 78 76 0(0.00, 0.00)
route 2, node_num 13, cost 113.919168, nodes: 0(64.06, 64.06) 75 118(34.04, 41.99) 56 39 67 23 118(2.44, 44.35) 22 41 57 2 0(-0.00, -0.00)
route 3, node_num 4, cost 28.375966, nodes: 0(64.06, 64.06) 89 52 0(35.68, 35.68)
route 4, node_num 12, cost 107.261654, nodes: 0(64.06, 64.06) 18 110(46.01, 64.06) 82 7 19 109(32.28, 57.43) 49 36 47 48 0(0.00, 0.00)
route 5, node_num 16, cost 80.476609, nodes: 0(64.06, 64.06) 59 93 61 86 16 112(16.93, 33.35) 91 85 98 37 92 97 95 94 0(0.00, 0.00)
route 6, node_num 13, cost 110.883869, nodes: 0(64.06, 64.06) 106(39.32, 55.36) 10 32 90 63 64 11 108(-0.00, 30.79) 62 88 31 0(0.00, 0.00)
route 7, node_num 15, cost 86.052405, nodes: 0(64.06, 64.06) 26 54 55 25 120(25.58, 49.95) 4 72 74 73 21 40 58 53 0(2.38, 2.38)
route 8, node_num 13, cost 80.651285, nodes: 0(64.06, 64.06) 1 50 33 81 9 51 104(17.30, 33.90) 30 70 69 27 0(-0.00, -0.00)
route 9, node_num 13, cost 108.031854, nodes: 0(64.06, 64.06) 114(49.19, 54.15) 100 44 38 14 43 115(-0.00, 39.01) 15 42 87 13 0(0.00, 0.00)
route 10, node_num 12, cost 87.319621, nodes: 0(64.06, 64.06) 28 80 68 3 79 29 24 102(10.28, 33.54) 77 12 0(0.00, 0.00)
vehicle (route) number: 11
Total cost: 12016.74
12026.00, 446.94
12025.19, 340.44
12018.55, 348.80
12018.17, 119.47
12016.74, 344.15
12039.97, 216.47
12021.39, 233.21
12034.60, 450.29
12025.19, 176.89
12025.19, 213.36
