Details of the solution:
route 0, node_num 12, cost 84.131316, nodes: 0(67.12, 67.12) 52 7 62 106(31.86, 53.29) 10 90 32 30 69 27 0(4.42, 4.42)
route 1, node_num 13, cost 73.363053, nodes: 0(67.12, 67.12) 40 21 74 75 22 41 57 2 116(9.65, 15.90) 58 53 0(-0.00, -0.00)
route 2, node_num 12, cost 121.995219, nodes: 0(67.12, 67.12) 70 104(35.98, 65.79) 20 66 65 71 35 9 51 104(-0.00, 25.06) 0(0.00, 0.00)
route 3, node_num 13, cost 85.277697, nodes: 0(67.12, 67.12) 6 114(50.84, 67.12) 59 98 100 43 115(37.14, 39.01) 15 42 87 13 0(0.00, 0.00)
route 4, node_num 14, cost 77.136664, nodes: 0(67.12, 67.12) 89 60 5 84 17 61 93 99 97 95 114(4.85, 14.87) 94 0(-0.00, -0.00)
route 5, node_num 11, cost 105.432412, nodes: 0(67.12, 67.12) 56 23 67 39 119(6.50, 44.81) 4 72 73 26 0(0.00, 0.00)
route 6, node_num 13, cost 112.142642, nodes: 0(67.12, 67.12) 8 45 111(33.05, 63.49) 46 36 47 48 82 18 110(12.16, 26.75) 83 0(0.00, 0.00)
route 7, node_num 14, cost 105.020682, nodes: 0(67.12, 67.12) 96 85 91 112(39.47, 50.16) 16 44 14 38 86 112(-0.00, 27.21) 37 92 0(0.00, 0.00)
route 8, node_num 13, cost 89.572417, nodes: 0(67.12, 67.12) 1 104(41.89, 64.34) 33 81 34 78 79 3 50 76 28 0(-0.00, -0.00)
route 9, node_num 12, cost 101.467584, nodes: 0(67.12, 67.12) 68 80 54 120(26.25, 60.59) 25 55 24 29 77 12 0(0.00, 0.00)
route 10, node_num 11, cost 114.500769, nodes: 0(67.12, 67.12) 31 106(42.38, 67.12) 63 11 64 49 19 108(3.81, 26.45) 88 0(0.00, 0.00)
vehicle (route) number: 11
Total cost: 12070.04
12085.52, 632.91
13081.12, 230.40
13075.49, 139.05
13081.76, 371.45
12088.62, 361.81
12078.96, 145.32
12070.04, 197.62
12086.92, 287.18
13084.36, 183.28
12095.44, 160.49
