Details of the solution:
route 0, node_num 11, cost 137.815145, nodes: 0(79.69, 79.69) 118(41.61, 72.72) 76 63 85 33 30 120(12.52, 39.53) 50 67 0(0.00, 0.00)
route 1, node_num 8, cost 112.105482, nodes: 0(79.69, 79.69) 66 64 84 89 118(6.13, 38.54) 51 0(0.00, 0.00)
route 2, node_num 13, cost 119.832644, nodes: 0(79.69, 79.69) 104(47.04, 65.22) 42 44 36 37 38 39 43 40 35 104(10.69, 32.65) 0(0.00, 0.00)
route 3, node_num 8, cost 78.672364, nodes: 0(79.69, 79.69) 55 2 4 45 70 68 0(1.02, 1.02)
route 4, node_num 12, cost 135.842208, nodes: 0(79.69, 79.69) 116(60.66, 79.69) 57 58 77 23 25 21 48 18 117(2.69, 39.81) 0(0.00, 0.00)
route 5, node_num 12, cost 135.269387, nodes: 0(79.69, 79.69) 62 120(41.05, 79.69) 32 28 26 31 27 29 34 120(21.53, 38.47) 0(0.00, 0.00)
route 6, node_num 7, cost 51.236645, nodes: 0(79.69, 79.69) 80 91 95 56 92 0(28.45, 28.45)
route 7, node_num 13, cost 115.451738, nodes: 0(79.69, 79.69) 69 110(56.15, 79.69) 60 79 7 8 3 5 1 106(23.44, 35.66) 61 0(0.00, 0.00)
route 8, node_num 10, cost 83.909429, nodes: 0(79.69, 79.69) 65 52 99 114(47.27, 51.49) 88 98 82 90 0(0.00, 0.00)
route 9, node_num 13, cost 111.723056, nodes: 0(79.69, 79.69) 112(46.67, 79.69) 9 13 11 10 12 15 16 17 47 53 0(0.98, 0.98)
route 10, node_num 11, cost 98.405173, nodes: 0(79.69, 79.69) 94 93 71 72 41 104(25.54, 48.75) 54 96 81 0(4.49, 4.49)
route 11, node_num 10, cost 122.290982, nodes: 0(79.69, 79.69) 112(46.67, 79.69) 87 59 97 75 74 86 114(9.52, 19.10) 0(0.00, 0.00)
route 12, node_num 10, cost 124.311633, nodes: 0(79.69, 79.69) 14 78 111(25.93, 36.05) 73 6 46 108(0.00, 34.50) 100 0(0.00, 0.00)
route 13, node_num 9, cost 83.441121, nodes: 0(79.69, 79.69) 116(60.66, 79.69) 24 22 19 49 20 83 0(15.28, 15.28)
vehicle (route) number: 14
Total cost: 15510.31
15520.97, 176.91
16542.12, 174.01
15511.95, 269.87
15516.12, 416.89
15510.31, 223.98
15516.12, 311.86
15513.23, 200.68
15522.45, 366.09
15510.31, 269.81
15519.33, 156.02
