Details of the solution:
route 0, node_num 11, cost 130.368406, nodes: 0(79.69, 79.69) 62 120(41.05, 79.69) 32 31 26 27 29 34 120(26.43, 38.47) 0(0.00, 0.00)
route 1, node_num 9, cost 89.839552, nodes: 0(79.69, 79.69) 93 71 72 41 104(27.22, 50.43) 54 81 0(13.06, 13.06)
route 2, node_num 9, cost 64.723676, nodes: 0(79.69, 79.69) 80 91 95 56 92 94 96 0(14.97, 14.97)
route 3, node_num 9, cost 135.949218, nodes: 0(79.69, 79.69) 115(40.79, 77.95) 58 75 77 74 86 114(-0.00, 19.10) 0(0.00, 0.00)
route 4, node_num 10, cost 83.352877, nodes: 0(79.69, 79.69) 66 64 49 22 24 83 116(16.70, 20.37) 90 0(-0.00, -0.00)
route 5, node_num 7, cost 106.906107, nodes: 0(79.69, 79.69) 84 85 89 118(11.32, 38.54) 51 0(0.00, 0.00)
route 6, node_num 13, cost 119.832644, nodes: 0(79.69, 79.69) 104(47.04, 65.22) 42 44 36 37 38 39 43 40 35 104(10.69, 32.65) 0(0.00, 0.00)
route 7, node_num 11, cost 137.681361, nodes: 0(79.69, 79.69) 69 110(56.15, 71.11) 79 78 73 7 46 108(5.44, 48.47) 60 0(0.00, 0.00)
route 8, node_num 12, cost 136.139423, nodes: 0(79.69, 79.69) 116(60.66, 79.69) 57 19 18 23 25 20 21 48 117(2.39, 39.81) 0(0.00, 0.00)
route 9, node_num 9, cost 92.011097, nodes: 0(79.69, 79.69) 65 52 99 114(47.27, 59.59) 88 82 98 0(0.00, 0.00)
route 10, node_num 11, cost 128.038508, nodes: 0(79.69, 79.69) 53 14 13 47 12 15 113(2.35, 50.70) 16 17 0(0.00, 0.00)
route 11, node_num 14, cost 115.186862, nodes: 0(79.69, 79.69) 100 108(45.19, 79.69) 45 4 2 6 8 3 5 1 106(34.66, 35.66) 61 0(0.00, 0.00)
route 12, node_num 11, cost 139.696242, nodes: 0(79.69, 79.69) 118(41.61, 72.72) 76 63 119(49.64, 78.54) 33 30 28 50 67 0(0.00, 0.00)
route 13, node_num 11, cost 137.067023, nodes: 0(79.69, 79.69) 114(60.59, 79.69) 59 87 112(44.80, 63.97) 10 11 9 97 114(-0.00, 19.10) 0(0.00, 0.00)
route 14, node_num 5, cost 44.733396, nodes: 0(79.69, 79.69) 55 70 68 0(34.96, 34.96)
vehicle (route) number: 15
Total cost: 16661.53
17674.14, 112.57
17661.86, 109.07
17648.99, 137.67
17667.54, 80.09
17654.00, 146.60
17664.16, 185.61
16661.53, 308.57
17661.92, 81.45
17648.99, 222.47
16685.82, 138.11
