Details of the solution:
route 0, node_num 11, cost 127.520571, nodes: 0(79.69, 79.69) 93 71 72 102(27.00, 74.83) 34 50 67 94 92 0(0.00, 0.00)
route 1, node_num 13, cost 103.621871, nodes: 0(79.69, 79.69) 55 100 2 6 7 79 73 78 60 110(0.21, 24.14) 98 0(0.00, 0.00)
route 2, node_num 13, cost 122.760000, nodes: 0(79.69, 79.69) 66 117(39.73, 63.69) 18 48 21 23 25 77 74 86 114(0.00, 19.10) 0(0.00, 0.00)
route 3, node_num 13, cost 110.726759, nodes: 0(79.69, 79.69) 80 91 95 84 85 63 89 76 118(7.80, 38.84) 51 56 0(0.00, 0.00)
route 4, node_num 12, cost 99.364101, nodes: 0(79.69, 79.69) 69 88 53 82 90 101(27.39, 47.07) 68 81 54 96 0(0.00, 0.00)
route 5, node_num 13, cost 129.853751, nodes: 0(79.69, 79.69) 62 120(41.05, 59.71) 33 32 30 28 26 27 29 31 120(6.96, 38.47) 0(0.00, 0.00)
route 6, node_num 11, cost 95.389734, nodes: 0(79.69, 79.69) 70 108(43.76, 59.46) 4 46 8 45 5 3 1 0(0.00, 0.00)
route 7, node_num 11, cost 98.704796, nodes: 0(79.69, 79.69) 64 116(52.99, 72.01) 57 24 22 19 49 20 83 0(0.00, 0.00)
route 8, node_num 14, cost 115.211106, nodes: 0(79.69, 79.69) 114(60.59, 79.69) 13 11 10 12 14 47 17 15 16 9 114(2.69, 19.10) 0(0.00, 0.00)
route 9, node_num 12, cost 130.781770, nodes: 0(79.69, 79.69) 65 114(59.02, 77.10) 99 52 87 59 58 75 97 112(-0.00, 33.02) 0(0.00, 0.00)
route 10, node_num 14, cost 104.060856, nodes: 0(79.69, 79.69) 104(47.04, 71.41) 42 44 43 38 37 35 36 40 39 41 61 0(0.00, 0.00)
vehicle (route) number: 11
Total cost: 12238.00
