Details of the solution:
route 0, node_num 14, cost 111.380423, nodes: 0(79.69, 79.69) 42 40 36 35 37 38 39 41 104(12.48, 44.17) 44 43 61 0(0.00, 0.00)
route 1, node_num 15, cost 104.593216, nodes: 0(79.69, 79.69) 100 2 4 46 8 7 6 45 5 3 1 106(6.15, 31.05) 70 0(-0.00, -0.00)
route 2, node_num 10, cost 77.681704, nodes: 0(79.69, 79.69) 96 94 93 71 72 54 81 68 0(2.01, 2.01)
route 3, node_num 15, cost 104.149592, nodes: 0(79.69, 79.69) 116(60.66, 63.89) 24 25 23 21 48 18 19 49 20 22 116(-0.00, 21.24) 83 0(0.00, 0.00)
route 4, node_num 14, cost 120.567929, nodes: 0(79.69, 79.69) 110(56.28, 79.47) 60 78 79 73 111(42.57, 60.26) 14 12 11 10 9 82 0(-0.00, -0.00)
route 5, node_num 13, cost 129.766860, nodes: 0(79.69, 79.69) 120(41.22, 52.83) 33 32 30 28 26 27 29 31 34 120(0.00, 38.47) 0(0.00, 0.00)
route 6, node_num 11, cost 141.759730, nodes: 0(79.69, 79.69) 86 74 115(32.73, 75.70) 77 58 75 97 59 114(-0.00, 19.10) 0(0.00, 0.00)
route 7, node_num 7, cost 45.876119, nodes: 0(79.69, 79.69) 69 98 88 55 90 0(33.81, 33.81)
route 8, node_num 10, cost 78.159145, nodes: 0(79.69, 79.69) 80 92 67 50 62 95 56 91 0(1.53, 1.53)
route 9, node_num 12, cost 114.333542, nodes: 0(79.69, 79.69) 65 66 64 51 118(34.60, 69.24) 76 89 63 85 84 0(-0.00, -0.00)
route 10, node_num 13, cost 122.205336, nodes: 0(79.69, 79.69) 99 57 52 87 112(19.94, 65.93) 13 15 16 17 47 53 0(3.47, 3.47)
vehicle (route) number: 11
Total cost: 12150.47
12169.34, 549.21
12199.38, 295.42
12167.69, 632.68
12160.92, 337.90
12159.22, 580.32
12160.66, 114.15
12162.84, 262.27
12150.47, 428.74
12150.47, 474.55
12202.54, 209.27
