Details of the solution:
route 0, node_num 11, cost 127.520571, nodes: 0(79.69, 79.69) 93 71 72 102(27.00, 74.83) 34 50 67 94 92 0(0.00, 0.00)
route 1, node_num 13, cost 122.760000, nodes: 0(79.69, 79.69) 66 117(39.73, 63.69) 18 48 21 23 25 77 74 86 114(0.00, 19.10) 0(0.00, 0.00)
route 2, node_num 14, cost 105.173063, nodes: 0(79.69, 79.69) 104(47.04, 72.52) 42 44 43 38 37 35 36 40 39 41 54 0(-0.00, -0.00)
route 3, node_num 14, cost 115.211106, nodes: 0(79.69, 79.69) 114(60.59, 79.69) 13 11 10 12 14 47 17 15 16 9 114(2.69, 19.10) 0(0.00, 0.00)
route 4, node_num 12, cost 119.354090, nodes: 0(79.69, 79.69) 69 53 78 73 79 60 110(14.07, 53.74) 88 81 96 0(-0.00, -0.00)
route 5, node_num 12, cost 130.781770, nodes: 0(79.69, 79.69) 65 114(59.02, 77.10) 99 52 87 59 58 75 97 112(-0.00, 33.02) 0(0.00, 0.00)
route 6, node_num 14, cost 103.526410, nodes: 0(79.69, 79.69) 100 2 4 6 7 8 46 45 5 3 1 106(7.21, 31.05) 0(0.00, 0.00)
route 7, node_num 13, cost 129.853751, nodes: 0(79.69, 79.69) 62 120(41.05, 59.71) 33 32 30 28 26 27 29 31 120(6.96, 38.47) 0(0.00, 0.00)
route 8, node_num 13, cost 110.726759, nodes: 0(79.69, 79.69) 80 91 95 84 85 63 89 76 118(7.80, 38.84) 51 56 0(0.00, 0.00)
route 9, node_num 9, cost 71.149655, nodes: 0(79.69, 79.69) 68 61 70 55 98 82 90 0(8.54, 8.54)
route 10, node_num 11, cost 98.704796, nodes: 0(79.69, 79.69) 64 116(52.99, 72.01) 57 24 22 19 49 20 83 0(0.00, 0.00)
vehicle (route) number: 11
Total cost: 12234.76
13244.43, 586.62
13242.02, 158.63
13243.92, 110.85
13245.59, 167.02
13251.86, 92.37
12234.76, 630.47
12257.48, 192.40
13256.50, 121.16
13244.07, 173.98
13259.60, 90.69
