Details of the solution:
route 0, node_num 7, cost 1199.534000, nodes: 0(120000.00, 120000.00) 1023 422 8 957 479 405 0(34319.00, 34319.00)
route 1, node_num 8, cost 945.126000, nodes: 0(120000.00, 120000.00) 760 340 168 927 187 886 0(52491.00, 52491.00)
route 2, node_num 9, cost 1451.058000, nodes: 0(120000.00, 120000.00) 885 576 137 323 283 693 1053 1098(34196.00, 34196.00) 0(16353.00, 16353.00)
route 3, node_num 9, cost 1530.032000, nodes: 0(120000.00, 120000.00) 1023(116496.00, 120000.00) 259 339 821 251 227 1098(32059.00, 32059.00) 0(14216.00, 14216.00)
route 4, node_num 8, cost 1126.776000, nodes: 0(120000.00, 120000.00) 1023 178 86 1053 815 908 20 865 0(39516.00, 39516.00)
route 5, node_num 7, cost 1185.240000, nodes: 0(120000.00, 120000.00) 1023 653 870 803 500 590 0(35340.00, 35340.00)
route 6, node_num 8, cost 923.034000, nodes: 0(120000.00, 120000.00) 1023 889 246 351 505 434 873 1095 0(54069.00, 54069.00)
route 7, node_num 8, cost 1029.196000, nodes: 0(120000.00, 120000.00) 1023 147 443 664 39 781 984 0(46486.00, 46486.00)
route 8, node_num 7, cost 1129.170000, nodes: 0(120000.00, 120000.00) 1023 123 971 811 537 1053 271 1098 0(39345.00, 39345.00)
route 9, node_num 7, cost 1439.998000, nodes: 0(120000.00, 120000.00) 411 893 795 121 381 0(17143.00, 17143.00)
route 10, node_num 8, cost 1085.574000, nodes: 0(120000.00, 120000.00) 1023 1003 725 364 732 188 1074 203 577 0(42459.00, 42459.00)
route 11, node_num 9, cost 1393.994000, nodes: 0(120000.00, 120000.00) 135 793 199 226 506 661 1009 1098(38272.00, 38272.00) 0(20429.00, 20429.00)
route 12, node_num 7, cost 1289.232000, nodes: 0(120000.00, 120000.00) 1023 912 60 1084 363 903 207 0(27912.00, 27912.00)
route 13, node_num 8, cost 1330.294000, nodes: 0(120000.00, 120000.00) 1023 1003 1009 715 596 780 1009 630 611 159 1023 0(24979.00, 24979.00)
route 14, node_num 7, cost 1339.702000, nodes: 0(120000.00, 120000.00) 1023 400 302 349 937 650 0(24307.00, 24307.00)
route 15, node_num 8, cost 1150.632000, nodes: 0(120000.00, 120000.00) 1023 790 627 298 262 714 253 0(37812.00, 37812.00)
route 16, node_num 8, cost 1331.190000, nodes: 0(120000.00, 120000.00) 133 914 816 549 895 697 0(24915.00, 24915.00)
route 17, node_num 8, cost 1226.176000, nodes: 0(120000.00, 120000.00) 1023 175 321 676 665 370 256 1097 0(32416.00, 32416.00)
route 18, node_num 8, cost 943.110000, nodes: 0(120000.00, 120000.00) 1023 465 769 490 110 115 42 1023 0(52635.00, 52635.00)
route 19, node_num 8, cost 1145.326000, nodes: 0(120000.00, 120000.00) 1057 119 173 936 156 72 844 0(38191.00, 38191.00)
route 20, node_num 7, cost 929.082000, nodes: 0(120000.00, 120000.00) 1057 762 64 375 130 707 0(53637.00, 53637.00)
route 21, node_num 8, cost 1573.222000, nodes: 0(120000.00, 120000.00) 204 305 981 845 952 95 1018 0(7627.00, 7627.00)
route 22, node_num 6, cost 975.758000, nodes: 0(120000.00, 120000.00) 1023 1003 565 17 169 301 0(50303.00, 50303.00)
route 23, node_num 8, cost 1207.402000, nodes: 0(120000.00, 120000.00) 1057 174 991 438 842 916 53 1080 0(33757.00, 33757.00)
route 24, node_num 7, cost 793.590000, nodes: 0(120000.00, 120000.00) 1023 913 898 63 324 342 0(63315.00, 63315.00)
route 25, node_num 7, cost 881.076000, nodes: 0(120000.00, 120000.00) 1023 970 196 833 88 37 1057 0(57066.00, 57066.00)
route 26, node_num 7, cost 599.816000, nodes: 0(120000.00, 120000.00) 659 675 1098 514 459 968 0(77156.00, 77156.00)
route 27, node_num 8, cost 643.510000, nodes: 0(120000.00, 120000.00) 7 403 441 82 804 216 0(74035.00, 74035.00)
route 28, node_num 7, cost 657.580000, nodes: 0(120000.00, 120000.00) 1023 502 217 826 384 300 0(73030.00, 73030.00)
route 29, node_num 8, cost 772.464000, nodes: 0(120000.00, 120000.00) 1023 326 778 280 140 354 634 0(64824.00, 64824.00)
route 30, node_num 8, cost 611.632000, nodes: 0(120000.00, 120000.00) 1095 703 557 846 853 602 464 0(76312.00, 76312.00)
route 31, node_num 8, cost 659.736000, nodes: 0(120000.00, 120000.00) 1057 544 46 295 314 206 758 0(72876.00, 72876.00)
route 32, node_num 7, cost 583.072000, nodes: 0(120000.00, 120000.00) 1023 266 745 942 499 65 1023 0(78352.00, 78352.00)
route 33, node_num 8, cost 660.170000, nodes: 0(120000.00, 120000.00) 1023 453 939 136 994 906 724 1003 0(72845.00, 72845.00)
route 34, node_num 8, cost 1078.490000, nodes: 0(120000.00, 120000.00) 296 142 851 312 961 674 0(42965.00, 42965.00)
route 35, node_num 6, cost 735.378000, nodes: 0(120000.00, 120000.00) 1023 772 786 3 359 1003 0(67473.00, 67473.00)
route 36, node_num 8, cost 1072.596000, nodes: 0(120000.00, 120000.00) 1026 1041 774 736 495 282 275 404 1064 0(43386.00, 43386.00)
route 37, node_num 7, cost 737.716000, nodes: 0(120000.00, 120000.00) 541 218 879 353 1064 578 1003 0(67306.00, 67306.00)
route 38, node_num 8, cost 913.220000, nodes: 0(120000.00, 120000.00) 673 423 1032 19 240 36 138 0(54770.00, 54770.00)
route 39, node_num 8, cost 1207.584000, nodes: 0(120000.00, 120000.00) 1026 1041 713 946 18 763 493 643 0(33744.00, 33744.00)
route 40, node_num 7, cost 838.656000, nodes: 0(120000.00, 120000.00) 1023 255 524 108 413 817 0(60096.00, 60096.00)
route 41, node_num 7, cost 1060.612000, nodes: 0(120000.00, 120000.00) 1023 409 935 510 547 346 1003 0(44242.00, 44242.00)
route 42, node_num 7, cost 960.820000, nodes: 0(120000.00, 120000.00) 1023 288 335 161 237 932 0(51370.00, 51370.00)
route 43, node_num 7, cost 1309.658000, nodes: 0(120000.00, 120000.00) 1026 367 975 922 242 366 1028 1003 0(26453.00, 26453.00)
route 44, node_num 8, cost 1194.214000, nodes: 0(120000.00, 120000.00) 1026 472 792 406 929 486 192 0(34699.00, 34699.00)
route 45, node_num 8, cost 1163.974000, nodes: 0(120000.00, 120000.00) 1023 171 553 489 518 11 152 1061 0(36859.00, 36859.00)
route 46, node_num 7, cost 1183.616000, nodes: 0(120000.00, 120000.00) 1026 931 645 1089 904 580 687 1064 0(35456.00, 35456.00)
route 47, node_num 8, cost 1197.378000, nodes: 0(120000.00, 120000.00) 166 569 103 945 254 783 0(34473.00, 34473.00)
route 48, node_num 8, cost 826.770000, nodes: 0(120000.00, 120000.00) 1023 382 877 819 823 597 77 1023 0(60945.00, 60945.00)
route 49, node_num 7, cost 1306.942000, nodes: 0(120000.00, 120000.00) 1023 415 144 319 857 550 0(26647.00, 26647.00)
route 50, node_num 8, cost 1032.808000, nodes: 0(120000.00, 120000.00) 1026 1075 55 860 807 457 1000 164 0(46228.00, 46228.00)
route 51, node_num 8, cost 1251.628000, nodes: 0(120000.00, 120000.00) 1026 154 446 287 396 947 307 0(30598.00, 30598.00)
route 52, node_num 8, cost 1294.426000, nodes: 0(120000.00, 120000.00) 1026 1041 880 90 421 617 1036 508 1036 632 0(27541.00, 27541.00)
route 53, node_num 8, cost 1004.038000, nodes: 0(120000.00, 120000.00) 1023 267 678 940 978 371 50 1061 0(48283.00, 48283.00)
route 54, node_num 7, cost 1543.080000, nodes: 0(120000.00, 120000.00) 294 482 620 584 224 0(9780.00, 9780.00)
route 55, node_num 7, cost 1568.938000, nodes: 0(120000.00, 120000.00) 1021 230 437 969 748 668 1007 0(7933.00, 7933.00)
route 56, node_num 9, cost 1771.882000, nodes: 0(120000.00, 120000.00) 1026 1041 284 158 861 683 477 194 1078 1036 1003(2552.00, 9115.00) 0(0.00, 0.00)
route 57, node_num 7, cost 1251.586000, nodes: 0(120000.00, 120000.00) 539 183 615 868 157 0(30601.00, 30601.00)
route 58, node_num 10, cost 1459.556000, nodes: 0(120000.00, 120000.00) 1021(81946.00, 81946.00) 485 700 750 854 51 66 1023(20260.00, 20260.00) 0(15746.00, 15746.00)
route 59, node_num 8, cost 1480.416000, nodes: 0(120000.00, 120000.00) 1021 593 706 680 609 436 219 0(14256.00, 14256.00)
route 60, node_num 9, cost 1563.828000, nodes: 0(120000.00, 120000.00) 1021 878 141 890 862 428 831 1050 1064(27632.00, 27632.00) 0(8298.00, 8298.00)
route 61, node_num 9, cost 1645.098000, nodes: 0(120000.00, 120000.00) 797 470 167 412 849 911 1064(21827.00, 21827.00) 0(2493.00, 2493.00)
route 62, node_num 9, cost 1600.214000, nodes: 0(120000.00, 120000.00) 1021(81946.00, 81946.00) 478 682 629 73 589 1081(42565.00, 42565.00) 1003 0(5699.00, 5699.00)
route 63, node_num 8, cost 1464.820000, nodes: 0(120000.00, 120000.00) 289 293 1029 358 572 905 608 0(15370.00, 15370.00)
route 64, node_num 7, cost 1513.904000, nodes: 0(120000.00, 120000.00) 1026 1041 814 896 998 850 180 1023 0(11864.00, 11864.00)
route 65, node_num 7, cost 1140.006000, nodes: 0(120000.00, 120000.00) 672 1043 235 163 974 114 0(38571.00, 38571.00)
route 66, node_num 8, cost 1466.892000, nodes: 0(120000.00, 120000.00) 1026 1041 68 232 334 444 1007 407 921 0(15222.00, 15222.00)
route 67, node_num 7, cost 1270.794000, nodes: 0(120000.00, 120000.00) 1026 1041 454 481 592 484 122 0(29229.00, 29229.00)
route 68, node_num 8, cost 1284.794000, nodes: 0(120000.00, 120000.00) 1026 604 651 884 785 840 995 0(28229.00, 28229.00)
route 69, node_num 8, cost 1261.134000, nodes: 0(120000.00, 120000.00) 876 352 726 962 959 866 0(29919.00, 29919.00)
route 70, node_num 7, cost 1272.348000, nodes: 0(120000.00, 120000.00) 533 220 554 722 649 0(29118.00, 29118.00)
route 71, node_num 8, cost 1308.216000, nodes: 0(120000.00, 120000.00) 955 40 777 887 376 631 0(26556.00, 26556.00)
route 72, node_num 8, cost 1104.992000, nodes: 0(120000.00, 120000.00) 1023 31 626 727 332 888 105 0(41072.00, 41072.00)
route 73, node_num 8, cost 1011.892000, nodes: 0(120000.00, 120000.00) 1023 999 740 190 345 320 749 1003 0(47722.00, 47722.00)
route 74, node_num 7, cost 1291.150000, nodes: 0(120000.00, 120000.00) 1028 101 918 586 717 172 1023 0(27775.00, 27775.00)
route 75, node_num 8, cost 1221.640000, nodes: 0(120000.00, 120000.00) 1023 116 1012 386 690 699 965 269 1012 0(32740.00, 32740.00)
route 76, node_num 7, cost 1326.486000, nodes: 0(120000.00, 120000.00) 1023 587 193 768 315 75 0(25251.00, 25251.00)
route 77, node_num 8, cost 1239.966000, nodes: 0(120000.00, 120000.00) 1028 388 468 738 1042 94 456 184 1092 1003 0(31431.00, 31431.00)
route 78, node_num 8, cost 1399.160000, nodes: 0(120000.00, 120000.00) 1023 992 953 69 761 129 688 1012 0(20060.00, 20060.00)
route 79, node_num 8, cost 864.374000, nodes: 0(120000.00, 120000.00) 1023 692 496 963 599 956 205 1056 0(58259.00, 58259.00)
route 80, node_num 8, cost 1155.392000, nodes: 0(120000.00, 120000.00) 1023 56 633 567 273 127 949 0(37472.00, 37472.00)
route 81, node_num 6, cost 1249.080000, nodes: 0(120000.00, 120000.00) 1023 362 925 976 487 1015 0(30780.00, 30780.00)
route 82, node_num 7, cost 1033.396000, nodes: 0(120000.00, 120000.00) 1023 657 806 304 74 1048 660 0(46186.00, 46186.00)
route 83, node_num 6, cost 1094.898000, nodes: 0(120000.00, 120000.00) 1023 588 754 447 62 1061 0(41793.00, 41793.00)
route 84, node_num 8, cost 1279.096000, nodes: 0(120000.00, 120000.00) 1023 843 331 337 695 718 934 0(28636.00, 28636.00)
route 85, node_num 8, cost 1010.548000, nodes: 0(120000.00, 120000.00) 1023 867 27 272 933 399 278 1015 0(47818.00, 47818.00)
route 86, node_num 8, cost 885.766000, nodes: 0(120000.00, 120000.00) 1023 813 536 958 509 379 983 0(56731.00, 56731.00)
route 87, node_num 8, cost 1089.690000, nodes: 0(120000.00, 120000.00) 1023 708 1015 689 711 397 448 647 1015 0(42165.00, 42165.00)
route 88, node_num 8, cost 1397.116000, nodes: 0(120000.00, 120000.00) 1023 102 990 623 260 897 503 1096 0(20206.00, 20206.00)
route 89, node_num 8, cost 1141.630000, nodes: 0(120000.00, 120000.00) 1023 213 606 600 58 979 770 0(38455.00, 38455.00)
route 90, node_num 9, cost 1653.820000, nodes: 0(120000.00, 120000.00) 1028(89498.00, 93498.00) 316 825 686 202 197 1011(51862.00, 51862.00) 1003 0(5870.00, 5870.00)
route 91, node_num 7, cost 1275.176000, nodes: 0(120000.00, 120000.00) 757 555 997 148 170 0(28916.00, 28916.00)
route 92, node_num 8, cost 1484.098000, nodes: 0(120000.00, 120000.00) 1023 318 948 185 527 491 667 1011 1003 0(13993.00, 13993.00)
route 93, node_num 10, cost 1655.724000, nodes: 0(120000.00, 120000.00) 1023(116496.00, 116496.00) 564 744 452 181 281 656 1052 1011(47726.00, 47726.00) 1003 0(1734.00, 1734.00)
route 94, node_num 9, cost 1835.708000, nodes: 0(120000.00, 120000.00) 1023 1077(100490.00, 107098.00) 160 601 512 960 83 1023(0.00, 4514.00) 0(0.00, 0.00)
route 95, node_num 9, cost 1693.300000, nodes: 0(120000.00, 120000.00) 1023 1077(100490.00, 120000.00) 694 426 710 233 32 1011(64552.00, 64552.00) 1003 0(18560.00, 18560.00)
route 96, node_num 9, cost 1827.378000, nodes: 0(120000.00, 120000.00) 1023 84 625 881 79 805 613 1025(33445.00, 43972.00) 1003 0(0.00, 0.00)
route 97, node_num 11, cost 1767.220000, nodes: 0(120000.00, 120000.00) 1028(89498.00, 89498.00) 149 474 1052(58365.00, 60109.00) 329 684 291 125 1061(0.00, 4486.00) 0(0.00, 0.00)
route 98, node_num 7, cost 1638.028000, nodes: 0(120000.00, 120000.00) 1023 395 610 99 466 526 0(2998.00, 2998.00)
route 99, node_num 8, cost 1309.630000, nodes: 0(120000.00, 120000.00) 126 80 285 525 909 165 1003 0(26455.00, 26455.00)
route 100, node_num 10, cost 1777.790000, nodes: 0(120000.00, 120000.00) 1023(116496.00, 118995.00) 988 223 429 460 215 45 1061(0.00, 4486.00) 0(0.00, 0.00)
route 101, node_num 7, cost 1300.656000, nodes: 0(120000.00, 120000.00) 1023 231 1068 432 373 875 279 1044 1003 0(27096.00, 27096.00)
route 102, node_num 9, cost 1670.928000, nodes: 0(120000.00, 120000.00) 1023 1044(78713.00, 78713.00) 511 874 476 743 369 1085 1044(41288.00, 41288.00) 1003 0(648.00, 648.00)
route 103, node_num 7, cost 1660.162000, nodes: 0(120000.00, 120000.00) 1023 198 926 5 504 107 0(1417.00, 1417.00)
route 104, node_num 8, cost 1700.524000, nodes: 0(120000.00, 120000.00) 1023 1003 348 132 186 989 944 1003(7649.00, 9115.00) 0(0.00, 0.00)
route 105, node_num 9, cost 1715.812000, nodes: 0(120000.00, 120000.00) 1028(89498.00, 120000.00) 418 356 145 941 730 1047(76758.00, 76758.00) 1003 0(27944.00, 27944.00)
route 106, node_num 9, cost 1826.594000, nodes: 0(120000.00, 120000.00) 755 26 162 709 128 378 1051(47451.00, 57922.00) 1003 0(0.00, 0.00)
route 107, node_num 9, cost 1811.236000, nodes: 0(120000.00, 120000.00) 1023 431 355 652 923 701 176 1056(14004.00, 23378.00) 0(0.00, 0.00)
route 108, node_num 8, cost 1777.552000, nodes: 0(120000.00, 120000.00) 1023 791 368 33 29 900 1088 1011(39024.00, 45992.00) 1003 0(0.00, 0.00)
route 109, node_num 8, cost 1082.522000, nodes: 0(120000.00, 120000.00) 1023 38 973 225 22 416 836 0(42677.00, 42677.00)
route 110, node_num 8, cost 1263.388000, nodes: 0(120000.00, 120000.00) 1023 131 928 372 258 211 263 1073 0(29758.00, 29758.00)
route 111, node_num 8, cost 1181.264000, nodes: 0(120000.00, 120000.00) 1023 739 239 729 112 191 390 1003 0(35624.00, 35624.00)
route 112, node_num 8, cost 882.462000, nodes: 0(120000.00, 120000.00) 1023 621 25 471 685 257 573 0(56967.00, 56967.00)
route 113, node_num 8, cost 827.694000, nodes: 0(120000.00, 120000.00) 1023 855 195 387 809 628 98 0(60879.00, 60879.00)
route 114, node_num 7, cost 1215.662000, nodes: 0(120000.00, 120000.00) 1023 87 52 252 859 920 0(33167.00, 33167.00)
route 115, node_num 8, cost 1050.266000, nodes: 0(120000.00, 120000.00) 1023 598 344 1015 313 410 641 663 0(44981.00, 44981.00)
route 116, node_num 8, cost 859.446000, nodes: 0(120000.00, 120000.00) 1023 614 535 734 636 417 1092 798 1092 1003 0(58611.00, 58611.00)
route 117, node_num 8, cost 1137.724000, nodes: 0(120000.00, 120000.00) 1023 6 801 901 35 414 540 1082 0(38734.00, 38734.00)
route 118, node_num 8, cost 1017.226000, nodes: 0(120000.00, 120000.00) 1023 822 2 618 299 538 317 1076 0(47341.00, 47341.00)
route 119, node_num 8, cost 968.646000, nodes: 0(120000.00, 120000.00) 1023 328 863 4 380 658 361 1067 1003 0(50811.00, 50811.00)
route 120, node_num 8, cost 979.454000, nodes: 0(120000.00, 120000.00) 543 139 767 389 385 71 1023 0(50039.00, 50039.00)
route 121, node_num 8, cost 1114.834000, nodes: 0(120000.00, 120000.00) 1023 228 646 394 528 552 721 1073 0(40369.00, 40369.00)
route 122, node_num 7, cost 1046.220000, nodes: 0(120000.00, 120000.00) 1023 899 430 759 520 902 0(45270.00, 45270.00)
route 123, node_num 7, cost 1089.396000, nodes: 0(120000.00, 120000.00) 1023 558 522 1082 579 516 97 0(42186.00, 42186.00)
route 124, node_num 8, cost 1091.608000, nodes: 0(120000.00, 120000.00) 1023 497 44 820 81 548 47 1076 0(42028.00, 42028.00)
route 125, node_num 7, cost 862.778000, nodes: 0(120000.00, 120000.00) 1023 776 391 563 581 993 1003 0(58373.00, 58373.00)
route 126, node_num 7, cost 875.084000, nodes: 0(120000.00, 120000.00) 1023 333 210 642 9 702 1003 0(57494.00, 57494.00)
route 127, node_num 8, cost 1414.910000, nodes: 0(120000.00, 120000.00) 1023 591 222 954 214 488 871 0(18935.00, 18935.00)
route 128, node_num 9, cost 1721.972000, nodes: 0(120000.00, 120000.00) 1024(78004.00, 90004.00) 691 696 894 639 28 1084(47891.00, 47891.00) 1003 0(9002.00, 9002.00)
route 129, node_num 9, cost 1561.378000, nodes: 0(120000.00, 120000.00) 1024(78004.00, 78004.00) 546 85 276 915 13 1061(12959.00, 12959.00) 0(8473.00, 8473.00)
route 130, node_num 7, cost 1464.050000, nodes: 0(120000.00, 120000.00) 1023 1003 442 648 1090 704 151 1068 751 1068 0(15425.00, 15425.00)
route 131, node_num 7, cost 1147.244000, nodes: 0(120000.00, 120000.00) 1023 146 383 799 802 76 0(38054.00, 38054.00)
route 132, node_num 7, cost 1501.850000, nodes: 0(120000.00, 120000.00) 1024 619 517 49 392 638 1097 0(12725.00, 12725.00)
route 133, node_num 9, cost 1656.270000, nodes: 0(120000.00, 120000.00) 1024 1086(74448.00, 114448.00) 350 229 439 794 856 1013(90591.00, 90591.00) 1003 0(41695.00, 41695.00)
route 134, node_num 8, cost 1481.802000, nodes: 0(120000.00, 120000.00) 1024 972 950 208 747 54 425 1013 1003 0(14157.00, 14157.00)
route 135, node_num 7, cost 1535.408000, nodes: 0(120000.00, 120000.00) 1023 681 91 483 800 182 0(10328.00, 10328.00)
route 136, node_num 8, cost 1569.946000, nodes: 0(120000.00, 120000.00) 1023 892 719 622 872 530 741 1097 0(7861.00, 7861.00)
route 137, node_num 7, cost 1450.554000, nodes: 0(120000.00, 120000.00) 1024 449 1005 812 810 104 401 0(16389.00, 16389.00)
route 138, node_num 8, cost 1491.434000, nodes: 0(120000.00, 120000.00) 1023 1003 585 735 507 637 575 59 0(13469.00, 13469.00)
route 139, node_num 7, cost 1408.484000, nodes: 0(120000.00, 120000.00) 1023 15 1065 788 996 96 234 1017 0(19394.00, 19394.00)
route 140, node_num 8, cost 1447.796000, nodes: 0(120000.00, 120000.00) 1023 303 308 835 264 771 265 0(16586.00, 16586.00)
route 141, node_num 7, cost 1253.868000, nodes: 0(120000.00, 120000.00) 1023 120 883 89 818 106 0(30438.00, 30438.00)
route 142, node_num 8, cost 1459.164000, nodes: 0(120000.00, 120000.00) 1057 779 1 864 243 666 852 0(15774.00, 15774.00)
route 143, node_num 7, cost 1449.252000, nodes: 0(120000.00, 120000.00) 1024 669 746 435 325 48 1045 0(16482.00, 16482.00)
route 144, node_num 8, cost 1671.964000, nodes: 0(120000.00, 120000.00) 1023 408 720 143 236 134 521 0(574.00, 574.00)
route 145, node_num 8, cost 1397.172000, nodes: 0(120000.00, 120000.00) 1023 492 16 847 179 607 1068 34 1003 0(20202.00, 20202.00)
route 146, node_num 9, cost 1809.108000, nodes: 0(120000.00, 120000.00) 1024(78004.00, 78004.00) 635 644 494 827 562 1013(39674.00, 48896.00) 1003 0(0.00, 0.00)
route 147, node_num 8, cost 1639.876000, nodes: 0(120000.00, 120000.00) 1021 245 67 420 677 787 1064(22200.00, 22200.00) 0(2866.00, 2866.00)
route 148, node_num 7, cost 1253.322000, nodes: 0(120000.00, 120000.00) 1022 515 1022 150 250 773 712 1022 1003 0(30477.00, 30477.00)
route 149, node_num 8, cost 1430.142000, nodes: 0(120000.00, 120000.00) 1028 987 402 365 560 834 248 1042 0(17847.00, 17847.00)
route 150, node_num 8, cost 1731.968000, nodes: 0(120000.00, 120000.00) 1028 534 238 330 92 118 1056(19666.00, 23378.00) 0(0.00, 0.00)
route 151, node_num 9, cost 1730.540000, nodes: 0(120000.00, 120000.00) 1028(89498.00, 89498.00) 480 917 292 41 209 1047(45204.00, 48814.00) 1003 0(0.00, 0.00)
route 152, node_num 8, cost 1661.100000, nodes: 0(120000.00, 120000.00) 1028 100 986 924 742 616 624 1019 1003 0(1350.00, 1350.00)
route 153, node_num 9, cost 1597.764000, nodes: 0(120000.00, 120000.00) 756 832 570 698 723 463 1039 1003(14989.00, 14989.00) 0(5874.00, 5874.00)
route 154, node_num 7, cost 1418.858000, nodes: 0(120000.00, 120000.00) 1023 737 753 574 980 839 0(18653.00, 18653.00)
route 155, node_num 8, cost 1364.930000, nodes: 0(120000.00, 120000.00) 1022 393 377 542 523 155 752 1028 1003 0(22505.00, 22505.00)
route 156, node_num 9, cost 1575.462000, nodes: 0(120000.00, 120000.00) 1023 595 1028 594 519 433 529 679 1028 1003(16582.00, 16582.00) 0(7467.00, 7467.00)
route 157, node_num 8, cost 1531.110000, nodes: 0(120000.00, 120000.00) 1022(83916.00, 120000.00) 461 951 427 764 113 0(46719.00, 46719.00)
route 158, node_num 8, cost 1354.528000, nodes: 0(120000.00, 120000.00) 1023 571 662 274 200 1004 766 30 1042 0(23248.00, 23248.00)
route 159, node_num 9, cost 1557.808000, nodes: 0(120000.00, 120000.00) 1023 475 1003 513 177 43 244 782 1081(45594.00, 45594.00) 1003 0(8728.00, 8728.00)
route 160, node_num 9, cost 1497.874000, nodes: 0(120000.00, 120000.00) 1022(83916.00, 83916.00) 424 322 78 440 309 1039 1003(22124.00, 22124.00) 0(13009.00, 13009.00)
route 161, node_num 10, cost 1532.510000, nodes: 0(120000.00, 120000.00) 1022(83916.00, 83916.00) 982 848 1087(67234.00, 67234.00) 531 828 10 1028 1003(19650.00, 19650.00) 0(10535.00, 10535.00)
route 162, node_num 8, cost 605.360000, nodes: 0(120000.00, 120000.00) 1010 830 985 297 910 977 70 0(76760.00, 76760.00)
route 163, node_num 7, cost 869.988000, nodes: 0(120000.00, 120000.00) 1026 551 473 419 1064 559 943 0(57858.00, 57858.00)
route 164, node_num 8, cost 368.312000, nodes: 0(120000.00, 120000.00) 566 841 338 221 189 12 0(93692.00, 93692.00)
route 165, node_num 8, cost 436.156000, nodes: 0(120000.00, 120000.00) 882 765 568 498 111 837 0(88846.00, 88846.00)
route 166, node_num 7, cost 374.612000, nodes: 0(120000.00, 120000.00) 838 967 784 964 467 0(93242.00, 93242.00)
route 167, node_num 7, cost 446.894000, nodes: 0(120000.00, 120000.00) 1023 261 532 249 124 201 0(88079.00, 88079.00)
route 168, node_num 7, cost 276.360000, nodes: 0(120000.00, 120000.00) 891 450 1023 347 455 462 0(100260.00, 100260.00)
route 169, node_num 7, cost 1036.406000, nodes: 0(120000.00, 120000.00) 1023 545 605 775 654 705 1026 0(45971.00, 45971.00)
route 170, node_num 6, cost 620.900000, nodes: 0(120000.00, 120000.00) 21 93 858 153 0(75650.00, 75650.00)
route 171, node_num 6, cost 291.396000, nodes: 0(120000.00, 120000.00) 57 398 311 808 0(99186.00, 99186.00)
route 172, node_num 9, cost 464.422000, nodes: 0(120000.00, 120000.00) 671 357 23 938 212 458 14 0(86827.00, 86827.00)
route 173, node_num 7, cost 236.026000, nodes: 0(120000.00, 120000.00) 583 829 603 327 286 0(103141.00, 103141.00)
route 174, node_num 8, cost 685.860000, nodes: 0(120000.00, 120000.00) 24 612 796 270 670 61 1003 0(71010.00, 71010.00)
route 175, node_num 8, cost 435.722000, nodes: 0(120000.00, 120000.00) 869 716 445 561 310 501 0(88877.00, 88877.00)
route 176, node_num 7, cost 272.300000, nodes: 0(120000.00, 120000.00) 731 824 907 556 1057 277 0(100550.00, 100550.00)
route 177, node_num 9, cost 580.832000, nodes: 0(120000.00, 120000.00) 1023 290 728 451 343 241 919 306 0(78512.00, 78512.00)
route 178, node_num 8, cost 559.930000, nodes: 0(120000.00, 120000.00) 1023 341 966 247 469 336 733 0(80005.00, 80005.00)
route 179, node_num 7, cost 795.228000, nodes: 0(120000.00, 120000.00) 1026 640 930 655 374 117 1023 0(63198.00, 63198.00)
route 180, node_num 7, cost 656.838000, nodes: 0(120000.00, 120000.00) 1023 1003 582 268 789 109 360 1003 0(73083.00, 73083.00)
vehicle (route) number: 181
Total cost: 270788.78
276111.40, 32408.54
273944.84, 32420.90
274320.02, 32487.51
273631.29, 32408.45
274078.60, 32412.23
270788.78, 32406.37
272676.22, 32424.77
271598.61, 32410.47
272173.23, 32412.49
272628.17, 32426.56
