Details of the solution:
route 0, node_num 9, cost 559.496000, nodes: 0(120000.00, 120000.00) 839 247 341 82 441 864 42 1091 0(80036.00, 80036.00)
route 1, node_num 9, cost 626.766000, nodes: 0(120000.00, 120000.00) 1004 850 1091 475 403 384 1043 147 1030 123 336 1091 0(75231.00, 75231.00)
route 2, node_num 6, cost 287.350000, nodes: 0(120000.00, 120000.00) 277 315 1012 138 467 0(99475.00, 99475.00)
route 3, node_num 8, cost 333.802000, nodes: 0(120000.00, 120000.00) 675 670 906 689 455 741 0(96157.00, 96157.00)
route 4, node_num 8, cost 521.920000, nodes: 0(120000.00, 120000.00) 1033 570 747 987 459 488 667 1033 0(82720.00, 82720.00)
route 5, node_num 8, cost 548.912000, nodes: 0(120000.00, 120000.00) 1028 1097 1038 808 23 357 458 1038 70 1038 995 0(80792.00, 80792.00)
route 6, node_num 8, cost 167.790000, nodes: 0(120000.00, 120000.00) 994 484 111 983 1004 948 908 0(108015.00, 108015.00)
route 7, node_num 7, cost 444.878000, nodes: 0(120000.00, 120000.00) 1028 762 1097 831 569 566 14 0(88223.00, 88223.00)
route 8, node_num 7, cost 338.380000, nodes: 0(120000.00, 120000.00) 1028 540 212 381 737 509 0(95830.00, 95830.00)
route 9, node_num 9, cost 409.920000, nodes: 0(120000.00, 120000.00) 1033 338 674 639 133 713 310 445 0(90720.00, 90720.00)
route 10, node_num 7, cost 220.430000, nodes: 0(120000.00, 120000.00) 189 12 973 970 216 0(104255.00, 104255.00)
route 11, node_num 9, cost 734.594000, nodes: 0(120000.00, 120000.00) 1004 888 61 587 1097 656 1038 611 512 724 1038 0(67529.00, 67529.00)
route 12, node_num 8, cost 534.996000, nodes: 0(120000.00, 120000.00) 1033 342 206 314 46 324 757 1091 0(81786.00, 81786.00)
route 13, node_num 9, cost 694.610000, nodes: 0(120000.00, 120000.00) 1033 654 280 174 140 1097 751 1097 354 297 1027 0(70385.00, 70385.00)
route 14, node_num 8, cost 585.620000, nodes: 0(120000.00, 120000.00) 1004 1058 798 621 993 726 1058 1036 241 451 0(78170.00, 78170.00)
route 15, node_num 9, cost 569.604000, nodes: 0(120000.00, 120000.00) 300 733 359 694 624 268 360 1091 0(79314.00, 79314.00)
route 16, node_num 7, cost 408.142000, nodes: 0(120000.00, 120000.00) 1012 450 109 914 767 347 0(90847.00, 90847.00)
route 17, node_num 8, cost 1363.600000, nodes: 0(120000.00, 120000.00) 1028 249 1013 1058 1036 605 681 352 486 783 0(22600.00, 22600.00)
route 18, node_num 8, cost 1033.886000, nodes: 0(120000.00, 120000.00) 1030 1043 430 1009 127 87 874 503 410 1043 0(46151.00, 46151.00)
route 19, node_num 8, cost 1116.234000, nodes: 0(120000.00, 120000.00) 1073 1020 81 916 567 638 269 897 1045 1011 1013 0(40269.00, 40269.00)
route 20, node_num 8, cost 1183.630000, nodes: 0(120000.00, 120000.00) 1030 1001 1059 536 386 129 172 986 778 1098 1045 1011 1013 0(35455.00, 35455.00)
route 21, node_num 8, cost 1248.618000, nodes: 0(120000.00, 120000.00) 1030 1043 1009 273 811 69 868 865 52 1009 1020 1073 1013 0(30813.00, 30813.00)
route 22, node_num 8, cost 876.834000, nodes: 0(120000.00, 120000.00) 1030 257 471 56 581 390 387 0(57369.00, 57369.00)
route 23, node_num 8, cost 1036.924000, nodes: 0(120000.00, 120000.00) 1030 731 1029 394 1082 385 1082 35 813 71 1020 1073 1013 0(45934.00, 45934.00)
route 24, node_num 9, cost 949.242000, nodes: 0(120000.00, 120000.00) 1030 603 893 313 504 732 414 575 1073 1013 0(52197.00, 52197.00)
route 25, node_num 8, cost 1975.022000, nodes: 0(120000.00, 120000.00) 1030 1001 1059 1074 1057 1046 1070 128 770 954 562 869 1084(25182.00, 46255.00) 1020 1073 1013 0(0.00, 0.00)
route 26, node_num 8, cost 1310.736000, nodes: 0(120000.00, 120000.00) 1073 1020 389 898 442 1002 222 814 258 1033 0(26376.00, 26376.00)
route 27, node_num 8, cost 1101.702000, nodes: 0(120000.00, 120000.00) 1030 1043 953 887 854 522 299 679 1020 1073 1013 0(41307.00, 41307.00)
route 28, node_num 8, cost 1278.858000, nodes: 0(120000.00, 120000.00) 1030 1043 211 112 231 511 97 1031 633 1009 1020 1073 1013 0(28653.00, 28653.00)
route 29, node_num 8, cost 1227.464000, nodes: 0(120000.00, 120000.00) 1030 17 855 401 514 573 146 1033 0(32324.00, 32324.00)
route 30, node_num 9, cost 993.006000, nodes: 0(120000.00, 120000.00) 1030 1008 195 734 631 263 957 253 972 1033 0(49071.00, 49071.00)
route 31, node_num 8, cost 1127.350000, nodes: 0(120000.00, 120000.00) 1030 225 58 22 730 646 771 1029 1013 0(39475.00, 39475.00)
route 32, node_num 8, cost 1127.266000, nodes: 0(120000.00, 120000.00) 1073 1020 749 901 882 821 1029 787 830 1091 0(39481.00, 39481.00)
route 33, node_num 8, cost 1068.284000, nodes: 0(120000.00, 120000.00) 191 676 34 165 779 1029 333 1033 0(43694.00, 43694.00)
route 34, node_num 8, cost 835.842000, nodes: 0(120000.00, 120000.00) 38 759 328 234 558 9 1073 1013 0(60297.00, 60297.00)
route 35, node_num 9, cost 977.718000, nodes: 0(120000.00, 120000.00) 1025 353 419 913 544 942 596 841 1091 0(50163.00, 50163.00)
route 36, node_num 8, cost 970.326000, nodes: 0(120000.00, 120000.00) 1073 1020 825 344 707 4 501 6 1043 0(50691.00, 50691.00)
route 37, node_num 9, cost 1056.566000, nodes: 0(120000.00, 120000.00) 1030 1001 272 1085 685 535 867 399 949 750 1098 1045 1011 1013 0(44531.00, 44531.00)
route 38, node_num 9, cost 728.168000, nodes: 0(120000.00, 120000.00) 469 541 131 205 625 946 473 0(67988.00, 67988.00)
route 39, node_num 9, cost 1042.146000, nodes: 0(120000.00, 120000.00) 1025 108 630 578 937 27 609 278 1098 1045 1011 1013 0(45561.00, 45561.00)
route 40, node_num 8, cost 726.866000, nodes: 0(120000.00, 120000.00) 664 136 595 98 374 117 1091 0(68081.00, 68081.00)
route 41, node_num 8, cost 817.194000, nodes: 0(120000.00, 120000.00) 545 926 925 1095 3 361 863 1091 0(61629.00, 61629.00)
route 42, node_num 8, cost 910.168000, nodes: 0(120000.00, 120000.00) 228 317 1020 827 417 715 666 1043 0(54988.00, 54988.00)
route 43, node_num 9, cost 927.318000, nodes: 0(120000.00, 120000.00) 1030 1054 508 585 939 44 755 380 853 1073 1013 0(53763.00, 53763.00)
route 44, node_num 8, cost 1228.290000, nodes: 0(120000.00, 120000.00) 1025 404 113 1074 895 795 1057 642 1059 448 1020 1073 1013 0(32265.00, 32265.00)
route 45, node_num 8, cost 935.816000, nodes: 0(120000.00, 120000.00) 1030 1043 706 696 139 2 210 677 1073 1013 0(53156.00, 53156.00)
route 46, node_num 8, cost 922.348000, nodes: 0(120000.00, 120000.00) 1073 834 560 688 379 551 217 1043 0(54118.00, 54118.00)
route 47, node_num 8, cost 1145.480000, nodes: 0(120000.00, 120000.00) 1025 164 1088 105 447 62 397 616 1043 0(38180.00, 38180.00)
route 48, node_num 9, cost 876.792000, nodes: 0(120000.00, 120000.00) 1025 602 1025 601 102 413 255 1095 171 346 1091 0(57372.00, 57372.00)
route 49, node_num 9, cost 1011.038000, nodes: 0(120000.00, 120000.00) 1030 453 565 934 126 116 47 892 1045 1011 1013 0(47783.00, 47783.00)
route 50, node_num 8, cost 655.648000, nodes: 0(120000.00, 120000.00) 1028 881 838 72 711 270 1000 1027 0(73168.00, 73168.00)
route 51, node_num 8, cost 704.592000, nodes: 0(120000.00, 120000.00) 153 563 805 933 923 649 1011 1013 0(69672.00, 69672.00)
route 52, node_num 7, cost 756.812000, nodes: 0(120000.00, 120000.00) 1028 761 261 1013 175 266 65 1091 0(65942.00, 65942.00)
route 53, node_num 8, cost 873.068000, nodes: 0(120000.00, 120000.00) 154 296 18 240 1099 789 312 0(57638.00, 57638.00)
route 54, node_num 7, cost 284.620000, nodes: 0(120000.00, 120000.00) 311 738 684 398 462 0(99670.00, 99670.00)
route 55, node_num 8, cost 668.458000, nodes: 0(120000.00, 120000.00) 1012 21 862 93 1079 1058 124 290 800 1013 0(72253.00, 72253.00)
route 56, node_num 9, cost 845.698000, nodes: 0(120000.00, 120000.00) 464 532 218 481 999 1011 691 275 1011 1013 0(59593.00, 59593.00)
route 57, node_num 7, cost 564.690000, nodes: 0(120000.00, 120000.00) 343 521 1079 142 201 636 0(79665.00, 79665.00)
route 58, node_num 9, cost 1068.018000, nodes: 0(120000.00, 120000.00) 493 1036 103 152 786 1056 489 843 40 0(43713.00, 43713.00)
route 59, node_num 6, cost 284.816000, nodes: 0(120000.00, 120000.00) 651 57 902 628 0(99656.00, 99656.00)
route 60, node_num 8, cost 959.070000, nodes: 0(120000.00, 120000.00) 1012 1079 695 282 1093 773 985 382 77 1060 1013 0(51495.00, 51495.00)
route 61, node_num 8, cost 699.398000, nodes: 0(120000.00, 120000.00) 423 650 1064 472 699 701 457 1099 1079 0(70043.00, 70043.00)
route 62, node_num 8, cost 900.942000, nodes: 0(120000.00, 120000.00) 997 1058 1036 36 824 1099 446 406 1060 531 1060 1013 0(55647.00, 55647.00)
route 63, node_num 8, cost 935.704000, nodes: 0(120000.00, 120000.00) 306 1036 820 307 166 928 122 1060 1013 0(53164.00, 53164.00)
route 64, node_num 7, cost 1630.328000, nodes: 0(120000.00, 120000.00) 1073 1026 944 553 917 794 905 1045 1011 1013 0(3548.00, 3548.00)
route 65, node_num 8, cost 1471.736000, nodes: 0(120000.00, 120000.00) 294 224 698 470 293 358 0(14876.00, 14876.00)
route 66, node_num 8, cost 1316.728000, nodes: 0(120000.00, 120000.00) 969 879 806 815 507 597 0(25948.00, 25948.00)
route 67, node_num 7, cost 1637.594000, nodes: 0(120000.00, 120000.00) 1025 1053 1035 709 1017 424 979 309 582 1080 1045 1011 1013 0(3029.00, 3029.00)
route 68, node_num 8, cost 1522.962000, nodes: 0(120000.00, 120000.00) 1025 1053 1035 180 708 833 78 322 463 1092 1016 1025 1099 1079 0(11217.00, 11217.00)
route 69, node_num 8, cost 1551.256000, nodes: 0(120000.00, 120000.00) 1025 1053 1035 420 622 714 377 584 988 1090 1080 1045 1011 1013 0(9196.00, 9196.00)
route 70, node_num 8, cost 1519.896000, nodes: 0(120000.00, 120000.00) 1025 1053 899 963 194 735 1017 653 799 1092 1016 1025 1099 1079 0(11436.00, 11436.00)
route 71, node_num 8, cost 1462.538000, nodes: 0(120000.00, 120000.00) 1032 513 66 842 742 67 477 1016 1025 1099 1079 0(15533.00, 15533.00)
route 72, node_num 8, cost 1340.304000, nodes: 0(120000.00, 120000.00) 1025 542 90 284 158 114 576 1016 1025 1099 1079 0(24264.00, 24264.00)
route 73, node_num 8, cost 1389.332000, nodes: 0(120000.00, 120000.00) 289 167 647 606 758 454 1056 1079 0(20762.00, 20762.00)
route 74, node_num 8, cost 1300.474000, nodes: 0(120000.00, 120000.00) 1025 1060 683 334 232 183 571 1023 523 1099 1079 0(27109.00, 27109.00)
route 75, node_num 9, cost 1198.764000, nodes: 0(120000.00, 120000.00) 549 1048 557 564 971 436 220 1032 712 1032 1099 1079 0(34374.00, 34374.00)
route 76, node_num 8, cost 1327.886000, nodes: 0(120000.00, 120000.00) 1025 444 1052 951 437 935 600 219 1023 1064 1099 1079 0(25151.00, 25151.00)
route 77, node_num 8, cost 1350.188000, nodes: 0(120000.00, 120000.00) 1032 716 51 1039 890 412 478 903 1023 1064 1099 1079 0(23558.00, 23558.00)
route 78, node_num 8, cost 1301.580000, nodes: 0(120000.00, 120000.00) 877 480 984 976 810 492 1079 0(27030.00, 27030.00)
route 79, node_num 8, cost 1340.052000, nodes: 0(120000.00, 120000.00) 1048 561 880 768 141 791 407 1023 1064 1099 1079 0(24282.00, 24282.00)
route 80, node_num 8, cost 1341.550000, nodes: 0(120000.00, 120000.00) 618 627 230 245 920 428 1052 1060 1013 0(24175.00, 24175.00)
route 81, node_num 9, cost 677.782000, nodes: 0(120000.00, 120000.00) 1030 662 777 178 1043 568 135 878 7 0(71587.00, 71587.00)
route 82, node_num 8, cost 772.926000, nodes: 0(120000.00, 120000.00) 1027 579 885 538 648 1021 641 1069 295 1033 0(64791.00, 64791.00)
route 83, node_num 7, cost 673.806000, nodes: 0(120000.00, 120000.00) 301 766 25 816 1043 858 1091 0(71871.00, 71871.00)
route 84, node_num 8, cost 1012.144000, nodes: 0(120000.00, 120000.00) 1033 326 1021 634 64 721 1094 871 156 1027 0(47704.00, 47704.00)
route 85, node_num 8, cost 695.800000, nodes: 0(120000.00, 120000.00) 1033 719 196 657 943 515 115 1008 1091 0(70300.00, 70300.00)
route 86, node_num 8, cost 753.886000, nodes: 0(120000.00, 120000.00) 1030 817 110 465 491 203 809 1008 1091 0(66151.00, 66151.00)
route 87, node_num 8, cost 1199.058000, nodes: 0(120000.00, 120000.00) 1033 1069 990 1024 559 894 844 807 323 1024 1055 1033 0(34353.00, 34353.00)
route 88, node_num 8, cost 943.586000, nodes: 0(120000.00, 120000.00) 959 321 256 188 364 645 1008 1091 0(52601.00, 52601.00)
route 89, node_num 9, cost 1063.524000, nodes: 0(120000.00, 120000.00) 1033 1021 137 663 593 1024 20 615 1024 438 173 1094 1033 0(44034.00, 44034.00)
route 90, node_num 9, cost 694.358000, nodes: 0(120000.00, 120000.00) 1030 910 351 982 586 434 63 500 0(70403.00, 70403.00)
route 91, node_num 8, cost 837.186000, nodes: 0(120000.00, 120000.00) 911 246 629 443 728 39 1019 0(60201.00, 60201.00)
route 92, node_num 8, cost 1041.474000, nodes: 0(120000.00, 120000.00) 1030 763 213 416 169 405 271 1055 1033 0(45609.00, 45609.00)
route 93, node_num 9, cost 725.942000, nodes: 0(120000.00, 120000.00) 1030 989 375 88 53 227 119 130 1055 1033 0(68147.00, 68147.00)
route 94, node_num 8, cost 986.818000, nodes: 0(120000.00, 120000.00) 1033 1069 1055 797 796 823 669 1019 510 221 1091 0(49513.00, 49513.00)
route 95, node_num 8, cost 807.954000, nodes: 0(120000.00, 120000.00) 1033 340 801 981 697 891 572 1008 1091 0(62289.00, 62289.00)
route 96, node_num 9, cost 917.294000, nodes: 0(120000.00, 120000.00) 1033 658 518 95 121 529 187 37 1055 1033 0(54479.00, 54479.00)
route 97, node_num 8, cost 1697.248000, nodes: 0(120000.00, 120000.00) 1030 1001 907 99 1018 936 940 369 1043 1091(5809.00, 7041.00) 0(0.00, 0.00)
route 98, node_num 9, cost 1656.480000, nodes: 0(120000.00, 120000.00) 1030 1001 1059 1074 520 1018 429 223 692 466 214 1043(18197.00, 18197.00) 0(1680.00, 1680.00)
route 99, node_num 8, cost 1643.880000, nodes: 0(120000.00, 120000.00) 921 1098 958 276 856 517 835 1077 1031 1082 1020 1073 1013 0(2580.00, 2580.00)
route 100, node_num 8, cost 1660.526000, nodes: 0(120000.00, 120000.00) 1073 1020 1082 1031 1066 790 1061 860 546 1061 873 408 776 1010 1062 1031 1082 1020 1073 1013 0(1391.00, 1391.00)
route 101, node_num 8, cost 1476.930000, nodes: 0(120000.00, 120000.00) 1073 1020 1082 1031 348 752 15 774 151 840 1014 1082 1020 1073 1013 0(14505.00, 14505.00)
route 102, node_num 8, cost 1513.302000, nodes: 0(120000.00, 120000.00) 1073 1020 1082 705 598 425 85 198 13 1082 1020 1073 1013 0(11907.00, 11907.00)
route 103, node_num 9, cost 1802.766000, nodes: 0(120000.00, 120000.00) 1030 1001 1059 1074 1057 591 765 460 1081 723 1081 5 236 1010 1007 1089 1019(15981.00, 24750.00) 0(0.00, 0.00)
route 104, node_num 8, cost 1459.332000, nodes: 0(120000.00, 120000.00) 1073 1020 1082 16 132 107 476 1066 279 252 1029 1013 0(15762.00, 15762.00)
route 105, node_num 8, cost 1602.566000, nodes: 0(120000.00, 120000.00) 1073 1020 1082 1031 1066 186 1010 956 900 1061 134 725 690 1043 0(5531.00, 5531.00)
route 106, node_num 9, cost 1743.028000, nodes: 0(120000.00, 120000.00) 1030 1001 1059 1074 1003 368 431 590 215 45 753 1063 1089(25001.00, 29503.00) 1019 0(0.00, 0.00)
route 107, node_num 8, cost 1457.106000, nodes: 0(120000.00, 120000.00) 1030 1001 1059 1074 499 680 955 395 373 432 1009 1020 1073 1013 0(15921.00, 15921.00)
route 108, node_num 8, cost 1405.362000, nodes: 0(120000.00, 120000.00) 1030 1043 1009 179 941 1062 285 197 918 555 1074 1059 1020 1073 1013 0(19617.00, 19617.00)
route 109, node_num 9, cost 1832.796000, nodes: 0(120000.00, 120000.00) 1030 1001 1059 1074 1057 1046 502 176 355 619 769 1041 927 1047 1046 1084 1051 1008(4788.00, 15702.00) 1091 0(0.00, 0.00)
route 110, node_num 8, cost 1643.670000, nodes: 0(120000.00, 120000.00) 1030 1001 1059 1074 79 181 452 1044 32 1070 426 80 1062 1031 1082 1020 1073 1013 0(2595.00, 2595.00)
route 111, node_num 8, cost 1833.062000, nodes: 0(120000.00, 120000.00) 1030 1001 1059 1074 1057 1046 1070 378 162 26 291 29 1046 1089(18570.00, 29503.00) 1019 0(0.00, 0.00)
route 112, node_num 9, cost 1685.726000, nodes: 0(120000.00, 120000.00) 1073 1020 1082 1031 202 149 33 929 525 1044 682 1003 1085(34880.00, 35289.00) 1020 1073 1013 0(0.00, 0.00)
route 113, node_num 9, cost 1715.700000, nodes: 0(120000.00, 120000.00) 1073 1020 1082 1031 1066 233 1070 125 803 474 818 281 1043 1072(6158.00, 8708.00) 0(0.00, 0.00)
route 114, node_num 9, cost 1121.400000, nodes: 0(120000.00, 120000.00) 1030 1043 1083 617 930 31 304 74 184 975 1090 1080 1045 1011 1013 0(39900.00, 39900.00)
route 115, node_num 8, cost 1142.554000, nodes: 0(120000.00, 120000.00) 1025 1088 415 637 626 851 1090 10 391 1043 0(38389.00, 38389.00)
route 116, node_num 8, cost 1238.426000, nodes: 0(120000.00, 120000.00) 506 886 772 620 250 965 1080 1045 1011 1013 0(31541.00, 31541.00)
route 117, node_num 8, cost 1212.946000, nodes: 0(120000.00, 120000.00) 1030 1001 468 883 490 332 739 1090 55 1060 1013 0(33361.00, 33361.00)
route 118, node_num 8, cost 1208.284000, nodes: 0(120000.00, 120000.00) 1025 11 932 859 242 524 144 1071 1088 1011 1013 0(33694.00, 33694.00)
route 119, node_num 8, cost 1215.172000, nodes: 0(120000.00, 120000.00) 1025 1088 577 678 393 150 686 1090 161 1026 1095 1011 1013 0(33202.00, 33202.00)
route 120, node_num 9, cost 1042.006000, nodes: 0(120000.00, 120000.00) 700 861 659 388 1080 782 802 479 1088 1011 1013 0(45571.00, 45571.00)
route 121, node_num 8, cost 1020.922000, nodes: 0(120000.00, 120000.00) 1025 1088 371 998 366 740 661 1080 288 1071 1088 1011 1013 0(47077.00, 47077.00)
route 122, node_num 8, cost 1060.332000, nodes: 0(120000.00, 120000.00) 1025 533 720 848 409 991 693 1060 1013 0(44262.00, 44262.00)
route 123, node_num 9, cost 1025.892000, nodes: 0(120000.00, 120000.00) 547 1060 604 1060 912 580 754 421 1053 267 1016 1025 1099 1079 0(46722.00, 46722.00)
route 124, node_num 8, cost 1139.236000, nodes: 0(120000.00, 120000.00) 1012 1079 254 1099 396 68 287 482 376 0(38626.00, 38626.00)
route 125, node_num 8, cost 984.088000, nodes: 0(120000.00, 120000.00) 884 1026 237 1026 190 345 668 1071 829 1088 1011 1013 0(49708.00, 49708.00)
route 126, node_num 9, cost 952.588000, nodes: 0(120000.00, 120000.00) 548 19 335 1071 819 896 1026 320 534 1045 1011 1013 0(51958.00, 51958.00)
route 127, node_num 7, cost 1014.692000, nodes: 0(120000.00, 120000.00) 1025 1060 804 1016 367 50 1016 192 977 1060 1013 0(47522.00, 47522.00)
route 128, node_num 8, cost 1450.904000, nodes: 0(120000.00, 120000.00) 1025 537 157 155 736 980 200 1090 1080 1045 1011 1013 0(16364.00, 16364.00)
route 129, node_num 8, cost 1600.200000, nodes: 0(120000.00, 120000.00) 1030(107271.00, 107271.00) 960 781 962 440 461 1071 1088 1011 1013 0(5700.00, 5700.00)
route 130, node_num 8, cost 1352.680000, nodes: 0(120000.00, 120000.00) 1025 1053 1035 163 235 836 73 826 710 1090 1080 1045 1011 1013 0(23380.00, 23380.00)
route 131, node_num 7, cost 1392.118000, nodes: 0(120000.00, 120000.00) 1030 1001 1059 1074 866 24 673 331 239 1100 1009 1020 1073 1013 0(20563.00, 20563.00)
route 132, node_num 8, cost 1559.740000, nodes: 0(120000.00, 120000.00) 1030 1001 1059 1074 1003 623 760 780 703 316 947 1031 1082 1020 1073 1013 0(8590.00, 8590.00)
route 133, node_num 8, cost 1372.000000, nodes: 0(120000.00, 120000.00) 1030 1001 1059 1074 756 655 950 170 635 729 1074 1059 1020 1073 1013 0(22000.00, 22000.00)
route 134, node_num 8, cost 1399.650000, nodes: 0(120000.00, 120000.00) 1030 1001 1059 1074 1057 640 876 632 402 589 744 1074 1059 1020 1073 1013 0(20025.00, 20025.00)
route 135, node_num 8, cost 1291.626000, nodes: 0(120000.00, 120000.00) 1030 1001 1059 644 456 764 193 101 248 1057 1074 1059 1020 1073 1013 0(27741.00, 27741.00)
route 136, node_num 9, cost 1676.094000, nodes: 0(120000.00, 120000.00) 1030 1043(103499.00, 103499.00) 1001 1059 1074 718 433 177 43 244 704 1090 1080 1045 1011 1013 0(279.00, 279.00)
route 137, node_num 8, cost 1641.304000, nodes: 0(120000.00, 120000.00) 1030 1001 1059 1074 1006 966 145 519 978 857 588 1034 1006 1074 1059 1020 1073 1013 0(2764.00, 2764.00)
route 138, node_num 8, cost 1766.758000, nodes: 0(120000.00, 120000.00) 1025 319 498 292 209 356 1084 1051(25091.00, 31288.00) 1013 0(0.00, 0.00)
route 139, node_num 9, cost 1831.046000, nodes: 0(120000.00, 120000.00) 1030 1001 1059 1074 1006 967 83 329 788 672 922 1026(21315.00, 32104.00) 1095 1011 1013 0(0.00, 0.00)
route 140, node_num 8, cost 1401.428000, nodes: 0(120000.00, 120000.00) 1030 1001 1059 1074 527 1003 260 84 743 594 870 1074 1059 1020 1073 1013 0(19898.00, 19898.00)
route 141, node_num 7, cost 1377.992000, nodes: 0(120000.00, 120000.00) 1030 1001 1059 1074 318 550 185 337 904 1020 1073 1013 0(21572.00, 21572.00)
route 142, node_num 9, cost 1754.956000, nodes: 0(120000.00, 120000.00) 1030 1001 1059 1074 837 875 1042 961 608 1042 427 92 1050 1006 1008(10348.00, 15702.00) 1091 0(0.00, 0.00)
route 143, node_num 8, cost 1378.412000, nodes: 0(120000.00, 120000.00) 1030 1001 1059 1074 1057 148 599 100 362 75 94 1074 1059 1020 1073 1013 0(21542.00, 21542.00)
route 144, node_num 8, cost 1421.392000, nodes: 0(120000.00, 120000.00) 1030 1001 1059 1074 30 1057 845 828 274 665 915 1006 1074 1059 1020 1073 1013 0(18472.00, 18472.00)
route 145, node_num 8, cost 1584.296000, nodes: 0(120000.00, 120000.00) 1030 1001 1059 1074 610 1037 775 238 365 526 1084 931 1064 1099 1079 0(6836.00, 6836.00)
route 146, node_num 8, cost 1640.884000, nodes: 0(120000.00, 120000.00) 1030 1001 1059 1074 727 1005 418 996 543 919 483 1003 1031 1082 1020 1073 1013 0(2794.00, 2794.00)
route 147, node_num 9, cost 1796.144000, nodes: 0(120000.00, 120000.00) 1030 1001 1059 1074 1006 330 41 613 784 118 1050 938 1057 1008(7406.00, 15702.00) 1091 0(0.00, 0.00)
route 148, node_num 7, cost 1432.186000, nodes: 0(120000.00, 120000.00) 1030 1001 1059 1074 643 160 992 822 592 1057 1074 1059 1020 1073 1013 0(17701.00, 17701.00)
route 149, node_num 9, cost 1666.126000, nodes: 0(120000.00, 120000.00) 1073 1020 1082 1031 849 143 607 528 182 671 1077 1007(38415.00, 38415.00) 1089 1019 0(991.00, 991.00)
route 150, node_num 8, cost 1499.904000, nodes: 0(120000.00, 120000.00) 1030 1008 1019 303 91 1014 54 435 308 1014 106 1014 1082 1020 1073 1013 0(12864.00, 12864.00)
route 151, node_num 8, cost 1598.436000, nodes: 0(120000.00, 120000.00) 1030 1008 1019 1075 1015 1076 614 439 229 350 325 104 1049 1029 1013 0(5826.00, 5826.00)
route 152, node_num 8, cost 1545.670000, nodes: 0(120000.00, 120000.00) 494 264 1078 792 612 872 48 1049 1029 1013 0(9595.00, 9595.00)
route 153, node_num 8, cost 1053.822000, nodes: 0(120000.00, 120000.00) 1033 1069 832 251 554 495 968 411 1069 0(44727.00, 44727.00)
route 154, node_num 8, cost 1349.684000, nodes: 0(120000.00, 120000.00) 1033 168 1089 652 497 1067 199 1067 259 1096 722 1024 1055 1033 0(23594.00, 23594.00)
route 155, node_num 8, cost 1057.994000, nodes: 0(120000.00, 120000.00) 226 302 539 974 847 283 1019 0(44429.00, 44429.00)
route 156, node_num 8, cost 1134.210000, nodes: 0(120000.00, 120000.00) 1033 1069 785 339 583 204 305 889 1086 0(38985.00, 38985.00)
route 157, node_num 8, cost 1065.554000, nodes: 0(120000.00, 120000.00) 1030 812 1008 1019 505 924 496 370 159 1019 0(43889.00, 43889.00)
route 158, node_num 8, cost 1150.786000, nodes: 0(120000.00, 120000.00) 1030 1043 964 793 243 60 372 530 1054 1091 0(37801.00, 37801.00)
route 159, node_num 8, cost 997.066000, nodes: 0(120000.00, 120000.00) 1030 1008 1019 8 262 952 298 422 748 1043 0(48781.00, 48781.00)
route 160, node_num 7, cost 1209.530000, nodes: 0(120000.00, 120000.00) 660 76 717 383 86 1019 0(33605.00, 33605.00)
route 161, node_num 8, cost 1388.072000, nodes: 0(120000.00, 120000.00) 1030 1008 1019 1 89 485 846 852 265 1033 0(20852.00, 20852.00)
route 162, node_num 8, cost 1196.356000, nodes: 0(120000.00, 120000.00) 1033 1021 487 1096 516 392 49 400 349 1089 1019 0(34546.00, 34546.00)
route 163, node_num 8, cost 1383.718000, nodes: 0(120000.00, 120000.00) 1030 1008 1019 1067 1049 574 945 552 208 59 1015 1075 909 1019 0(21163.00, 21163.00)
route 164, node_num 8, cost 1332.534000, nodes: 0(120000.00, 120000.00) 1030 1043 1087 556 96 687 120 207 363 1019 0(24819.00, 24819.00)
route 165, node_num 7, cost 1334.494000, nodes: 0(120000.00, 120000.00) 1030 1008 1019 702 449 745 746 1067 28 1072 0(24679.00, 24679.00)
route 166, node_num 4, cost 42.812000, nodes: 0(120000.00, 120000.00) 327 286 0(116942.00, 116942.00)
vehicle (route) number: 167
Total cost: 238562.78
241845.77, 32402.58
242057.98, 32403.05
241132.47, 32431.14
239700.72, 32419.86
239659.50, 32408.70
239148.32, 32410.69
239053.47, 32416.85
239164.60, 31060.17
239340.87, 32405.15
238562.78, 32406.59
