Details of the solution:
route 0, node_num 8, cost 1084.580000, nodes: 0(120000.00, 120000.00) 1033 1089 199 1017 1043 822 25 1004 131 474 1076 694 1016 1091 1082 0(42530.00, 42530.00)
route 1, node_num 8, cost 1049.818000, nodes: 0(120000.00, 120000.00) 1033 1082 860 1016 995 412 1001 741 370 1004 1043 626 1016 1091 1082 0(45013.00, 45013.00)
route 2, node_num 8, cost 1002.932000, nodes: 0(120000.00, 120000.00) 18 1033 1091 1017 1076 883 159 874 925 647 1011 1051 0(48362.00, 48362.00)
route 3, node_num 8, cost 964.796000, nodes: 0(120000.00, 120000.00) 1033 1089 946 876 1076 300 879 653 1011 854 1051 0(51086.00, 51086.00)
route 4, node_num 9, cost 953.316000, nodes: 0(120000.00, 120000.00) 1033 1089 939 1016 8 59 544 618 10 958 0(51906.00, 51906.00)
route 5, node_num 8, cost 1128.358000, nodes: 0(120000.00, 120000.00) 1033 1089 1016 1043 350 247 902 345 705 41 1004 1016 1091 1082 0(39403.00, 39403.00)
route 6, node_num 9, cost 966.420000, nodes: 0(120000.00, 120000.00) 1091 791 1081 843 764 948 834 943 930 1043 1016 1091 1082 0(50970.00, 50970.00)
route 7, node_num 8, cost 921.368000, nodes: 0(120000.00, 120000.00) 1033 1089 1016 98 716 560 574 120 697 1033 0(54188.00, 54188.00)
route 8, node_num 8, cost 1041.278000, nodes: 0(120000.00, 120000.00) 702 1081 510 513 688 21 1017 838 1033 0(45623.00, 45623.00)
route 9, node_num 8, cost 1210.706000, nodes: 0(120000.00, 120000.00) 1033 1089 1016 269 174 1009 640 239 229 257 1036 1043 1016 1091 1082 0(33521.00, 33521.00)
route 10, node_num 8, cost 867.370000, nodes: 0(120000.00, 120000.00) 709 1017 147 569 319 209 258 1089 1033 0(58045.00, 58045.00)
route 11, node_num 8, cost 757.666000, nodes: 0(120000.00, 120000.00) 338 237 79 635 365 748 0(65881.00, 65881.00)
route 12, node_num 7, cost 943.362000, nodes: 0(120000.00, 120000.00) 185 478 417 759 587 1033 0(52617.00, 52617.00)
route 13, node_num 7, cost 874.790000, nodes: 0(120000.00, 120000.00) 1033 893 360 424 107 934 1033 0(57515.00, 57515.00)
route 14, node_num 8, cost 1089.410000, nodes: 0(120000.00, 120000.00) 1091 225 550 146 387 862 1089 668 1091 1082 0(42185.00, 42185.00)
route 15, node_num 7, cost 983.976000, nodes: 0(120000.00, 120000.00) 1091 1003 567 768 210 1043 639 1017 543 1017 1013 0(49716.00, 49716.00)
route 16, node_num 7, cost 835.142000, nodes: 0(120000.00, 120000.00) 781 1089 984 1016 268 1017 24 610 1033 0(60347.00, 60347.00)
route 17, node_num 8, cost 533.106000, nodes: 0(120000.00, 120000.00) 228 763 551 491 7 532 0(81921.00, 81921.00)
route 18, node_num 8, cost 1144.164000, nodes: 0(120000.00, 120000.00) 1023 262 1019 284 1056 394 937 1019 242 614 1029 0(38274.00, 38274.00)
route 19, node_num 8, cost 421.708000, nodes: 0(120000.00, 120000.00) 908 729 283 32 100 1044 941 0(89878.00, 89878.00)
route 20, node_num 7, cost 495.222000, nodes: 0(120000.00, 120000.00) 868 533 586 348 164 0(84627.00, 84627.00)
route 21, node_num 8, cost 628.964000, nodes: 0(120000.00, 120000.00) 1013 256 20 298 1000 121 546 1096 1013 0(75074.00, 75074.00)
route 22, node_num 8, cost 730.492000, nodes: 0(120000.00, 120000.00) 4 206 870 351 670 191 1096 1013 0(67822.00, 67822.00)
route 23, node_num 8, cost 730.730000, nodes: 0(120000.00, 120000.00) 589 1013 611 68 403 708 106 1058 0(67805.00, 67805.00)
route 24, node_num 8, cost 858.690000, nodes: 0(120000.00, 120000.00) 97 83 1056 833 556 1056 324 1056 243 0(58665.00, 58665.00)
route 25, node_num 7, cost 777.938000, nodes: 0(120000.00, 120000.00) 1013 540 613 659 385 1057 658 1058 0(64433.00, 64433.00)
route 26, node_num 7, cost 665.070000, nodes: 0(120000.00, 120000.00) 1091 471 418 208 994 434 1091 1082 0(72495.00, 72495.00)
route 27, node_num 9, cost 658.882000, nodes: 0(120000.00, 120000.00) 921 542 1013 1033 749 26 1091 515 1096 119 289 1033 0(72937.00, 72937.00)
route 28, node_num 7, cost 763.364000, nodes: 0(120000.00, 120000.00) 1033 811 488 1091 905 828 1017 677 1033 0(65474.00, 65474.00)
route 29, node_num 7, cost 926.114000, nodes: 0(120000.00, 120000.00) 374 557 704 1057 490 1081 782 1003 1058 0(53849.00, 53849.00)
route 30, node_num 7, cost 1441.440000, nodes: 0(120000.00, 120000.00) 1092 1031 920 637 440 911 1014 462 1019 1023 0(17040.00, 17040.00)
route 31, node_num 8, cost 1231.678000, nodes: 0(120000.00, 120000.00) 1057 469 1065 660 645 9 747 1014 572 1065 0(32023.00, 32023.00)
route 32, node_num 8, cost 871.948000, nodes: 0(120000.00, 120000.00) 58 904 875 67 753 641 1059 1093 0(57718.00, 57718.00)
route 33, node_num 8, cost 814.506000, nodes: 0(120000.00, 120000.00) 765 377 349 804 1011 91 664 1059 1093 0(61821.00, 61821.00)
route 34, node_num 8, cost 1021.370000, nodes: 0(120000.00, 120000.00) 1091 1045 372 454 1027 916 913 306 820 1011 1051 0(47045.00, 47045.00)
route 35, node_num 8, cost 1229.494000, nodes: 0(120000.00, 120000.00) 197 1022 520 136 1090 564 508 375 1059 1093 0(32179.00, 32179.00)
route 36, node_num 8, cost 970.676000, nodes: 0(120000.00, 120000.00) 227 1063 608 166 1063 682 234 601 1059 1093 0(50666.00, 50666.00)
route 37, node_num 8, cost 1106.994000, nodes: 0(120000.00, 120000.00) 1033 1089 1016 322 787 901 1001 642 512 431 1076 1016 1091 1082 0(40929.00, 40929.00)
route 38, node_num 8, cost 1264.396000, nodes: 0(120000.00, 120000.00) 1033 1089 644 114 1022 139 5 800 877 0(29686.00, 29686.00)
route 39, node_num 8, cost 964.894000, nodes: 0(120000.00, 120000.00) 1013 499 1085 1011 906 576 301 310 299 1028 1038 0(51079.00, 51079.00)
route 40, node_num 8, cost 957.782000, nodes: 0(120000.00, 120000.00) 1033 1011 773 1002 328 1045 738 940 329 536 1011 1051 0(51587.00, 51587.00)
route 41, node_num 8, cost 1293.026000, nodes: 0(120000.00, 120000.00) 1033 1089 1016 1043 151 1004 149 1036 253 154 163 381 1084 1001 1043 1016 1091 1082 0(27641.00, 27641.00)
route 42, node_num 8, cost 1251.418000, nodes: 0(120000.00, 120000.00) 1033 1089 1016 1043 1053 332 796 1 1088 715 1053 2 28 1043 1016 1091 1082 0(30613.00, 30613.00)
route 43, node_num 8, cost 1190.014000, nodes: 0(120000.00, 120000.00) 1091 1017 1076 1022 190 127 910 758 891 830 1011 1051 0(34999.00, 34999.00)
route 44, node_num 8, cost 1299.256000, nodes: 0(120000.00, 120000.00) 1033 1089 1016 1043 1001 584 772 981 966 378 545 1076 1016 1091 1082 0(27196.00, 27196.00)
route 45, node_num 7, cost 1420.482000, nodes: 0(120000.00, 120000.00) 1033 1089 1016 1043 625 1009 590 1084 802 864 12 1007 1083 1093 0(18537.00, 18537.00)
route 46, node_num 8, cost 1378.174000, nodes: 0(120000.00, 120000.00) 1033 1089 1016 1043 1001 788 896 863 211 217 1084 252 1009 1016 1091 1082 0(21559.00, 21559.00)
route 47, node_num 8, cost 1278.130000, nodes: 0(120000.00, 120000.00) 1091 1017 1076 1022 1090 362 218 340 685 1080 244 178 1045 1011 1051 0(28705.00, 28705.00)
route 48, node_num 8, cost 1378.076000, nodes: 0(120000.00, 120000.00) 1091 1017 1076 1022 1090 761 1075 458 907 53 696 1054 482 1083 1093 0(21566.00, 21566.00)
route 49, node_num 7, cost 1349.824000, nodes: 0(120000.00, 120000.00) 927 1069 259 565 103 823 1083 1093 0(23584.00, 23584.00)
route 50, node_num 8, cost 1515.108000, nodes: 0(120000.00, 120000.00) 1033 752 1018 36 411 1055 390 1035 292 1054 714 1083 1093 0(11778.00, 11778.00)
route 51, node_num 8, cost 1547.868000, nodes: 0(120000.00, 120000.00) 1069 1075 132 315 1054 446 382 1055 475 1007 470 1080 1043 1016 1091 1082 0(9438.00, 9438.00)
route 52, node_num 8, cost 1675.478000, nodes: 0(120000.00, 120000.00) 1091 1017(93479.00, 93479.00) 1043 1080 494 1035 330 423 421 1095 503 1055 1007 1083 1093 0(323.00, 323.00)
route 53, node_num 11, cost 1710.884000, nodes: 0(120000.00, 120000.00) 1069 429 1055(67915.00, 67915.00) 855 1055(65960.00, 65960.00) 352 250 505 933 1004 1081(20906.00, 23112.00) 0(0.00, 0.00)
route 54, node_num 10, cost 1753.402000, nodes: 0(120000.00, 120000.00) 1085(97648.00, 97648.00) 1002 1078 1018 1054 1055 1071 186 1047(59732.00, 120000.00) 196 1047 307 483 233 1035 1004 1081(78137.00, 78137.00) 0(55025.00, 55025.00)
route 55, node_num 10, cost 2035.642000, nodes: 0(120000.00, 120000.00) 1085(97648.00, 120000.00) 1028 1027 1007 1050 592 1073(72401.00, 72401.00) 456 563 496 624 1008 1039 1001(30154.00, 33205.00) 1043 1016 1091 1082 0(0.00, 0.00)
route 56, node_num 9, cost 1903.846000, nodes: 0(120000.00, 120000.00) 1085(97648.00, 97648.00) 1002 1078 1018 1054 1055 1071 230 661 711 754 755 1071 1055 1007(26041.00, 42030.00) 1083 1093 0(0.00, 0.00)
route 57, node_num 9, cost 1814.204000, nodes: 0(120000.00, 120000.00) 1092 1052 1034 404 3 918 308 128 346 1095(45108.00, 54694.00) 1071 1055 1007 1083 1093 0(0.00, 0.00)
route 58, node_num 8, cost 1605.982000, nodes: 0(120000.00, 120000.00) 1048 305 1069 523 669 141 861 410 1055 1007 1083 1093 0(5287.00, 5287.00)
route 59, node_num 10, cost 1751.708000, nodes: 0(120000.00, 120000.00) 1085(97648.00, 97648.00) 1002 1078 1018 1054 405 357 280 881 1095(50878.00, 50878.00) 962 1080 1043 1003(17077.00, 22199.00) 1058 0(0.00, 0.00)
route 60, node_num 9, cost 1708.616000, nodes: 0(120000.00, 120000.00) 1091 1003(93007.00, 95051.00) 1043 1001 801 954 561 358 583 60 1071 1055 1007 1083 1093 0(0.00, 0.00)
route 61, node_num 7, cost 1477.406000, nodes: 0(120000.00, 120000.00) 1033 1089 1016 1043 1001 531 1084 463 277 973 539 1083 1093 0(14471.00, 14471.00)
route 62, node_num 10, cost 1831.270000, nodes: 0(120000.00, 120000.00) 1085(97648.00, 97648.00) 1002 1078 1018 1054 413 726 1041 525 160 1050(40953.00, 40953.00) 780 1011(12391.00, 23196.00) 1051 0(0.00, 0.00)
route 63, node_num 10, cost 1854.258000, nodes: 0(120000.00, 120000.00) 255 623 621 302 1099 248 1095(42399.00, 42399.00) 118 1095 1071(36765.00, 49212.00) 1055 1007 1083 1093 0(0.00, 0.00)
route 64, node_num 9, cost 2030.980000, nodes: 0(120000.00, 120000.00) 1091 1081(92093.00, 103108.00) 1007 1050 1041 506 427 504 432 898 1011 1051(0.00, 14055.00) 0(0.00, 0.00)
route 65, node_num 7, cost 1530.424000, nodes: 0(120000.00, 120000.00) 959 1084 336 287 276 514 1001 1043 1016 1091 1082 0(10684.00, 10684.00)
route 66, node_num 8, cost 1495.760000, nodes: 0(120000.00, 120000.00) 1069 965 1072 246 157 46 94 849 1083 1093 0(13160.00, 13160.00)
route 67, node_num 7, cost 715.750000, nodes: 0(120000.00, 120000.00) 1074 38 970 947 884 846 1093 0(68875.00, 68875.00)
route 68, node_num 8, cost 664.748000, nodes: 0(120000.00, 120000.00) 585 1064 989 674 619 273 1038 126 0(72518.00, 72518.00)
route 69, node_num 7, cost 513.786000, nodes: 0(120000.00, 120000.00) 1037 971 181 309 790 142 1064 0(83301.00, 83301.00)
route 70, node_num 7, cost 1094.534000, nodes: 0(120000.00, 120000.00) 1048 312 320 878 779 1005 450 1074 1064 0(41819.00, 41819.00)
route 71, node_num 7, cost 462.014000, nodes: 0(120000.00, 120000.00) 363 72 719 1074 153 134 1064 0(86999.00, 86999.00)
route 72, node_num 8, cost 492.044000, nodes: 0(120000.00, 120000.00) 851 744 443 718 751 1037 48 0(84854.00, 84854.00)
route 73, node_num 7, cost 551.978000, nodes: 0(120000.00, 120000.00) 969 459 842 74 334 1064 0(80573.00, 80573.00)
route 74, node_num 7, cost 929.852000, nodes: 0(120000.00, 120000.00) 1064 35 123 224 963 1005 393 1064 0(53582.00, 53582.00)
route 75, node_num 8, cost 789.824000, nodes: 0(120000.00, 120000.00) 997 837 924 1038 198 1002 379 235 1059 1093 0(63584.00, 63584.00)
route 76, node_num 7, cost 724.066000, nodes: 0(120000.00, 120000.00) 439 793 926 803 51 1064 0(68281.00, 68281.00)
route 77, node_num 7, cost 844.354000, nodes: 0(120000.00, 120000.00) 535 436 297 736 145 1083 1093 0(59689.00, 59689.00)
route 78, node_num 8, cost 482.468000, nodes: 0(120000.00, 120000.00) 723 288 364 835 479 200 0(85538.00, 85538.00)
route 79, node_num 9, cost 682.500000, nodes: 0(120000.00, 120000.00) 687 158 974 695 646 892 182 1038 0(71250.00, 71250.00)
route 80, node_num 7, cost 402.052000, nodes: 0(120000.00, 120000.00) 31 808 662 472 398 1064 0(91282.00, 91282.00)
route 81, node_num 9, cost 757.246000, nodes: 0(120000.00, 120000.00) 205 130 745 1038 895 629 323 384 0(65911.00, 65911.00)
route 82, node_num 7, cost 590.772000, nodes: 0(120000.00, 120000.00) 44 727 140 562 593 1064 0(77802.00, 77802.00)
route 83, node_num 7, cost 705.152000, nodes: 0(120000.00, 120000.00) 617 290 1093 649 885 13 1059 1093 0(69632.00, 69632.00)
route 84, node_num 8, cost 847.756000, nodes: 0(120000.00, 120000.00) 1059 975 341 976 528 987 784 1083 1093 0(59446.00, 59446.00)
route 85, node_num 8, cost 506.534000, nodes: 0(120000.00, 120000.00) 124 713 988 914 591 953 1064 0(83819.00, 83819.00)
route 86, node_num 8, cost 1644.762000, nodes: 0(120000.00, 120000.00) 1092 1032 1098 449 395 549 69 575 840 1040 1032 1092 0(2517.00, 2517.00)
route 87, node_num 10, cost 1640.576000, nodes: 0(120000.00, 120000.00) 1091 1081(92093.00, 100093.00) 1006 371 650 1012(69522.00, 69522.00) 281 1020 327 766 1026 1081(33928.00, 33928.00) 0(10816.00, 10816.00)
route 88, node_num 7, cost 1479.268000, nodes: 0(120000.00, 120000.00) 1092 756 369 663 676 389 1087 1052 1046 1091 1082 0(14338.00, 14338.00)
route 89, node_num 9, cost 1633.254000, nodes: 0(120000.00, 120000.00) 1091 1081(92093.00, 92093.00) 407 455 720 847 890 1030 1024(47926.00, 47926.00) 1058 0(3339.00, 3339.00)
route 90, node_num 8, cost 1356.600000, nodes: 0(120000.00, 120000.00) 1092 577 873 113 213 457 1021 673 1033 0(23100.00, 23100.00)
route 91, node_num 12, cost 1539.272000, nodes: 0(120000.00, 120000.00) 1091 1081(92093.00, 92093.00) 193 1006(78722.00, 86722.00) 270 996 1087(78267.00, 78267.00) 318 657 476 1012 1025 1086 1058(36091.00, 36091.00) 0(18052.00, 18052.00)
route 92, node_num 8, cost 1499.946000, nodes: 0(120000.00, 120000.00) 1092 1026 52 579 286 497 1087 821 998 1077 1052 1046 1091 1082 0(12861.00, 12861.00)
route 93, node_num 8, cost 1590.302000, nodes: 0(120000.00, 120000.00) 1092 872 1006 70 125 155 1087 666 581 1077 1052 1046 1091 1082 0(6407.00, 6407.00)
route 94, node_num 8, cost 1375.626000, nodes: 0(120000.00, 120000.00) 1086 919 464 14 524 952 1021 675 1033 0(21741.00, 21741.00)
route 95, node_num 8, cost 1361.822000, nodes: 0(120000.00, 120000.00) 1092 809 143 776 684 73 194 1014 1031 1092 0(22727.00, 22727.00)
route 96, node_num 8, cost 1376.242000, nodes: 0(120000.00, 120000.00) 1092 1031 419 693 1014 917 750 957 1079 214 1032 1092 0(21697.00, 21697.00)
route 97, node_num 8, cost 1251.460000, nodes: 0(120000.00, 120000.00) 1092 448 992 452 979 493 1032 34 1056 0(30610.00, 30610.00)
route 98, node_num 7, cost 1259.048000, nodes: 0(120000.00, 120000.00) 1092 376 177 859 848 1026 541 1033 0(30068.00, 30068.00)
route 99, node_num 8, cost 1310.582000, nodes: 0(120000.00, 120000.00) 1092 648 683 897 172 722 982 1033 0(26387.00, 26387.00)
route 100, node_num 10, cost 1615.502000, nodes: 0(120000.00, 120000.00) 1092 733 1024 223 588 521 1024(61050.00, 61050.00) 760 771 1026 1086 1058(22646.00, 22646.00) 0(4607.00, 4607.00)
route 101, node_num 10, cost 1608.306000, nodes: 0(120000.00, 120000.00) 1092 1032 1098 78 578 1040 596 441 1020(55723.00, 55723.00) 245 746 1098 1056(24999.00, 24999.00) 0(5121.00, 5121.00)
route 102, node_num 8, cost 1678.670000, nodes: 0(120000.00, 120000.00) 1092 1032 518 1098 1040 620 665 1010 817 1010 1040 1098 435 1060 1056(19973.00, 19973.00) 0(95.00, 95.00)
route 103, node_num 8, cost 1489.978000, nodes: 0(120000.00, 120000.00) 1092 480 282 1098 56 167 112 1079 342 1032 1092 0(13573.00, 13573.00)
route 104, node_num 8, cost 1373.498000, nodes: 0(120000.00, 120000.00) 1092 1052 1034 612 786 188 1021 437 1021 466 232 1052 1046 1091 1082 0(21893.00, 21893.00)
route 105, node_num 8, cost 1365.294000, nodes: 0(120000.00, 120000.00) 1033 955 1046 1052 1034 818 671 826 500 1088 1009 686 1033 0(22479.00, 22479.00)
route 106, node_num 8, cost 1255.800000, nodes: 0(120000.00, 120000.00) 1092 775 420 82 1088 604 409 433 1033 0(30300.00, 30300.00)
route 107, node_num 7, cost 1197.924000, nodes: 0(120000.00, 120000.00) 1092 1046 724 825 169 850 1052 517 1033 0(34434.00, 34434.00)
route 108, node_num 8, cost 1079.344000, nodes: 0(120000.00, 120000.00) 1092 428 922 162 554 251 254 1058 0(42904.00, 42904.00)
route 109, node_num 7, cost 902.748000, nodes: 0(120000.00, 120000.00) 1057 386 216 942 700 15 1058 0(55518.00, 55518.00)
route 110, node_num 7, cost 970.214000, nodes: 0(120000.00, 120000.00) 1057 932 1081 397 634 108 152 1081 0(50699.00, 50699.00)
route 111, node_num 8, cost 1052.016000, nodes: 0(120000.00, 120000.00) 17 1058 1003 303 383 553 84 266 1091 1082 0(44856.00, 44856.00)
route 112, node_num 8, cost 1185.226000, nodes: 0(120000.00, 120000.00) 1033 189 633 400 415 1052 271 135 1033 0(35341.00, 35341.00)
route 113, node_num 8, cost 1119.580000, nodes: 0(120000.00, 120000.00) 430 1081 951 356 156 1046 313 110 1046 1091 1082 0(40030.00, 40030.00)
route 114, node_num 7, cost 1056.286000, nodes: 0(120000.00, 120000.00) 1091 1081 64 335 605 594 836 1033 0(44551.00, 44551.00)
route 115, node_num 8, cost 1154.804000, nodes: 0(120000.00, 120000.00) 814 265 1092 887 86 703 1086 813 1033 0(37514.00, 37514.00)
route 116, node_num 8, cost 1283.128000, nodes: 0(120000.00, 120000.00) 1023 829 1019 339 530 735 1092 170 316 1086 0(28348.00, 28348.00)
route 117, node_num 8, cost 1221.864000, nodes: 0(120000.00, 120000.00) 1057 798 871 285 1065 1031 679 1031 770 1092 347 1058 0(32724.00, 32724.00)
route 118, node_num 7, cost 1295.742000, nodes: 0(120000.00, 120000.00) 62 1092 75 61 1032 630 1032 57 0(27447.00, 27447.00)
route 119, node_num 7, cost 1286.376000, nodes: 0(120000.00, 120000.00) 986 1057 807 923 179 109 1032 1092 0(28116.00, 28116.00)
route 120, node_num 8, cost 1252.384000, nodes: 0(120000.00, 120000.00) 1033 710 1058 1086 742 80 867 344 1046 30 1033 0(30544.00, 30544.00)
route 121, node_num 8, cost 1185.142000, nodes: 0(120000.00, 120000.00) 1057 104 1092 915 502 66 698 1031 1019 180 0(35347.00, 35347.00)
route 122, node_num 6, cost 476.756000, nodes: 0(120000.00, 120000.00) 1013 857 129 1044 55 609 0(85946.00, 85946.00)
route 123, node_num 8, cost 379.512000, nodes: 0(120000.00, 120000.00) 65 477 573 570 487 721 0(92892.00, 92892.00)
route 124, node_num 6, cost 211.470000, nodes: 0(120000.00, 120000.00) 461 220 89 442 0(104895.00, 104895.00)
route 125, node_num 7, cost 626.598000, nodes: 0(120000.00, 120000.00) 1023 219 92 95 203 495 0(75243.00, 75243.00)
route 126, node_num 9, cost 586.236000, nodes: 0(120000.00, 120000.00) 260 451 215 690 606 396 566 1023 0(78126.00, 78126.00)
route 127, node_num 8, cost 327.012000, nodes: 0(120000.00, 120000.00) 886 993 317 204 985 1067 489 0(96642.00, 96642.00)
route 128, node_num 5, cost 402.458000, nodes: 0(120000.00, 120000.00) 631 972 1037 777 0(91253.00, 91253.00)
route 129, node_num 8, cost 496.342000, nodes: 0(120000.00, 120000.00) 468 558 792 388 852 692 0(84547.00, 84547.00)
route 130, node_num 8, cost 480.802000, nodes: 0(120000.00, 120000.00) 294 88 367 929 636 1100 39 0(85657.00, 85657.00)
route 131, node_num 7, cost 415.506000, nodes: 0(120000.00, 120000.00) 498 150 912 795 161 0(90321.00, 90321.00)
route 132, node_num 9, cost 533.274000, nodes: 0(120000.00, 120000.00) 889 23 767 465 361 311 819 1067 1023 0(81909.00, 81909.00)
route 133, node_num 6, cost 300.678000, nodes: 0(120000.00, 120000.00) 944 580 279 359 0(98523.00, 98523.00)
route 134, node_num 9, cost 379.148000, nodes: 0(120000.00, 120000.00) 473 291 460 522 501 1100 627 1100 507 0(92918.00, 92918.00)
route 135, node_num 9, cost 527.632000, nodes: 0(120000.00, 120000.00) 1100 707 888 93 1029 815 231 1066 195 81 1066 0(82312.00, 82312.00)
route 136, node_num 9, cost 507.346000, nodes: 0(120000.00, 120000.00) 960 1100 615 656 1067 96 899 1067 725 408 1066 0(83761.00, 83761.00)
route 137, node_num 7, cost 437.416000, nodes: 0(120000.00, 120000.00) 333 144 165 337 47 0(88756.00, 88756.00)
route 138, node_num 7, cost 397.754000, nodes: 0(120000.00, 120000.00) 226 717 1064 845 293 240 0(91589.00, 91589.00)
route 139, node_num 8, cost 415.520000, nodes: 0(120000.00, 120000.00) 516 824 183 980 978 425 0(90320.00, 90320.00)
route 140, node_num 8, cost 1202.054000, nodes: 0(120000.00, 120000.00) 138 1078 1018 486 43 950 652 278 1042 1002 1059 1093 0(34139.00, 34139.00)
route 141, node_num 6, cost 1347.192000, nodes: 0(120000.00, 120000.00) 1049 6 1069 1075 699 783 1054 37 1083 1093 0(23772.00, 23772.00)
route 142, node_num 8, cost 1201.298000, nodes: 0(120000.00, 120000.00) 689 77 137 964 63 928 1048 1093 0(34193.00, 34193.00)
route 143, node_num 7, cost 1339.380000, nodes: 0(120000.00, 120000.00) 866 399 607 99 1075 603 1018 1078 1002 1059 1093 0(24330.00, 24330.00)
route 144, node_num 7, cost 1378.580000, nodes: 0(120000.00, 120000.00) 616 869 909 555 221 1083 1093 0(21530.00, 21530.00)
route 145, node_num 10, cost 1475.838000, nodes: 0(120000.00, 120000.00) 1085(97648.00, 97648.00) 732 173 115 438 1061(65974.00, 65974.00) 212 1005(38657.00, 38657.00) 1064 0(14583.00, 14583.00)
route 146, node_num 10, cost 1599.276000, nodes: 0(120000.00, 120000.00) 1085(97648.00, 97648.00) 1011 1045 105 1061(74071.00, 74071.00) 865 50 467 526 1061 1091(20190.00, 20190.00) 1082 0(5766.00, 5766.00)
route 147, node_num 7, cost 1107.134000, nodes: 0(120000.00, 120000.00) 1048 511 931 366 778 1094 681 1094 1093 0(40919.00, 40919.00)
route 148, node_num 8, cost 987.420000, nodes: 0(120000.00, 120000.00) 1059 812 797 295 267 85 1048 956 1048 1093 0(49470.00, 49470.00)
route 149, node_num 8, cost 983.500000, nodes: 0(120000.00, 120000.00) 1064 622 571 552 29 597 353 1083 1093 0(49750.00, 49750.00)
route 150, node_num 8, cost 898.856000, nodes: 0(120000.00, 120000.00) 445 368 1063 691 236 492 769 1083 1093 0(55796.00, 55796.00)
route 151, node_num 9, cost 1534.372000, nodes: 0(120000.00, 120000.00) 1085(97648.00, 97648.00) 1002 1078 600 1072 844 858 1072 87 1069 416 1005(34476.00, 34476.00) 1064 0(10402.00, 10402.00)
route 152, node_num 8, cost 1397.984000, nodes: 0(120000.00, 120000.00) 122 485 967 19 799 949 1083 1093 0(20144.00, 20144.00)
route 153, node_num 7, cost 1179.934000, nodes: 0(120000.00, 120000.00) 1049 599 945 40 701 938 1094 1093 0(35719.00, 35719.00)
route 154, node_num 8, cost 1293.362000, nodes: 0(120000.00, 120000.00) 1048 628 263 42 71 774 762 1083 1093 0(27617.00, 27617.00)
route 155, node_num 8, cost 1068.018000, nodes: 0(120000.00, 120000.00) 102 831 632 1049 559 1078 529 598 1059 1093 0(43713.00, 43713.00)
route 156, node_num 8, cost 997.136000, nodes: 0(120000.00, 120000.00) 1049 789 1049 355 321 175 827 1048 171 1059 1093 0(48776.00, 48776.00)
route 157, node_num 7, cost 1246.882000, nodes: 0(120000.00, 120000.00) 712 1048 354 402 936 534 1094 1093 0(30937.00, 30937.00)
route 158, node_num 8, cost 1486.310000, nodes: 0(120000.00, 120000.00) 1069 537 680 1072 734 1072 331 882 1072 785 1083 1093 0(13835.00, 13835.00)
route 159, node_num 9, cost 1682.366000, nodes: 0(120000.00, 120000.00) 1085(97648.00, 97648.00) 1002 422 148 853 903 856 1004(32338.00, 32507.00) 1016 1091 1082 0(0.00, 0.00)
route 160, node_num 9, cost 1674.036000, nodes: 0(120000.00, 120000.00) 1085(97648.00, 97648.00) 1028 1027 1080 582 326 983 207 548 1004 1081(23538.00, 23538.00) 0(426.00, 426.00)
route 161, node_num 8, cost 1454.194000, nodes: 0(120000.00, 120000.00) 1033 1089 1016 651 1076 1022 1090 238 961 33 401 325 1043 1016 1091 1082 0(16129.00, 16129.00)
route 162, node_num 10, cost 1789.228000, nodes: 0(120000.00, 120000.00) 1091(100789.00, 100789.00) 935 1081 1004 133 272 391 249 11 1050(41692.00, 49494.00) 1007 1083 1093 0(0.00, 0.00)
route 163, node_num 8, cost 1789.214000, nodes: 0(120000.00, 120000.00) 1092 1052 1034 1021 1077 568 426 304 414 222 1008 1011 1051(6254.00, 14055.00) 0(0.00, 0.00)
route 164, node_num 10, cost 2049.194000, nodes: 0(120000.00, 120000.00) 1085(97648.00, 97648.00) 1011 117 841 731 453 1062(36171.00, 48487.00) 519 1008 1011 1051(0.00, 14055.00) 0(0.00, 0.00)
route 165, node_num 9, cost 1906.268000, nodes: 0(120000.00, 120000.00) 1085(97648.00, 97648.00) 1009 1088 643 1068 406 977 22 794 1088 1003 1058(1877.00, 18039.00) 0(0.00, 0.00)
route 166, node_num 10, cost 1561.966000, nodes: 0(120000.00, 120000.00) 1085(97648.00, 97648.00) 1028 1022 595 832 261 678 54 275 1088 1043(35066.00, 35066.00) 1016 1091 1082 0(8431.00, 8431.00)
route 167, node_num 9, cost 1727.390000, nodes: 0(120000.00, 120000.00) 1091 1081(92093.00, 92093.00) 192 1009 740 1039 816 111 990 1089(16955.00, 20340.00) 1033 0(0.00, 0.00)
route 168, node_num 9, cost 1914.682000, nodes: 0(120000.00, 120000.00) 1085(97648.00, 97648.00) 1009 1062 999 672 187 49 602 1088 1081(6349.00, 23112.00) 0(0.00, 0.00)
route 169, node_num 8, cost 1518.146000, nodes: 0(120000.00, 120000.00) 1033 1089 1016 1043 1001 655 1039 447 176 202 1039 343 739 1033 0(11561.00, 11561.00)
route 170, node_num 7, cost 1490.104000, nodes: 0(120000.00, 120000.00) 1092 1052 1034 1021 991 116 638 380 101 1088 1033 0(13564.00, 13564.00)
route 171, node_num 10, cost 1667.778000, nodes: 0(120000.00, 120000.00) 1085(97648.00, 97648.00) 1028 1022 27 1039 264 481 241 1008 968 737 1088 1009(35979.00, 35979.00) 1016 1091 1082 0(873.00, 873.00)
route 172, node_num 9, cost 1535.114000, nodes: 0(120000.00, 120000.00) 1085(97648.00, 120000.00) 484 509 201 444 900 1088 1009(67807.00, 67807.00) 1016 1091 1082 0(32701.00, 32701.00)
route 173, node_num 8, cost 1323.056000, nodes: 0(120000.00, 120000.00) 1033 1089 1016 274 1009 757 76 184 296 743 1033 0(25496.00, 25496.00)
route 174, node_num 7, cost 1544.144000, nodes: 0(120000.00, 120000.00) 1092 1052 839 728 654 706 45 1021 1052 1046 1091 1082 0(9704.00, 9704.00)
route 175, node_num 9, cost 1895.446000, nodes: 0(120000.00, 120000.00) 1085(97648.00, 97648.00) 1009 1088 1068 894 880 547 730 527 1062 1039 1036(17880.00, 33269.00) 1043 1016 1091 1082 0(0.00, 0.00)
route 176, node_num 11, cost 1651.244000, nodes: 0(120000.00, 120000.00) 1091 1081(92093.00, 108093.00) 1052 1034 168 314 1087(83691.00, 83691.00) 392 538 90 805 1021 1070(55869.00, 55869.00) 1052 1046 1091 1082 0(18054.00, 18054.00)
route 177, node_num 9, cost 1754.438000, nodes: 0(120000.00, 120000.00) 1085(97648.00, 97648.00) 1009 1088 16 373 667 810 1062 806 1033(7621.00, 12938.00) 0(0.00, 0.00)
vehicle (route) number: 178
Total cost: 256626.16
259846.71, 32419.35
258247.45, 32415.44
259636.65, 32419.30
257634.39, 32441.11
258484.73, 32407.92
257339.89, 32415.35
257612.37, 32407.06
256991.04, 32408.23
256900.96, 32401.63
256626.16, 29855.62
