Details of the solution:
route 0, node_num 6, cost 1362.858000, nodes: 0(120000.00, 120000.00) 77 108 43 145 0(22653.00, 22653.00)
route 1, node_num 6, cost 1619.702000, nodes: 0(120000.00, 120000.00) 212(72845.00, 72845.00) 88 129 114 0(4307.00, 4307.00)
route 2, node_num 6, cost 1342.460000, nodes: 0(120000.00, 120000.00) 70 102 49 186 240 0(24110.00, 24110.00)
route 3, node_num 7, cost 970.550000, nodes: 0(120000.00, 120000.00) 57 148 163 20 7 0(50675.00, 50675.00)
route 4, node_num 8, cost 1730.624000, nodes: 0(120000.00, 120000.00) 14 159 270(57277.00, 60893.00) 183 112 23 0(0.00, 0.00)
route 5, node_num 6, cost 1644.748000, nodes: 0(120000.00, 120000.00) 140 156 99 72 0(2518.00, 2518.00)
route 6, node_num 7, cost 1390.550000, nodes: 0(120000.00, 120000.00) 278 51 63 92 278 155 168 0(20675.00, 20675.00)
route 7, node_num 8, cost 1583.022000, nodes: 0(120000.00, 120000.00) 8 128 82 126 143 275(24452.00, 24452.00) 0(6927.00, 6927.00)
route 8, node_num 6, cost 1428.910000, nodes: 0(120000.00, 120000.00) 138 144 97 116 0(17935.00, 17935.00)
route 9, node_num 7, cost 1457.680000, nodes: 0(120000.00, 120000.00) 79 117 18 162 161 0(15880.00, 15880.00)
route 10, node_num 7, cost 988.750000, nodes: 0(120000.00, 120000.00) 173 184 84 169 137 0(49375.00, 49375.00)
route 11, node_num 7, cost 707.630000, nodes: 0(120000.00, 120000.00) 158 94 11 111 124 0(69455.00, 69455.00)
route 12, node_num 7, cost 1145.788000, nodes: 0(120000.00, 120000.00) 190 227 176 68 30 36 0(38158.00, 38158.00)
route 13, node_num 7, cost 901.488000, nodes: 0(120000.00, 120000.00) 146 182 130 122 39 0(55608.00, 55608.00)
route 14, node_num 7, cost 1630.538000, nodes: 0(120000.00, 120000.00) 149 200 113 3 109 0(3533.00, 3533.00)
route 15, node_num 7, cost 1041.362000, nodes: 0(120000.00, 120000.00) 160 96 26 95 91 0(45617.00, 45617.00)
route 16, node_num 7, cost 1006.894000, nodes: 0(120000.00, 120000.00) 44 90 69 178 198 0(48079.00, 48079.00)
route 17, node_num 7, cost 1115.604000, nodes: 0(120000.00, 120000.00) 89 121 21 22 154 0(40314.00, 40314.00)
route 18, node_num 6, cost 606.550000, nodes: 0(120000.00, 120000.00) 46 179 195 37 0(76675.00, 76675.00)
route 19, node_num 6, cost 805.322000, nodes: 0(120000.00, 120000.00) 76 71 74 147 0(62477.00, 62477.00)
route 20, node_num 7, cost 830.298000, nodes: 0(120000.00, 120000.00) 86 34 136 32 47 0(60693.00, 60693.00)
route 21, node_num 5, cost 1240.876000, nodes: 0(120000.00, 120000.00) 98 56 42 0(31366.00, 31366.00)
route 22, node_num 8, cost 1462.062000, nodes: 0(120000.00, 120000.00) 189 103 19 5 48 65 0(15567.00, 15567.00)
route 23, node_num 8, cost 1224.412000, nodes: 0(120000.00, 120000.00) 192 27 15 55 13 164 0(32542.00, 32542.00)
route 24, node_num 7, cost 1610.308000, nodes: 0(120000.00, 120000.00) 166 58 151 28 67 0(4978.00, 4978.00)
route 25, node_num 8, cost 1040.942000, nodes: 0(120000.00, 120000.00) 187 196 268 115 119 80 181 0(45647.00, 45647.00)
route 26, node_num 6, cost 836.738000, nodes: 0(120000.00, 120000.00) 167 120 62 134 0(60233.00, 60233.00)
route 27, node_num 7, cost 1114.680000, nodes: 0(120000.00, 120000.00) 131 170 25 171 118 0(40380.00, 40380.00)
route 28, node_num 7, cost 1016.484000, nodes: 0(120000.00, 120000.00) 199 268 101 59 12 193 0(47394.00, 47394.00)
route 29, node_num 6, cost 701.512000, nodes: 0(120000.00, 120000.00) 132 40 52 2 0(69892.00, 69892.00)
route 30, node_num 8, cost 1851.556000, nodes: 0(120000.00, 120000.00) 185 104 61 6 107 268(18447.00, 30701.00) 286 225 0(0.00, 0.00)
route 31, node_num 5, cost 849.506000, nodes: 0(120000.00, 120000.00) 83 35 93 0(59321.00, 59321.00)
route 32, node_num 7, cost 912.842000, nodes: 0(120000.00, 120000.00) 75 41 191 225 188 206 273 106 0(54797.00, 54797.00)
route 33, node_num 7, cost 1233.988000, nodes: 0(120000.00, 120000.00) 174 45 24 16 54 0(31858.00, 31858.00)
route 34, node_num 5, cost 1008.644000, nodes: 0(120000.00, 120000.00) 157 17 180 0(47954.00, 47954.00)
route 35, node_num 8, cost 987.910000, nodes: 0(120000.00, 120000.00) 175 81 33 139 133 50 0(49435.00, 49435.00)
route 36, node_num 6, cost 1532.370000, nodes: 0(120000.00, 120000.00) 152 31 38 78 0(10545.00, 10545.00)
route 37, node_num 8, cost 1635.816000, nodes: 0(120000.00, 120000.00) 135 142 29 73 177 268 245(28218.00, 28218.00) 0(3156.00, 3156.00)
route 38, node_num 7, cost 1305.178000, nodes: 0(120000.00, 120000.00) 9 165 100 64 60 0(26773.00, 26773.00)
route 39, node_num 6, cost 1526.910000, nodes: 0(120000.00, 120000.00) 110 127 66 105 0(10935.00, 10935.00)
route 40, node_num 8, cost 1857.016000, nodes: 0(120000.00, 120000.00) 153 85 53 141 125 225(11483.00, 24127.00) 0(0.00, 0.00)
route 41, node_num 8, cost 1732.906000, nodes: 0(120000.00, 120000.00) 10 1 194 172 123 225(20348.00, 24127.00) 0(0.00, 0.00)
route 42, node_num 6, cost 918.722000, nodes: 0(120000.00, 120000.00) 150 87 197 4 0(54377.00, 54377.00)
vehicle (route) number: 43
Total cost: 65812.71
66527.80, 3115.76
66432.07, 3737.98
65812.71, 3601.72
66465.83, 3626.99
66325.20, 3616.10
65936.98, 3626.41
66088.53, 3082.64
66561.94, 3723.59
65943.17, 3612.87
65970.32, 3603.09
