Details of the solution:
route 0, node_num 8, cost 1682.408000, nodes: 0(120000.00, 120000.00) 16 91 85 134 198 275(21444.00, 21616.00) 0(0.00, 0.00)
route 1, node_num 4, cost 89.222000, nodes: 0(120000.00, 120000.00) 153 93 0(113627.00, 113627.00)
route 2, node_num 7, cost 1081.066000, nodes: 0(120000.00, 120000.00) 24 14 70 23 57 0(42781.00, 42781.00)
route 3, node_num 6, cost 945.406000, nodes: 0(120000.00, 120000.00) 12 133 189 138 0(52471.00, 52471.00)
route 4, node_num 8, cost 1778.448000, nodes: 0(120000.00, 120000.00) 142 187 121 39 196 235(24496.00, 31528.00) 0(0.00, 0.00)
route 5, node_num 6, cost 850.080000, nodes: 0(120000.00, 120000.00) 40 152 68 11 0(59280.00, 59280.00)
route 6, node_num 7, cost 1162.518000, nodes: 0(120000.00, 120000.00) 21 101 75 94 10 0(36963.00, 36963.00)
route 7, node_num 7, cost 1568.658000, nodes: 0(120000.00, 120000.00) 118 242 92 43 200 155 0(7953.00, 7953.00)
route 8, node_num 7, cost 1439.998000, nodes: 0(120000.00, 120000.00) 67 158 183 141 163 0(17143.00, 17143.00)
route 9, node_num 7, cost 1200.584000, nodes: 0(120000.00, 120000.00) 195 56 110 136 9 0(34244.00, 34244.00)
route 10, node_num 7, cost 1400.756000, nodes: 0(120000.00, 120000.00) 175 140 46 37 88 0(19946.00, 19946.00)
route 11, node_num 6, cost 1499.652000, nodes: 0(120000.00, 120000.00) 185 160 197 69 0(12882.00, 12882.00)
route 12, node_num 7, cost 1465.282000, nodes: 0(120000.00, 120000.00) 157 177 100 148 150 0(15337.00, 15337.00)
route 13, node_num 8, cost 1697.766000, nodes: 0(120000.00, 120000.00) 146 86 28 49 199 237(17563.00, 18832.00) 0(0.00, 0.00)
route 14, node_num 6, cost 1535.758000, nodes: 0(120000.00, 120000.00) 170 151 120 52 0(10303.00, 10303.00)
route 15, node_num 6, cost 1493.730000, nodes: 0(120000.00, 120000.00) 80 107 15 116 0(13305.00, 13305.00)
route 16, node_num 6, cost 750.876000, nodes: 0(120000.00, 120000.00) 18 190 161 102 0(66366.00, 66366.00)
route 17, node_num 8, cost 992.866000, nodes: 0(120000.00, 120000.00) 108 184 27 62 293 31 74 0(49081.00, 49081.00)
route 18, node_num 9, cost 1704.038000, nodes: 0(120000.00, 120000.00) 249(86720.00, 86720.00) 236 181 79 45 186 132 275(19899.00, 21616.00) 0(0.00, 0.00)
route 19, node_num 5, cost 1169.378000, nodes: 0(120000.00, 120000.00) 178 147 124 0(36473.00, 36473.00)
route 20, node_num 10, cost 1638.742000, nodes: 0(120000.00, 120000.00) 249(86720.00, 86720.00) 99 239(60976.00, 60976.00) 33 149 125 145 252(14093.00, 14093.00) 0(2947.00, 2947.00)
route 21, node_num 8, cost 1780.394000, nodes: 0(120000.00, 120000.00) 84 182 143 5 13 275(14445.00, 21616.00) 0(0.00, 0.00)
route 22, node_num 7, cost 1795.220000, nodes: 0(120000.00, 120000.00) 78 162 128 26 252(2916.00, 11146.00) 0(0.00, 0.00)
route 23, node_num 6, cost 523.124000, nodes: 0(120000.00, 120000.00) 36 164 55 77 0(82634.00, 82634.00)
route 24, node_num 8, cost 1108.618000, nodes: 0(120000.00, 120000.00) 154 264 109 7 123 42 111 0(40813.00, 40813.00)
route 25, node_num 5, cost 572.488000, nodes: 0(120000.00, 120000.00) 122 192 19 0(79108.00, 79108.00)
route 26, node_num 6, cost 1261.148000, nodes: 0(120000.00, 120000.00) 58 22 17 169 0(29918.00, 29918.00)
route 27, node_num 7, cost 1123.360000, nodes: 0(120000.00, 120000.00) 113 127 71 4 38 0(39760.00, 39760.00)
route 28, node_num 7, cost 1293.656000, nodes: 0(120000.00, 120000.00) 165 191 112 97 35 0(27596.00, 27596.00)
route 29, node_num 8, cost 1232.252000, nodes: 0(120000.00, 120000.00) 105 300 30 249 193 172 129 87 0(31982.00, 31982.00)
route 30, node_num 6, cost 1458.534000, nodes: 0(120000.00, 120000.00) 188 63 115 82 0(15819.00, 15819.00)
route 31, node_num 6, cost 861.378000, nodes: 0(120000.00, 120000.00) 3 47 81 126 0(58473.00, 58473.00)
route 32, node_num 6, cost 1341.018000, nodes: 0(120000.00, 120000.00) 180 194 66 51 0(24213.00, 24213.00)
route 33, node_num 6, cost 1512.224000, nodes: 0(120000.00, 120000.00) 156 61 72 174 289 0(11984.00, 11984.00)
route 34, node_num 6, cost 838.208000, nodes: 0(120000.00, 120000.00) 144 50 103 166 0(60128.00, 60128.00)
route 35, node_num 7, cost 1095.878000, nodes: 0(120000.00, 120000.00) 65 25 98 117 135 0(41723.00, 41723.00)
route 36, node_num 7, cost 1630.482000, nodes: 0(120000.00, 120000.00) 64 173 130 119 53 0(3537.00, 3537.00)
route 37, node_num 7, cost 946.092000, nodes: 0(120000.00, 120000.00) 131 6 2 139 44 0(52422.00, 52422.00)
route 38, node_num 6, cost 1211.546000, nodes: 0(120000.00, 120000.00) 90 73 114 167 0(33461.00, 33461.00)
route 39, node_num 9, cost 1963.962000, nodes: 0(120000.00, 120000.00) 171 241 48 241(52461.00, 53912.00) 104 54 59 237(0.00, 18832.00) 0(0.00, 0.00)
route 40, node_num 8, cost 1723.596000, nodes: 0(120000.00, 120000.00) 211(72171.00, 75285.00) 159 137 95 20 168 0(0.00, 0.00)
route 41, node_num 6, cost 1658.454000, nodes: 0(120000.00, 120000.00) 179 96 60 8 0(1539.00, 1539.00)
route 42, node_num 8, cost 1751.778000, nodes: 0(120000.00, 120000.00) 41 83 29 176 32 252(6019.00, 11146.00) 0(0.00, 0.00)
route 43, node_num 8, cost 1710.254000, nodes: 0(120000.00, 120000.00) 34 89 76 106 1 274(32413.00, 34574.00) 212 0(0.00, 0.00)
vehicle (route) number: 44
Total cost: 70740.90
71321.22, 3603.61
70740.90, 3654.37
71386.04, 3896.08
71245.71, 3637.13
71729.42, 3614.83
71020.01, 3672.37
71852.72, 3701.90
70949.26, 3616.18
71148.68, 3662.80
71965.81, 3728.89
