Details of the solution:
route 0, node_num 8, cost 1337.252000, nodes: 0(120000.00, 120000.00) 230 201 259 274 30 257 24 193 170 75 94 274 259 220 273 213 0(24482.00, 24482.00)
route 1, node_num 9, cost 1841.700000, nodes: 0(120000.00, 120000.00) 229(89163.00, 89163.00) 231 145 41 43 92 118 250 206 208(4152.00, 15702.00) 291 0(0.00, 0.00)
route 2, node_num 7, cost 1564.458000, nodes: 0(120000.00, 120000.00) 225 11 90 183 73 114 260 213 0(8253.00, 8253.00)
route 3, node_num 10, cost 1600.662000, nodes: 0(120000.00, 120000.00) 273(97835.00, 113835.00) 157 155 78 217(76227.00, 76227.00) 67 194 292 288(49205.00, 49205.00) 211 213 0(21667.00, 21667.00)
route 4, node_num 11, cost 1637.902000, nodes: 0(120000.00, 120000.00) 232(86549.00, 86549.00) 167 51 239(69955.00, 69955.00) 66 268 141 252(55427.00, 55427.00) 158 235(38909.00, 38909.00) 288 211 213 0(3007.00, 3007.00)
route 5, node_num 7, cost 1618.484000, nodes: 0(120000.00, 120000.00) 230 201 259 274 79 181 244 100 101 257 144 271 288 211 213 0(4394.00, 4394.00)
route 6, node_num 7, cost 1521.030000, nodes: 0(120000.00, 120000.00) 225 253 235 180 163 177 200 290 161 226 295 211 213 0(11355.00, 11355.00)
route 7, node_num 8, cost 1186.892000, nodes: 0(120000.00, 120000.00) 225 164 288 105 62 10 184 226 55 260 213 0(35222.00, 35222.00)
route 8, node_num 8, cost 1776.530000, nodes: 0(120000.00, 120000.00) 230 201 259 274 257 148 284 218 99 186 210 277 59 215 86 219(17855.00, 24750.00) 0(0.00, 0.00)
route 9, node_num 7, cost 1084.454000, nodes: 0(120000.00, 120000.00) 273 220 81 127 209 126 116 47 220 273 213 0(42539.00, 42539.00)
route 10, node_num 7, cost 1385.720000, nodes: 0(120000.00, 120000.00) 230 243 209 179 16 202 120 15 165 229 213 0(21020.00, 21020.00)
route 11, node_num 7, cost 1376.172000, nodes: 0(120000.00, 120000.00) 230 201 259 129 172 69 203 231 97 231 146 233 0(21702.00, 21702.00)
route 12, node_num 10, cost 1772.848000, nodes: 0(120000.00, 120000.00) 229(89163.00, 120000.00) 262 246 83 125 29 246(81383.00, 81383.00) 197 80 262 251 208 291(31246.00, 31246.00) 0(24205.00, 24205.00)
route 13, node_num 10, cost 1698.186000, nodes: 0(120000.00, 120000.00) 273 220 282 231 266 132 107 210(63716.00, 63716.00) 261 143 5 210(54294.00, 54294.00) 182 243 272(7409.00, 8708.00) 0(0.00, 0.00)
route 14, node_num 8, cost 1518.790000, nodes: 0(120000.00, 120000.00) 273 220 87 209 96 151 214 54 104 48 249 229 213 0(11515.00, 11515.00)
route 15, node_num 10, cost 1866.284000, nodes: 0(120000.00, 120000.00) 230 201 259 274 257 246(67173.00, 67173.00) 149 176 32 45 210 214(35668.00, 35668.00) 106 214 289 219(11444.00, 24750.00) 0(0.00, 0.00)
route 16, node_num 7, cost 1496.698000, nodes: 0(120000.00, 120000.00) 230 201 259 274 185 160 84 203 71 35 220 273 213 0(13093.00, 13093.00)
route 17, node_num 8, cost 1548.568000, nodes: 0(120000.00, 120000.00) 273 220 282 89 214 91 85 134 198 13 282 220 273 213 0(9388.00, 9388.00)
route 18, node_num 9, cost 1825.796000, nodes: 0(120000.00, 120000.00) 229(89163.00, 92536.00) 231 218 270 128 162 26 33 218 262 52 208 291(0.00, 7041.00) 0(0.00, 0.00)
route 19, node_num 7, cost 1145.550000, nodes: 0(120000.00, 120000.00) 154 18 225 288 190 50 288 77 260 213 0(38175.00, 38175.00)
route 20, node_num 7, cost 611.604000, nodes: 0(120000.00, 120000.00) 12 133 291 230 175 135 7 0(76314.00, 76314.00)
route 21, node_num 8, cost 978.950000, nodes: 0(120000.00, 120000.00) 111 204 88 64 53 187 173 294 233 0(50075.00, 50075.00)
route 22, node_num 7, cost 1349.376000, nodes: 0(120000.00, 120000.00) 153 279 1 76 60 159 219 0(23616.00, 23616.00)
route 23, node_num 8, cost 987.966000, nodes: 0(120000.00, 120000.00) 230 208 195 110 178 196 63 37 255 233 0(49431.00, 49431.00)
route 24, node_num 7, cost 1211.056000, nodes: 0(120000.00, 120000.00) 233 168 219 8 49 267 199 267 28 272 0(33496.00, 33496.00)
route 25, node_num 7, cost 1019.536000, nodes: 0(120000.00, 120000.00) 230 131 3 4 44 6 243 0(47176.00, 47176.00)
route 26, node_num 6, cost 978.334000, nodes: 0(120000.00, 120000.00) 212 236 36 299 19 260 166 192 260 213 0(50119.00, 50119.00)
route 27, node_num 8, cost 1135.988000, nodes: 0(120000.00, 120000.00) 225 108 102 201 259 113 274 27 220 273 9 273 117 291 0(38858.00, 38858.00)
route 28, node_num 7, cost 759.696000, nodes: 0(120000.00, 120000.00) 228 23 238 174 140 46 269 228 14 0(65736.00, 65736.00)
route 29, node_num 7, cost 991.844000, nodes: 0(120000.00, 120000.00) 230 139 2 56 169 115 208 291 0(49154.00, 49154.00)
route 30, node_num 7, cost 559.720000, nodes: 0(120000.00, 120000.00) 189 109 272 82 147 230 123 291 0(80020.00, 80020.00)
route 31, node_num 7, cost 1052.730000, nodes: 0(120000.00, 120000.00) 230 17 22 58 188 39 219 0(44805.00, 44805.00)
route 32, node_num 8, cost 1016.778000, nodes: 0(120000.00, 120000.00) 233 221 137 224 121 20 95 224 119 130 255 233 0(47373.00, 47373.00)
route 33, node_num 7, cost 865.466000, nodes: 0(120000.00, 120000.00) 38 136 98 25 243 42 291 0(58181.00, 58181.00)
route 34, node_num 7, cost 1057.784000, nodes: 0(120000.00, 120000.00) 225 103 68 152 40 122 260 213 0(44444.00, 44444.00)
route 35, node_num 6, cost 1066.254000, nodes: 0(120000.00, 120000.00) 191 112 34 229 65 291 0(43839.00, 43839.00)
route 36, node_num 7, cost 1372.714000, nodes: 0(120000.00, 120000.00) 212 21 299 288 31 74 150 290 280 171 245 211 213 0(21949.00, 21949.00)
route 37, node_num 6, cost 660.198000, nodes: 0(120000.00, 120000.00) 57 142 93 279 258 124 213 0(72843.00, 72843.00)
route 38, node_num 7, cost 635.040000, nodes: 0(120000.00, 120000.00) 138 228 61 156 72 238 70 238 0(74640.00, 74640.00)
vehicle (route) number: 39
Total cost: 60815.01
61359.49, 3606.74
60900.76, 2578.96
60815.01, 3055.70
60900.33, 3604.47
60900.55, 3601.89
60925.51, 2596.51
60847.90, 3715.91
61123.40, 3622.83
61045.24, 3641.93
61263.54, 3600.88
