Details of the solution:
route 0, node_num 6, cost 737.744000, nodes: 0(120000.00, 120000.00) 167 120 62 2 0(67304.00, 67304.00)
route 1, node_num 8, cost 972.692000, nodes: 0(120000.00, 120000.00) 44 90 69 169 137 168 0(50522.00, 50522.00)
route 2, node_num 7, cost 992.586000, nodes: 0(120000.00, 120000.00) 199 268 101 115 119 80 0(49101.00, 49101.00)
route 3, node_num 8, cost 1656.242000, nodes: 0(120000.00, 120000.00) 79 117 126 144 143 275(19222.00, 19222.00) 0(1697.00, 1697.00)
route 4, node_num 7, cost 1196.258000, nodes: 0(120000.00, 120000.00) 187 27 15 55 13 0(34553.00, 34553.00)
route 5, node_num 7, cost 1233.988000, nodes: 0(120000.00, 120000.00) 174 45 24 16 54 0(31858.00, 31858.00)
route 6, node_num 8, cost 985.894000, nodes: 0(120000.00, 120000.00) 57 148 163 20 36 181 0(49579.00, 49579.00)
route 7, node_num 7, cost 1305.178000, nodes: 0(120000.00, 120000.00) 9 165 100 64 60 0(26773.00, 26773.00)
route 8, node_num 6, cost 1378.524000, nodes: 0(120000.00, 120000.00) 87 197 288 127 78 0(21534.00, 21534.00)
route 9, node_num 6, cost 1362.858000, nodes: 0(120000.00, 120000.00) 77 108 43 145 0(22653.00, 22653.00)
route 10, node_num 6, cost 1432.564000, nodes: 0(120000.00, 120000.00) 176 102 97 116 0(17674.00, 17674.00)
route 11, node_num 8, cost 1170.666000, nodes: 0(120000.00, 120000.00) 160 96 26 95 91 154 0(36381.00, 36381.00)
route 12, node_num 8, cost 1462.062000, nodes: 0(120000.00, 120000.00) 189 103 19 5 48 65 0(15567.00, 15567.00)
route 13, node_num 7, cost 1116.360000, nodes: 0(120000.00, 120000.00) 158 131 236 35 171 118 0(40260.00, 40260.00)
route 14, node_num 6, cost 1394.162000, nodes: 0(120000.00, 120000.00) 152 31 93 111 0(20417.00, 20417.00)
route 15, node_num 7, cost 1353.912000, nodes: 0(120000.00, 120000.00) 150 110 66 105 67 0(23292.00, 23292.00)
route 16, node_num 6, cost 1275.778000, nodes: 0(120000.00, 120000.00) 173 184 84 114 0(28873.00, 28873.00)
route 17, node_num 8, cost 1719.704000, nodes: 0(120000.00, 120000.00) 14 159 183 49 284(42077.00, 44913.00) 161 0(0.00, 0.00)
route 18, node_num 8, cost 968.170000, nodes: 0(120000.00, 120000.00) 86 34 121 136 32 47 0(50845.00, 50845.00)
route 19, node_num 7, cost 1089.340000, nodes: 0(120000.00, 120000.00) 83 170 25 38 4 0(42190.00, 42190.00)
route 20, node_num 8, cost 1851.556000, nodes: 0(120000.00, 120000.00) 185 104 61 6 107 268(18447.00, 30701.00) 286 225 0(0.00, 0.00)
route 21, node_num 6, cost 1362.732000, nodes: 0(120000.00, 120000.00) 278 51 63 92 278 155 0(22662.00, 22662.00)
route 22, node_num 6, cost 705.754000, nodes: 0(120000.00, 120000.00) 132 40 94 11 0(69589.00, 69589.00)
route 23, node_num 7, cost 1551.312000, nodes: 0(120000.00, 120000.00) 166 58 151 28 164 0(9192.00, 9192.00)
route 24, node_num 7, cost 837.312000, nodes: 0(120000.00, 120000.00) 190 225 71 74 106 134 0(60192.00, 60192.00)
route 25, node_num 7, cost 901.488000, nodes: 0(120000.00, 120000.00) 146 182 130 122 39 0(55608.00, 55608.00)
route 26, node_num 8, cost 1857.016000, nodes: 0(120000.00, 120000.00) 153 85 53 141 125 225(11483.00, 24127.00) 0(0.00, 0.00)
route 27, node_num 8, cost 1732.906000, nodes: 0(120000.00, 120000.00) 10 1 194 172 123 225(20348.00, 24127.00) 0(0.00, 0.00)
route 28, node_num 6, cost 1493.702000, nodes: 0(120000.00, 120000.00) 8 128 82 186 240 0(13307.00, 13307.00)
route 29, node_num 5, cost 1240.876000, nodes: 0(120000.00, 120000.00) 98 56 42 0(31366.00, 31366.00)
route 30, node_num 7, cost 1181.558000, nodes: 0(120000.00, 120000.00) 89 21 22 178 198 0(35603.00, 35603.00)
route 31, node_num 6, cost 573.972000, nodes: 0(120000.00, 120000.00) 46 179 37 124 0(79002.00, 79002.00)
route 32, node_num 8, cost 1635.816000, nodes: 0(120000.00, 120000.00) 135 142 29 73 177 268 245(28218.00, 28218.00) 0(3156.00, 3156.00)
route 33, node_num 5, cost 1008.644000, nodes: 0(120000.00, 120000.00) 157 17 180 0(47954.00, 47954.00)
route 34, node_num 8, cost 1641.402000, nodes: 0(120000.00, 120000.00) 212(72845.00, 72845.00) 88 129 18 112 23 0(2757.00, 2757.00)
route 35, node_num 6, cost 1644.748000, nodes: 0(120000.00, 120000.00) 140 156 99 72 0(2518.00, 2518.00)
route 36, node_num 7, cost 1065.848000, nodes: 0(120000.00, 120000.00) 192 59 12 30 193 0(43868.00, 43868.00)
route 37, node_num 6, cost 685.944000, nodes: 0(120000.00, 120000.00) 76 52 195 147 0(71004.00, 71004.00)
route 38, node_num 7, cost 945.126000, nodes: 0(120000.00, 120000.00) 75 41 191 196 188 0(52491.00, 52491.00)
route 39, node_num 8, cost 987.910000, nodes: 0(120000.00, 120000.00) 175 81 33 139 133 50 0(49435.00, 49435.00)
route 40, node_num 7, cost 1260.980000, nodes: 0(120000.00, 120000.00) 70 138 162 68 7 0(29930.00, 29930.00)
route 41, node_num 7, cost 1630.538000, nodes: 0(120000.00, 120000.00) 149 200 113 3 109 0(3533.00, 3533.00)
vehicle (route) number: 42
Total cost: 65201.82
65742.35, 3619.40
65572.29, 3691.08
66248.60, 3607.76
66548.21, 3601.82
65519.68, 3762.47
65367.13, 3655.21
66333.74, 3618.67
65201.82, 3604.01
65838.10, 3637.10
66076.90, 2645.32
