Details of the solution:
route 0, node_num 8, cost 1337.252000, nodes: 0(120000.00, 120000.00) 230 201 259 274 30 257 24 193 170 75 94 274 259 220 273 213 0(24482.00, 24482.00)
route 1, node_num 7, cost 1211.056000, nodes: 0(120000.00, 120000.00) 233 168 219 8 49 267 199 267 28 272 0(33496.00, 33496.00)
route 2, node_num 7, cost 1380.442000, nodes: 0(120000.00, 120000.00) 225 253 235 157 155 150 290 161 226 295 171 245 211 213 0(21397.00, 21397.00)
route 3, node_num 10, cost 1621.228000, nodes: 0(120000.00, 120000.00) 232(86549.00, 86549.00) 167 51 239(69955.00, 69955.00) 66 67 194 292 288(31736.00, 31736.00) 211 213 0(4198.00, 4198.00)
route 4, node_num 7, cost 1594.670000, nodes: 0(120000.00, 120000.00) 230 201 259 274 257 148 185 84 203 231 97 231 146 233 0(6095.00, 6095.00)
route 5, node_num 8, cost 1756.076000, nodes: 0(120000.00, 120000.00) 225 103 90 177 78 200 290 243(11083.00, 16517.00) 0(0.00, 0.00)
route 6, node_num 7, cost 1533.840000, nodes: 0(120000.00, 120000.00) 273 220 282 89 214 91 85 277 54 104 249 229 213 0(10440.00, 10440.00)
route 7, node_num 8, cost 1628.718000, nodes: 0(120000.00, 120000.00) 273 220 282 16 132 210 261 143 198 134 13 282 220 273 213 0(3663.00, 3663.00)
route 8, node_num 9, cost 1841.700000, nodes: 0(120000.00, 120000.00) 229(89163.00, 89163.00) 231 145 41 43 92 118 250 206 208(4152.00, 15702.00) 291 0(0.00, 0.00)
route 9, node_num 10, cost 2009.980000, nodes: 0(120000.00, 120000.00) 229(89163.00, 89163.00) 231 218 270 128 162 26 241(48258.00, 48258.00) 281 5 277 249 48 249 275(15250.00, 38820.00) 219 0(0.00, 0.00)
route 10, node_num 7, cost 1426.642000, nodes: 0(120000.00, 120000.00) 225 11 163 73 114 158 264 299 279 0(18097.00, 18097.00)
route 11, node_num 7, cost 1499.442000, nodes: 0(120000.00, 120000.00) 230 243 209 179 202 96 120 76 59 215 275 219 0(12897.00, 12897.00)
route 12, node_num 6, cost 1035.468000, nodes: 0(120000.00, 120000.00) 57 142 166 192 260 213 0(46038.00, 46038.00)
route 13, node_num 8, cost 1115.324000, nodes: 0(120000.00, 120000.00) 273 220 81 127 87 209 126 47 116 298 245 211 213 0(40334.00, 40334.00)
route 14, node_num 7, cost 1548.876000, nodes: 0(120000.00, 120000.00) 230 208 219 1 107 15 151 214 106 214 282 220 273 213 0(9366.00, 9366.00)
route 15, node_num 6, cost 289.156000, nodes: 0(120000.00, 120000.00) 189 109 135 7 0(99346.00, 99346.00)
route 16, node_num 7, cost 601.230000, nodes: 0(120000.00, 120000.00) 12 133 291 82 147 243 42 291 0(77055.00, 77055.00)
route 17, node_num 8, cost 1316.700000, nodes: 0(120000.00, 120000.00) 230 131 201 259 129 172 274 27 220 71 35 220 273 213 0(25950.00, 25950.00)
route 18, node_num 7, cost 1618.484000, nodes: 0(120000.00, 120000.00) 230 201 259 274 79 181 244 100 101 257 144 271 288 211 213 0(4394.00, 4394.00)
route 19, node_num 10, cost 1719.354000, nodes: 0(120000.00, 120000.00) 229(89163.00, 89163.00) 231 160 99 186 210 182 210(49802.00, 49802.00) 262 52 208 291(4230.00, 7041.00) 0(0.00, 0.00)
route 20, node_num 10, cost 1772.848000, nodes: 0(120000.00, 120000.00) 229(89163.00, 120000.00) 262 246 83 125 29 246(81383.00, 81383.00) 197 80 262 251 208 291(31246.00, 31246.00) 0(24205.00, 24205.00)
route 21, node_num 10, cost 1798.342000, nodes: 0(120000.00, 120000.00) 229(89163.00, 89163.00) 262 246 176 149 33 247(56955.00, 56955.00) 32 45 263 289(21050.00, 29503.00) 219 0(0.00, 0.00)
route 22, node_num 7, cost 1059.408000, nodes: 0(120000.00, 120000.00) 230 139 2 56 169 63 255 233 0(44328.00, 44328.00)
route 23, node_num 7, cost 1089.802000, nodes: 0(120000.00, 120000.00) 233 221 137 95 20 224 121 173 294 233 0(42157.00, 42157.00)
route 24, node_num 8, cost 1101.604000, nodes: 0(120000.00, 120000.00) 212 21 299 19 260 68 152 40 122 260 213 0(41314.00, 41314.00)
route 25, node_num 7, cost 1127.308000, nodes: 0(120000.00, 120000.00) 191 112 34 165 229 115 208 291 0(39478.00, 39478.00)
route 26, node_num 6, cost 1335.390000, nodes: 0(120000.00, 120000.00) 225 253 235 180 183 141 252 223 124 213 0(24615.00, 24615.00)
route 27, node_num 8, cost 976.766000, nodes: 0(120000.00, 120000.00) 230 208 195 110 178 196 187 37 255 233 0(50231.00, 50231.00)
route 28, node_num 7, cost 759.696000, nodes: 0(120000.00, 120000.00) 228 23 238 174 140 46 269 228 14 0(65736.00, 65736.00)
route 29, node_num 7, cost 1095.346000, nodes: 0(120000.00, 120000.00) 225 108 102 201 4 44 6 243 0(41761.00, 41761.00)
route 30, node_num 7, cost 1052.730000, nodes: 0(120000.00, 120000.00) 230 17 22 58 188 39 219 0(44805.00, 44805.00)
route 31, node_num 7, cost 1173.648000, nodes: 0(120000.00, 120000.00) 212 236 36 299 288 31 74 290 50 288 77 260 213 0(36168.00, 36168.00)
route 32, node_num 8, cost 788.676000, nodes: 0(120000.00, 120000.00) 111 204 88 64 53 119 130 255 233 0(63666.00, 63666.00)
route 33, node_num 8, cost 1186.892000, nodes: 0(120000.00, 120000.00) 225 164 288 105 62 10 184 226 55 260 213 0(35222.00, 35222.00)
route 34, node_num 8, cost 1073.310000, nodes: 0(120000.00, 120000.00) 154 18 225 288 190 226 3 9 273 117 291 0(43335.00, 43335.00)
route 35, node_num 7, cost 733.866000, nodes: 0(120000.00, 120000.00) 153 93 279 254 98 175 123 291 0(67581.00, 67581.00)
route 36, node_num 7, cost 1417.080000, nodes: 0(120000.00, 120000.00) 230 201 259 113 274 69 203 60 86 159 219 0(18780.00, 18780.00)
route 37, node_num 7, cost 635.040000, nodes: 0(120000.00, 120000.00) 138 228 61 156 72 238 70 238 0(74640.00, 74640.00)
route 38, node_num 6, cost 783.888000, nodes: 0(120000.00, 120000.00) 38 136 25 65 291 0(64008.00, 64008.00)
vehicle (route) number: 39
Total cost: 60747.28
60785.37, 3779.21
60799.68, 3648.37
60988.30, 2930.04
61139.63, 3651.69
60848.44, 3662.98
61011.09, 3631.01
61574.97, 3608.94
61118.94, 3727.71
60823.82, 3623.06
60747.28, 3454.47
