Details of the solution:
route 0, node_num 8, cost 1780.394000, nodes: 0(120000.00, 120000.00) 84 182 143 5 13 275(14445.00, 21616.00) 0(0.00, 0.00)
route 1, node_num 7, cost 1300.922000, nodes: 0(120000.00, 120000.00) 170 193 100 148 150 0(27077.00, 27077.00)
route 2, node_num 9, cost 1704.038000, nodes: 0(120000.00, 120000.00) 249(86720.00, 86720.00) 236 181 79 45 186 132 275(19899.00, 21616.00) 0(0.00, 0.00)
route 3, node_num 8, cost 1129.478000, nodes: 0(120000.00, 120000.00) 105 75 94 172 129 52 0(39323.00, 39323.00)
route 4, node_num 6, cost 1082.592000, nodes: 0(120000.00, 120000.00) 90 114 194 11 0(42672.00, 42672.00)
route 5, node_num 8, cost 1766.604000, nodes: 0(120000.00, 120000.00) 185 83 29 176 32 252(4960.00, 11146.00) 0(0.00, 0.00)
route 6, node_num 6, cost 1013.614000, nodes: 0(120000.00, 120000.00) 113 127 71 4 0(47599.00, 47599.00)
route 7, node_num 8, cost 1802.248000, nodes: 0(120000.00, 120000.00) 78 162 128 26 145 252(2414.00, 11146.00) 0(0.00, 0.00)
route 8, node_num 6, cost 882.000000, nodes: 0(120000.00, 120000.00) 108 184 27 77 0(57000.00, 57000.00)
route 9, node_num 6, cost 1488.900000, nodes: 0(120000.00, 120000.00) 80 160 197 69 0(13650.00, 13650.00)
route 10, node_num 7, cost 1118.656000, nodes: 0(120000.00, 120000.00) 21 101 30 62 293 31 0(40096.00, 40096.00)
route 11, node_num 7, cost 1428.938000, nodes: 0(120000.00, 120000.00) 157 177 43 200 155 0(17933.00, 17933.00)
route 12, node_num 9, cost 1631.714000, nodes: 0(120000.00, 120000.00) 249(86720.00, 86720.00) 99 239(60976.00, 60976.00) 33 149 125 252(14595.00, 14595.00) 0(3449.00, 3449.00)
route 13, node_num 7, cost 1614.914000, nodes: 0(120000.00, 120000.00) 118 41 92 10 74 0(4649.00, 4649.00)
route 14, node_num 5, cost 935.844000, nodes: 0(120000.00, 120000.00) 122 192 124 0(53154.00, 53154.00)
route 15, node_num 6, cost 519.834000, nodes: 0(120000.00, 120000.00) 36 164 55 252 19 0(82869.00, 82869.00)
route 16, node_num 7, cost 939.428000, nodes: 0(120000.00, 120000.00) 3 47 81 126 116 0(52898.00, 52898.00)
route 17, node_num 7, cost 829.724000, nodes: 0(120000.00, 120000.00) 40 103 68 152 166 0(60734.00, 60734.00)
route 18, node_num 6, cost 750.876000, nodes: 0(120000.00, 120000.00) 18 190 161 102 0(66366.00, 66366.00)
route 19, node_num 6, cost 1079.232000, nodes: 0(120000.00, 120000.00) 144 50 73 163 0(42912.00, 42912.00)
route 20, node_num 6, cost 1283.436000, nodes: 0(120000.00, 120000.00) 180 66 51 167 0(28326.00, 28326.00)
route 21, node_num 6, cost 1373.302000, nodes: 0(120000.00, 120000.00) 67 158 183 141 0(21907.00, 21907.00)
route 22, node_num 8, cost 1710.254000, nodes: 0(120000.00, 120000.00) 34 89 76 106 1 274(32413.00, 34574.00) 212 0(0.00, 0.00)
route 23, node_num 8, cost 1697.766000, nodes: 0(120000.00, 120000.00) 146 86 28 49 199 237(17563.00, 18832.00) 0(0.00, 0.00)
route 24, node_num 7, cost 1303.330000, nodes: 0(120000.00, 120000.00) 165 191 112 97 87 0(26905.00, 26905.00)
route 25, node_num 7, cost 1551.200000, nodes: 0(120000.00, 120000.00) 249 107 151 120 15 275(30816.00, 30816.00) 0(9200.00, 9200.00)
route 26, node_num 6, cost 1658.454000, nodes: 0(120000.00, 120000.00) 179 96 60 8 0(1539.00, 1539.00)
route 27, node_num 8, cost 1682.408000, nodes: 0(120000.00, 120000.00) 16 91 85 134 198 275(21444.00, 21616.00) 0(0.00, 0.00)
route 28, node_num 9, cost 1963.962000, nodes: 0(120000.00, 120000.00) 171 241 48 241(52461.00, 53912.00) 104 54 59 237(0.00, 18832.00) 0(0.00, 0.00)
route 29, node_num 8, cost 1766.576000, nodes: 0(120000.00, 120000.00) 230(82952.00, 118952.00) 187 173 130 119 53 0(29816.00, 29816.00)
route 30, node_num 8, cost 1723.596000, nodes: 0(120000.00, 120000.00) 211(72171.00, 75285.00) 159 137 95 20 168 0(0.00, 0.00)
route 31, node_num 6, cost 1365.392000, nodes: 0(120000.00, 120000.00) 188 22 58 35 0(22472.00, 22472.00)
route 32, node_num 8, cost 1079.442000, nodes: 0(120000.00, 120000.00) 154 264 109 7 123 135 111 0(42897.00, 42897.00)
route 33, node_num 7, cost 946.092000, nodes: 0(120000.00, 120000.00) 131 6 2 139 44 0(52422.00, 52422.00)
route 34, node_num 6, cost 1512.224000, nodes: 0(120000.00, 120000.00) 156 61 72 174 289 0(11984.00, 11984.00)
route 35, node_num 7, cost 1417.094000, nodes: 0(120000.00, 120000.00) 195 56 17 110 196 0(18779.00, 18779.00)
route 36, node_num 7, cost 1081.066000, nodes: 0(120000.00, 120000.00) 24 14 70 23 57 0(42781.00, 42781.00)
route 37, node_num 8, cost 975.604000, nodes: 0(120000.00, 120000.00) 65 25 98 136 9 38 0(50314.00, 50314.00)
route 38, node_num 6, cost 1335.600000, nodes: 0(120000.00, 120000.00) 178 63 37 88 0(24600.00, 24600.00)
route 39, node_num 6, cost 1642.746000, nodes: 0(120000.00, 120000.00) 64 121 39 169 0(2661.00, 2661.00)
route 40, node_num 4, cost 89.222000, nodes: 0(120000.00, 120000.00) 153 93 0(113627.00, 113627.00)
route 41, node_num 6, cost 935.928000, nodes: 0(120000.00, 120000.00) 142 133 189 138 0(53148.00, 53148.00)
route 42, node_num 6, cost 1090.432000, nodes: 0(120000.00, 120000.00) 175 147 115 117 0(42112.00, 42112.00)
route 43, node_num 7, cost 1255.492000, nodes: 0(120000.00, 120000.00) 12 140 46 42 82 0(30322.00, 30322.00)
vehicle (route) number: 44
Total cost: 70440.57
71718.91, 3627.63
70440.57, 3687.88
71569.40, 3648.66
71406.73, 3632.42
71145.22, 3282.93
71764.30, 2934.03
71064.81, 3608.95
71884.98, 3439.54
70950.49, 3637.15
72151.38, 3604.38
