Details of the solution:
route 0, node_num 7, cost 1561.700000, nodes: 0(120000.00, 120000.00) 368 303 183 358 384 0(8450.00, 8450.00)
route 1, node_num 6, cost 719.264000, nodes: 0(120000.00, 120000.00) 235 83 35 254 0(68624.00, 68624.00)
route 2, node_num 8, cost 1275.288000, nodes: 0(120000.00, 120000.00) 150 9 165 100 64 381 0(28908.00, 28908.00)
route 3, node_num 8, cost 956.242000, nodes: 0(120000.00, 120000.00) 389 41 330 196 318 188 0(51697.00, 51697.00)
route 4, node_num 7, cost 1433.488000, nodes: 0(120000.00, 120000.00) 70 138 97 126 205 0(17608.00, 17608.00)
route 5, node_num 8, cost 1071.518000, nodes: 0(120000.00, 120000.00) 189 375 292 337 30 193 0(43463.00, 43463.00)
route 6, node_num 8, cost 1848.532000, nodes: 0(120000.00, 120000.00) 378 240 53 141 490(43237.00, 55275.00) 308 0(0.00, 0.00)
route 7, node_num 8, cost 1627.570000, nodes: 0(120000.00, 120000.00) 361 88 113 385 264 252 0(3745.00, 3745.00)
route 8, node_num 8, cost 1431.262000, nodes: 0(120000.00, 120000.00) 304 243 359 5 48 267 0(17767.00, 17767.00)
route 9, node_num 7, cost 988.246000, nodes: 0(120000.00, 120000.00) 322 101 115 119 80 0(49411.00, 49411.00)
route 10, node_num 7, cost 766.794000, nodes: 0(120000.00, 120000.00) 86 34 209 121 341 0(65229.00, 65229.00)
route 11, node_num 7, cost 819.294000, nodes: 0(120000.00, 120000.00) 173 399 184 217 147 0(61479.00, 61479.00)
route 12, node_num 6, cost 1430.030000, nodes: 0(120000.00, 120000.00) 79 117 370 453 162 0(17855.00, 17855.00)
route 13, node_num 7, cost 1493.716000, nodes: 0(120000.00, 120000.00) 10 127 227 24 294 0(13306.00, 13306.00)
route 14, node_num 7, cost 623.616000, nodes: 0(120000.00, 120000.00) 373 397 190 317 195 0(75456.00, 75456.00)
route 15, node_num 8, cost 1483.104000, nodes: 0(120000.00, 120000.00) 383 379 392 29 73 207 0(14064.00, 14064.00)
route 16, node_num 8, cost 961.730000, nodes: 0(120000.00, 120000.00) 214 96 386 26 95 91 0(51305.00, 51305.00)
route 17, node_num 8, cost 1007.916000, nodes: 0(120000.00, 120000.00) 289 365 345 59 324 164 0(48006.00, 48006.00)
route 18, node_num 5, cost 975.030000, nodes: 0(120000.00, 120000.00) 233 17 180 0(50355.00, 50355.00)
route 19, node_num 6, cost 763.532000, nodes: 0(120000.00, 120000.00) 366 120 62 293 0(65462.00, 65462.00)
route 20, node_num 4, cost 333.284000, nodes: 0(120000.00, 120000.00) 76 263 0(96194.00, 96194.00)
route 21, node_num 9, cost 946.288000, nodes: 0(120000.00, 120000.00) 199 191 350 342 216 232 181 0(52408.00, 52408.00)
route 22, node_num 8, cost 1650.152000, nodes: 0(120000.00, 120000.00) 166 58 339 302 281 177 468 486 425 0(2132.00, 2132.00)
route 23, node_num 7, cost 919.114000, nodes: 0(120000.00, 120000.00) 87 197 328 268 4 0(54349.00, 54349.00)
route 24, node_num 7, cost 1072.386000, nodes: 0(120000.00, 120000.00) 480 278 210 313 171 228 401 0(43401.00, 43401.00)
route 25, node_num 7, cost 966.252000, nodes: 0(120000.00, 120000.00) 57 148 163 301 20 0(50982.00, 50982.00)
route 26, node_num 7, cost 1599.878000, nodes: 0(120000.00, 120000.00) 257 200 3 114 109 0(5723.00, 5723.00)
route 27, node_num 8, cost 1269.814000, nodes: 0(120000.00, 120000.00) 244 110 66 16 290 54 0(29299.00, 29299.00)
route 28, node_num 7, cost 1008.490000, nodes: 0(120000.00, 120000.00) 390 90 298 299 7 0(47965.00, 47965.00)
route 29, node_num 7, cost 631.036000, nodes: 0(120000.00, 120000.00) 355 320 291 223 396 0(74926.00, 74926.00)
route 30, node_num 8, cost 1040.004000, nodes: 0(120000.00, 120000.00) 259 84 206 297 137 168 0(45714.00, 45714.00)
route 31, node_num 7, cost 763.910000, nodes: 0(120000.00, 120000.00) 230 283 21 256 37 0(65435.00, 65435.00)
route 32, node_num 8, cost 1328.138000, nodes: 0(120000.00, 120000.00) 135 273 224 367 65 354 423 0(25133.00, 25133.00)
route 33, node_num 9, cost 1782.704000, nodes: 0(120000.00, 120000.00) 212 142 442(59370.00, 59370.00) 213 85 123 425(16791.00, 24127.00) 0(0.00, 0.00)
route 34, node_num 7, cost 1218.490000, nodes: 0(120000.00, 120000.00) 77 380 221 155 382 0(32965.00, 32965.00)
route 35, node_num 7, cost 787.626000, nodes: 0(120000.00, 120000.00) 280 160 284 136 246 451 0(63741.00, 63741.00)
route 36, node_num 6, cost 376.166000, nodes: 0(120000.00, 120000.00) 222 279 124 226 0(93131.00, 93131.00)
route 37, node_num 7, cost 1582.406000, nodes: 0(120000.00, 120000.00) 346 128 82 316 186 440 0(6971.00, 6971.00)
route 38, node_num 8, cost 1325.758000, nodes: 0(120000.00, 120000.00) 326 102 271 49 143 161 0(25303.00, 25303.00)
route 39, node_num 8, cost 886.704000, nodes: 0(120000.00, 120000.00) 75 305 33 139 133 50 0(56664.00, 56664.00)
route 40, node_num 7, cost 535.710000, nodes: 0(120000.00, 120000.00) 52 249 270 134 2 0(81735.00, 81735.00)
route 41, node_num 8, cost 1446.326000, nodes: 0(120000.00, 120000.00) 285 31 152 348 323 472 105 0(16691.00, 16691.00)
route 42, node_num 7, cost 1140.286000, nodes: 0(120000.00, 120000.00) 400 360 19 103 106 0(38551.00, 38551.00)
route 43, node_num 7, cost 1508.962000, nodes: 0(120000.00, 120000.00) 300 140 18 112 23 0(12217.00, 12217.00)
route 44, node_num 8, cost 1294.916000, nodes: 0(120000.00, 120000.00) 225 108 43 145 253 274 0(27506.00, 27506.00)
route 45, node_num 7, cost 385.756000, nodes: 0(120000.00, 120000.00) 229 321 179 344 325 0(92446.00, 92446.00)
route 46, node_num 8, cost 1591.730000, nodes: 0(120000.00, 120000.00) 185 104 61 151 202 393 401 0(6305.00, 6305.00)
route 47, node_num 9, cost 767.228000, nodes: 0(120000.00, 120000.00) 376 272 395 287 32 239 47 0(65198.00, 65198.00)
route 48, node_num 7, cost 918.848000, nodes: 0(120000.00, 120000.00) 157 131 93 220 336 0(54368.00, 54368.00)
route 49, node_num 6, cost 660.744000, nodes: 0(120000.00, 120000.00) 357 388 258 282 0(72804.00, 72804.00)
route 50, node_num 7, cost 1345.876000, nodes: 0(120000.00, 120000.00) 98 56 42 295 288 0(23866.00, 23866.00)
route 51, node_num 8, cost 1111.628000, nodes: 0(120000.00, 120000.00) 89 394 286 178 371 154 0(40598.00, 40598.00)
route 52, node_num 7, cost 1489.698000, nodes: 0(120000.00, 120000.00) 261 156 99 116 219 0(13593.00, 13593.00)
route 53, node_num 8, cost 1333.766000, nodes: 0(120000.00, 120000.00) 478 51 92 63 334 198 352 0(24731.00, 24731.00)
route 54, node_num 8, cost 830.970000, nodes: 0(120000.00, 120000.00) 311 146 182 130 36 338 0(60645.00, 60645.00)
route 55, node_num 7, cost 917.112000, nodes: 0(120000.00, 120000.00) 310 69 208 248 169 0(54492.00, 54492.00)
route 56, node_num 7, cost 1305.598000, nodes: 0(120000.00, 120000.00) 153 307 55 12 340 0(26743.00, 26743.00)
route 57, node_num 9, cost 1721.538000, nodes: 0(120000.00, 120000.00) 351 1 194 28 172 398 447 471(33582.00, 36549.00) 0(0.00, 0.00)
route 58, node_num 7, cost 825.916000, nodes: 0(120000.00, 120000.00) 250 71 74 122 39 0(61006.00, 61006.00)
route 59, node_num 8, cost 1803.788000, nodes: 0(120000.00, 120000.00) 14 260 159 269 129 475(8683.00, 17525.00) 0(0.00, 0.00)
route 60, node_num 7, cost 479.934000, nodes: 0(120000.00, 120000.00) 167 362 204 40 331 0(85719.00, 85719.00)
route 61, node_num 8, cost 1392.216000, nodes: 0(120000.00, 120000.00) 306 364 296 38 78 241 0(20556.00, 20556.00)
route 62, node_num 9, cost 1816.346000, nodes: 0(120000.00, 120000.00) 192 236 245 6 107 125 425(14388.00, 24127.00) 0(0.00, 0.00)
route 63, node_num 8, cost 1766.814000, nodes: 0(120000.00, 120000.00) 363 247 8 144 479(53776.00, 85776.00) 72 0(25799.00, 25799.00)
route 64, node_num 7, cost 1354.290000, nodes: 0(120000.00, 120000.00) 149 266 277 275 215 0(23265.00, 23265.00)
route 65, node_num 6, cost 694.974000, nodes: 0(120000.00, 120000.00) 158 314 94 11 0(70359.00, 70359.00)
route 66, node_num 8, cost 1544.942000, nodes: 0(120000.00, 120000.00) 251 309 377 387 319 237 0(9647.00, 9647.00)
route 67, node_num 8, cost 1067.346000, nodes: 0(120000.00, 120000.00) 255 176 347 353 68 343 0(43761.00, 43761.00)
route 68, node_num 8, cost 1143.170000, nodes: 0(120000.00, 120000.00) 187 27 15 218 13 369 0(38345.00, 38345.00)
route 69, node_num 8, cost 1050.392000, nodes: 0(120000.00, 120000.00) 231 262 25 170 276 118 0(44972.00, 44972.00)
route 70, node_num 7, cost 614.110000, nodes: 0(120000.00, 120000.00) 391 44 312 211 349 0(76135.00, 76135.00)
route 71, node_num 4, cost 359.072000, nodes: 0(120000.00, 120000.00) 132 46 0(94352.00, 94352.00)
route 72, node_num 8, cost 788.452000, nodes: 0(120000.00, 120000.00) 315 487 356 335 487 22 238 374 0(63682.00, 63682.00)
route 73, node_num 8, cost 914.774000, nodes: 0(120000.00, 120000.00) 201 81 327 175 234 329 0(54659.00, 54659.00)
route 74, node_num 7, cost 194.768000, nodes: 0(120000.00, 120000.00) 242 265 372 333 111 0(106088.00, 106088.00)
route 75, node_num 8, cost 1307.124000, nodes: 0(120000.00, 120000.00) 174 45 332 67 60 203 471 0(26634.00, 26634.00)
vehicle (route) number: 76
Total cost: 106951.59
107029.52, 10824.77
107743.39, 10812.89
108406.40, 10820.15
108307.15, 10802.32
108423.65, 10801.05
106951.59, 10869.02
108062.66, 8537.60
108342.32, 10035.58
107164.63, 11165.82
107989.21, 10804.40
