Details of the solution:
route 0, node_num 8, cost 873.852000, nodes: 0(120000.00, 120000.00) 433 489 199 268 147 120 209 258 489 433 0(57582.00, 57582.00)
route 1, node_num 7, cost 1051.442000, nodes: 0(120000.00, 120000.00) 185 474 360 24 481 15 458 57 0(44897.00, 44897.00)
route 2, node_num 7, cost 1194.382000, nodes: 0(120000.00, 120000.00) 433 489 416 443 350 453 253 154 239 229 436 443 416 491 482 0(34687.00, 34687.00)
route 3, node_num 6, cost 1180.592000, nodes: 0(120000.00, 120000.00) 433 489 416 269 169 452 387 152 481 0(35672.00, 35672.00)
route 4, node_num 7, cost 1155.938000, nodes: 0(120000.00, 120000.00) 197 445 114 310 67 411 198 402 459 493 0(37433.00, 37433.00)
route 5, node_num 8, cost 1035.874000, nodes: 0(120000.00, 120000.00) 102 449 236 449 166 463 379 235 438 126 0(46009.00, 46009.00)
route 6, node_num 7, cost 1325.912000, nodes: 0(120000.00, 120000.00) 433 489 416 443 453 332 1 82 296 101 488 433 0(25292.00, 25292.00)
route 7, node_num 7, cost 1255.436000, nodes: 0(120000.00, 120000.00) 448 305 6 137 469 234 445 482 289 433 0(30326.00, 30326.00)
route 8, node_num 8, cost 1031.450000, nodes: 0(120000.00, 120000.00) 433 489 416 8 476 322 300 10 476 299 428 485 182 438 0(46325.00, 46325.00)
route 9, node_num 8, cost 1137.766000, nodes: 0(120000.00, 120000.00) 433 489 416 443 151 404 133 25 404 131 370 41 404 416 491 482 0(38731.00, 38731.00)
route 10, node_num 6, cost 1337.490000, nodes: 0(120000.00, 120000.00) 491 417 476 422 190 139 163 484 211 484 401 443 416 491 482 0(24465.00, 24465.00)
route 11, node_num 8, cost 1147.664000, nodes: 0(120000.00, 120000.00) 433 489 416 443 247 274 21 345 2 28 443 416 491 482 0(38024.00, 38024.00)
route 12, node_num 8, cost 1043.000000, nodes: 0(120000.00, 120000.00) 413 496 158 489 416 98 319 443 273 438 384 323 0(45500.00, 45500.00)
route 13, node_num 8, cost 791.644000, nodes: 0(120000.00, 120000.00) 338 237 79 365 351 491 482 413 119 413 0(63454.00, 63454.00)
route 14, node_num 7, cost 1059.478000, nodes: 0(120000.00, 120000.00) 58 411 159 301 329 244 428 438 0(44323.00, 44323.00)
route 15, node_num 8, cost 1039.738000, nodes: 0(120000.00, 120000.00) 491 225 146 210 443 107 271 135 433 0(45733.00, 45733.00)
route 16, node_num 8, cost 992.642000, nodes: 0(120000.00, 120000.00) 491 403 303 397 108 383 481 121 191 496 413 0(49097.00, 49097.00)
route 17, node_num 8, cost 807.786000, nodes: 0(120000.00, 120000.00) 363 377 349 91 375 438 200 0(62301.00, 62301.00)
route 18, node_num 8, cost 1266.132000, nodes: 0(120000.00, 120000.00) 491 445 372 422 340 480 127 5 378 257 436 443 416 491 482 0(29562.00, 29562.00)
route 19, node_num 10, cost 1766.072000, nodes: 0(120000.00, 120000.00) 485(97648.00, 97648.00) 428 427 480 336 326 117 222 408(47968.00, 47968.00) 325 484 453(27536.00, 33684.00) 443 416 491 482 0(0.00, 0.00)
route 20, node_num 12, cost 1779.526000, nodes: 0(120000.00, 120000.00) 485(97648.00, 97648.00) 402 478 418 454 455 471 186 447(59732.00, 120000.00) 196 447(116706.00, 116706.00) 307 118 495(109639.00, 109639.00) 233 435 404 481(76271.00, 76271.00) 0(53159.00, 53159.00)
route 21, node_num 10, cost 1784.902000, nodes: 0(120000.00, 120000.00) 485(97648.00, 120000.00) 402 478 418 475 399 454 455 435(92285.00, 92285.00) 330 441 352 441 249 11 450(64353.00, 64353.00) 407 483 493 0(14859.00, 14859.00)
route 22, node_num 8, cost 1790.544000, nodes: 0(120000.00, 120000.00) 255 357 280 358 60 471(41316.00, 49212.00) 455 407 483 493 0(0.00, 0.00)
route 23, node_num 7, cost 1254.316000, nodes: 0(120000.00, 120000.00) 227 368 463 40 71 63 448 493 0(30406.00, 30406.00)
route 24, node_num 7, cost 1530.998000, nodes: 0(120000.00, 120000.00) 122 19 472 50 94 472 278 442 402 459 493 0(10643.00, 10643.00)
route 25, node_num 7, cost 882.070000, nodes: 0(120000.00, 120000.00) 124 493 341 297 145 13 459 493 0(56995.00, 56995.00)
route 26, node_num 7, cost 1549.646000, nodes: 0(120000.00, 120000.00) 492 452 238 250 33 217 484 381 484 401 443 416 491 482 0(9311.00, 9311.00)
route 27, node_num 10, cost 1457.274000, nodes: 0(120000.00, 120000.00) 485(97648.00, 97648.00) 411 445 105 461(74071.00, 74071.00) 173 115 331 472 212 405(39983.00, 39983.00) 464 0(15909.00, 15909.00)
route 28, node_num 7, cost 1382.430000, nodes: 0(120000.00, 120000.00) 469 259 99 53 103 407 12 407 483 493 0(21255.00, 21255.00)
route 29, node_num 8, cost 995.218000, nodes: 0(120000.00, 120000.00) 290 493 320 366 295 29 353 483 493 0(48913.00, 48913.00)
route 30, node_num 9, cost 1705.816000, nodes: 0(120000.00, 120000.00) 485(97648.00, 97648.00) 401 207 272 287 276 391 436(31425.00, 33269.00) 443 416 491 482 0(0.00, 0.00)
route 31, node_num 7, cost 1322.230000, nodes: 0(120000.00, 120000.00) 77 354 87 469 37 221 483 493 0(25555.00, 25555.00)
route 32, node_num 9, cost 1933.414000, nodes: 0(120000.00, 120000.00) 485(97648.00, 109648.00) 402 478 418 454 455 471 230 160 3 128 308 471 455(39791.00, 45892.00) 407 483 493 0(0.00, 0.00)
route 33, node_num 7, cost 1524.936000, nodes: 0(120000.00, 120000.00) 491 417 59 476 422 490 36 46 471 390 435 292 454 480 443 416 491 482 0(11076.00, 11076.00)
route 34, node_num 11, cost 1716.792000, nodes: 0(120000.00, 120000.00) 485(97648.00, 97648.00) 402 328 445 418 475 246 157 495 302 499(60230.00, 60230.00) 248 346 495(52066.00, 54694.00) 471 455 407 483 493 0(0.00, 0.00)
route 35, node_num 7, cost 1037.834000, nodes: 0(120000.00, 120000.00) 138 321 355 175 448 171 459 493 0(45869.00, 45869.00)
route 36, node_num 7, cost 1131.158000, nodes: 0(120000.00, 120000.00) 448 312 263 42 267 85 448 493 0(39203.00, 39203.00)
route 37, node_num 8, cost 1201.032000, nodes: 0(120000.00, 120000.00) 491 417 476 422 490 362 218 43 136 490 306 178 445 411 451 0(34212.00, 34212.00)
route 38, node_num 7, cost 1614.004000, nodes: 0(120000.00, 120000.00) 469 475 132 315 454 277 141 455 382 455 407 483 493 0(4714.00, 4714.00)
route 39, node_num 8, cost 1383.802000, nodes: 0(120000.00, 120000.00) 18 492 376 177 172 327 426 110 446 491 482 0(21157.00, 21157.00)
route 40, node_num 8, cost 1331.204000, nodes: 0(120000.00, 120000.00) 433 189 486 86 80 344 486 170 316 486 0(24914.00, 24914.00)
route 41, node_num 8, cost 1074.878000, nodes: 0(120000.00, 120000.00) 457 386 216 162 251 84 254 458 0(43223.00, 43223.00)
route 42, node_num 7, cost 1266.216000, nodes: 0(120000.00, 120000.00) 62 143 61 432 431 419 242 180 0(29556.00, 29556.00)
route 43, node_num 8, cost 1078.994000, nodes: 0(120000.00, 120000.00) 491 481 64 335 356 156 446 266 30 433 0(42929.00, 42929.00)
route 44, node_num 12, cost 1609.832000, nodes: 0(120000.00, 120000.00) 492 432 498 78 498(67392.00, 67392.00) 66 432 414(53265.00, 53265.00) 9 414(50737.00, 50737.00) 73 214 194 414 431 465(31920.00, 31920.00) 0(5012.00, 5012.00)
route 45, node_num 7, cost 1624.952000, nodes: 0(120000.00, 120000.00) 492 431 479 395 282 498 56 167 112 479 492 0(3932.00, 3932.00)
route 46, node_num 7, cost 1430.436000, nodes: 0(120000.00, 120000.00) 492 339 265 492 75 179 109 432 492 0(17826.00, 17826.00)
route 47, node_num 10, cost 1595.244000, nodes: 0(120000.00, 120000.00) 433(101822.00, 101822.00) 223 281 420 245 69 498(52064.00, 52064.00) 342 432 458(24093.00, 24093.00) 0(6054.00, 6054.00)
route 48, node_num 8, cost 2008.944000, nodes: 0(120000.00, 120000.00) 492 452 434 421 477 16 373 462 187 22 49 488 409(11610.00, 35106.00) 416 491 482 0(0.00, 0.00)
route 49, node_num 6, cost 1539.916000, nodes: 0(120000.00, 120000.00) 433 489 416 443 149 436 76 439 176 439 343 488 433 0(10006.00, 10006.00)
route 50, node_num 8, cost 1698.718000, nodes: 0(120000.00, 120000.00) 485(97648.00, 97648.00) 477 70 14 477 201 45 421 452 446 403(20862.00, 22199.00) 458 0(0.00, 0.00)
route 51, node_num 7, cost 1270.584000, nodes: 0(120000.00, 120000.00) 492 400 193 406 113 213 406 313 491 482 0(29244.00, 29244.00)
route 52, node_num 7, cost 1514.954000, nodes: 0(120000.00, 120000.00) 492 426 52 270 286 487 125 155 487 452 446 491 482 0(11789.00, 11789.00)
route 53, node_num 10, cost 1622.740000, nodes: 0(120000.00, 120000.00) 491 481(92093.00, 100093.00) 406 371 369 389 318 487(57116.00, 57116.00) 232 452 446 403(34289.00, 34289.00) 458 0(12090.00, 12090.00)
route 54, node_num 10, cost 1696.800000, nodes: 0(120000.00, 120000.00) 491 481(92093.00, 108093.00) 452 434 168 314 487 261 54 488(54993.00, 54993.00) 252 453(48484.00, 48484.00) 443 416 491 482 0(14800.00, 14800.00)
route 55, node_num 7, cost 1501.374000, nodes: 0(120000.00, 120000.00) 492 446 192 174 409 188 421 470 380 184 488 433 0(12759.00, 12759.00)
route 56, node_num 8, cost 1787.072000, nodes: 0(120000.00, 120000.00) 491 481(92093.00, 99741.00) 452 434 421 477 264 148 304 241 111 408 439 488 433 0(0.00, 0.00)
route 57, node_num 10, cost 1586.158000, nodes: 0(120000.00, 120000.00) 485(97648.00, 97648.00) 428 422 27 202 439 116 392 90 275 488 443(33338.00, 33338.00) 416 491 482 0(6703.00, 6703.00)
route 58, node_num 6, cost 533.134000, nodes: 0(120000.00, 120000.00) 228 283 444 279 359 0(81919.00, 81919.00)
route 59, node_num 6, cost 640.080000, nodes: 0(120000.00, 120000.00) 31 464 4 72 474 393 464 0(74280.00, 74280.00)
route 60, node_num 7, cost 823.326000, nodes: 0(120000.00, 120000.00) 374 104 457 385 347 106 458 0(61191.00, 61191.00)
route 61, node_num 6, cost 559.076000, nodes: 0(120000.00, 120000.00) 413 256 129 444 348 164 0(80066.00, 80066.00)
route 62, node_num 7, cost 363.076000, nodes: 0(120000.00, 120000.00) 226 364 288 464 293 240 0(94066.00, 94066.00)
route 63, node_num 6, cost 355.460000, nodes: 0(120000.00, 120000.00) 65 92 150 161 0(94610.00, 94610.00)
route 64, node_num 7, cost 551.600000, nodes: 0(120000.00, 120000.00) 474 181 309 74 334 398 464 0(80600.00, 80600.00)
route 65, node_num 7, cost 599.690000, nodes: 0(120000.00, 120000.00) 205 44 130 474 153 134 464 0(77165.00, 77165.00)
route 66, node_num 5, cost 597.296000, nodes: 0(120000.00, 120000.00) 474 38 140 493 55 0(77336.00, 77336.00)
route 67, node_num 8, cost 847.980000, nodes: 0(120000.00, 120000.00) 97 83 68 458 208 496 100 444 32 0(59430.00, 59430.00)
route 68, node_num 8, cost 959.574000, nodes: 0(120000.00, 120000.00) 260 394 285 465 324 34 456 243 0(51459.00, 51459.00)
route 69, node_num 8, cost 669.634000, nodes: 0(120000.00, 120000.00) 423 219 144 183 93 231 466 195 466 0(72169.00, 72169.00)
route 70, node_num 7, cost 416.192000, nodes: 0(120000.00, 120000.00) 294 88 367 437 48 39 0(90272.00, 90272.00)
route 71, node_num 9, cost 509.488000, nodes: 0(120000.00, 120000.00) 291 317 204 467 96 361 311 81 466 0(83608.00, 83608.00)
route 72, node_num 7, cost 501.522000, nodes: 0(120000.00, 120000.00) 333 165 95 203 47 0(84177.00, 84177.00)
route 73, node_num 7, cost 1026.410000, nodes: 0(120000.00, 120000.00) 464 35 123 224 51 142 464 0(46685.00, 46685.00)
route 74, node_num 5, cost 277.368000, nodes: 0(120000.00, 120000.00) 220 23 89 0(100188.00, 100188.00)
route 75, node_num 6, cost 796.306000, nodes: 0(120000.00, 120000.00) 17 457 284 456 388 7 0(63121.00, 63121.00)
route 76, node_num 6, cost 725.326000, nodes: 0(120000.00, 120000.00) 413 496 20 206 298 26 491 482 0(68191.00, 68191.00)
route 77, node_num 6, cost 625.492000, nodes: 0(120000.00, 120000.00) 423 262 215 396 337 423 0(75322.00, 75322.00)
vehicle (route) number: 78
Total cost: 114489.28
115226.53, 10804.79
116951.67, 10842.31
116495.04, 10896.00
115633.89, 10808.35
115451.69, 10830.36
115555.85, 10880.45
115112.98, 9822.67
115817.88, 8224.04
114489.28, 10839.04
115056.86, 10800.31
