Details of the solution:
route 0, node_num 7, cost 1475.278000, nodes: 0(120000.00, 120000.00) 78 322 43 309 155 0(14623.00, 14623.00)
route 1, node_num 7, cost 1100.974000, nodes: 0(120000.00, 120000.00) 170 75 94 62 304 0(41359.00, 41359.00)
route 2, node_num 8, cost 1163.876000, nodes: 0(120000.00, 120000.00) 332 30 101 248 200 274 0(36866.00, 36866.00)
route 3, node_num 8, cost 791.924000, nodes: 0(120000.00, 120000.00) 371 50 267 68 396 287 0(63434.00, 63434.00)
route 4, node_num 7, cost 1678.838000, nodes: 0(120000.00, 120000.00) 118 292 92 330 244 0(83.00, 83.00)
route 5, node_num 9, cost 1653.610000, nodes: 0(120000.00, 120000.00) 90 177 41 209 291 329 452(13031.00, 13031.00) 0(1885.00, 1885.00)
route 6, node_num 6, cost 757.064000, nodes: 0(120000.00, 120000.00) 345 190 161 102 0(65924.00, 65924.00)
route 7, node_num 7, cost 1153.194000, nodes: 0(120000.00, 120000.00) 180 235 158 141 334 0(37629.00, 37629.00)
route 8, node_num 7, cost 1292.886000, nodes: 0(120000.00, 120000.00) 245 230 66 51 294 0(27651.00, 27651.00)
route 9, node_num 6, cost 535.878000, nodes: 0(120000.00, 120000.00) 282 164 55 77 0(81723.00, 81723.00)
route 10, node_num 7, cost 1314.992000, nodes: 0(120000.00, 120000.00) 335 250 100 148 150 0(26072.00, 26072.00)
route 11, node_num 6, cost 1209.348000, nodes: 0(120000.00, 120000.00) 67 194 183 232 0(33618.00, 33618.00)
route 12, node_num 6, cost 1057.882000, nodes: 0(120000.00, 120000.00) 157 377 114 11 0(44437.00, 44437.00)
route 13, node_num 8, cost 1056.104000, nodes: 0(120000.00, 120000.00) 320 237 184 27 10 388 0(44564.00, 44564.00)
route 14, node_num 7, cost 731.808000, nodes: 0(120000.00, 120000.00) 122 103 152 376 166 0(67728.00, 67728.00)
route 15, node_num 7, cost 1011.906000, nodes: 0(120000.00, 120000.00) 40 319 219 352 220 0(47721.00, 47721.00)
route 16, node_num 8, cost 989.366000, nodes: 0(120000.00, 120000.00) 113 272 397 399 31 74 0(49331.00, 49331.00)
route 17, node_num 6, cost 769.020000, nodes: 0(120000.00, 120000.00) 144 366 288 367 0(65070.00, 65070.00)
route 18, node_num 8, cost 1073.562000, nodes: 0(120000.00, 120000.00) 382 242 393 73 163 284 0(43317.00, 43317.00)
route 19, node_num 6, cost 753.732000, nodes: 0(120000.00, 120000.00) 278 379 234 255 0(66162.00, 66162.00)
route 20, node_num 5, cost 464.996000, nodes: 0(120000.00, 120000.00) 154 398 201 0(86786.00, 86786.00)
route 21, node_num 8, cost 898.114000, nodes: 0(120000.00, 120000.00) 12 133 189 277 315 311 0(55849.00, 55849.00)
route 22, node_num 8, cost 1046.822000, nodes: 0(120000.00, 120000.00) 307 358 289 293 167 224 0(45227.00, 45227.00)
route 23, node_num 6, cost 987.882000, nodes: 0(120000.00, 120000.00) 360 300 7 268 0(49437.00, 49437.00)
route 24, node_num 7, cost 1267.672000, nodes: 0(120000.00, 120000.00) 354 61 70 357 381 0(29452.00, 29452.00)
route 25, node_num 6, cost 1031.870000, nodes: 0(120000.00, 120000.00) 310 221 338 347 0(46295.00, 46295.00)
route 26, node_num 6, cost 714.336000, nodes: 0(120000.00, 120000.00) 18 241 306 343 0(68976.00, 68976.00)
route 27, node_num 8, cost 929.880000, nodes: 0(120000.00, 120000.00) 266 374 98 328 361 218 0(53580.00, 53580.00)
route 28, node_num 7, cost 496.678000, nodes: 0(120000.00, 120000.00) 254 36 192 19 240 0(84523.00, 84523.00)
route 29, node_num 7, cost 1122.618000, nodes: 0(120000.00, 120000.00) 489 314 295 42 123 336 0(39813.00, 39813.00)
route 30, node_num 8, cost 1259.734000, nodes: 0(120000.00, 120000.00) 359 342 140 280 324 82 0(30019.00, 30019.00)
route 31, node_num 6, cost 1080.296000, nodes: 0(120000.00, 120000.00) 24 14 23 212 0(42836.00, 42836.00)
route 32, node_num 8, cost 1034.544000, nodes: 0(120000.00, 120000.00) 171 65 109 135 216 111 0(46104.00, 46104.00)
route 33, node_num 7, cost 1024.688000, nodes: 0(120000.00, 120000.00) 175 247 147 117 275 0(46808.00, 46808.00)
route 34, node_num 6, cost 201.768000, nodes: 0(120000.00, 120000.00) 153 93 312 296 0(105588.00, 105588.00)
route 35, node_num 5, cost 694.442000, nodes: 0(120000.00, 120000.00) 131 3 108 0(70397.00, 70397.00)
route 36, node_num 6, cost 715.624000, nodes: 0(120000.00, 120000.00) 261 249 124 290 0(68884.00, 68884.00)
route 37, node_num 7, cost 1604.540000, nodes: 0(120000.00, 120000.00) 142 187 46 326 174 489 0(5390.00, 5390.00)
route 38, node_num 6, cost 725.424000, nodes: 0(120000.00, 120000.00) 286 327 138 57 0(68184.00, 68184.00)
route 39, node_num 7, cost 1513.904000, nodes: 0(120000.00, 120000.00) 270 156 72 297 206 0(11864.00, 11864.00)
route 40, node_num 7, cost 1021.874000, nodes: 0(120000.00, 120000.00) 344 239 97 87 116 0(47009.00, 47009.00)
route 41, node_num 8, cost 1605.338000, nodes: 0(120000.00, 120000.00) 80 285 236 134 198 475(26949.00, 26949.00) 0(5333.00, 5333.00)
route 42, node_num 9, cost 1874.306000, nodes: 0(120000.00, 120000.00) 238 368 45 215 223 32 477(14885.00, 28764.00) 0(0.00, 0.00)
route 43, node_num 7, cost 1537.676000, nodes: 0(120000.00, 120000.00) 185 160 202 197 395 0(10166.00, 10166.00)
route 44, node_num 7, cost 1315.496000, nodes: 0(120000.00, 120000.00) 105 231 373 279 252 0(26036.00, 26036.00)
route 45, node_num 9, cost 1790.292000, nodes: 0(120000.00, 120000.00) 99 233 462 497(51574.00, 51574.00) 149 125 145 452(3268.00, 11146.00) 0(0.00, 0.00)
route 46, node_num 9, cost 1690.220000, nodes: 0(120000.00, 120000.00) 449(86720.00, 86720.00) 436 181 439 33 29 176 355 452(10416.00, 11146.00) 0(0.00, 0.00)
route 47, node_num 8, cost 1736.308000, nodes: 0(120000.00, 120000.00) 83 162 378 128 26 452(7124.00, 11146.00) 0(0.00, 0.00)
route 48, node_num 7, cost 1598.772000, nodes: 0(120000.00, 120000.00) 365 79 281 356 316 0(5802.00, 5802.00)
route 49, node_num 6, cost 889.098000, nodes: 0(120000.00, 120000.00) 47 127 81 126 0(56493.00, 56493.00)
route 50, node_num 7, cost 1313.550000, nodes: 0(120000.00, 120000.00) 84 318 260 69 331 0(26175.00, 26175.00)
route 51, node_num 8, cost 1186.892000, nodes: 0(120000.00, 120000.00) 21 193 362 172 129 269 0(35222.00, 35222.00)
route 52, node_num 8, cost 1604.330000, nodes: 0(120000.00, 120000.00) 179 151 120 106 1 474(39979.00, 39979.00) 412 0(5405.00, 5405.00)
route 53, node_num 8, cost 1603.126000, nodes: 0(120000.00, 120000.00) 273 107 348 186 132 475(27107.00, 27107.00) 0(5491.00, 5491.00)
route 54, node_num 7, cost 1546.104000, nodes: 0(120000.00, 120000.00) 222 303 96 214 52 0(9564.00, 9564.00)
route 55, node_num 7, cost 1807.778000, nodes: 0(120000.00, 120000.00) 370 208 54 85 475(12489.00, 21616.00) 0(0.00, 0.00)
route 56, node_num 8, cost 1837.290000, nodes: 0(120000.00, 120000.00) 253 182 143 5 13 475(10381.00, 21616.00) 0(0.00, 0.00)
route 57, node_num 6, cost 1320.130000, nodes: 0(120000.00, 120000.00) 34 191 112 337 0(25705.00, 25705.00)
route 58, node_num 7, cost 1713.264000, nodes: 0(120000.00, 120000.00) 16 89 76 265 437(16456.00, 18832.00) 0(0.00, 0.00)
route 59, node_num 9, cost 1595.090000, nodes: 0(120000.00, 120000.00) 386 91 470(59371.00, 59371.00) 264 308 15 475(27681.00, 27681.00) 0(6065.00, 6065.00)
route 60, node_num 7, cost 1787.100000, nodes: 0(120000.00, 120000.00) 369 276 229 350 475(13966.00, 21616.00) 0(0.00, 0.00)
route 61, node_num 7, cost 1556.380000, nodes: 0(120000.00, 120000.00) 340 271 130 119 53 0(8830.00, 8830.00)
route 62, node_num 7, cost 1360.674000, nodes: 0(120000.00, 120000.00) 246 351 63 375 203 0(22809.00, 22809.00)
route 63, node_num 7, cost 1007.860000, nodes: 0(120000.00, 120000.00) 387 195 25 136 346 0(48010.00, 48010.00)
route 64, node_num 7, cost 918.414000, nodes: 0(120000.00, 120000.00) 205 228 333 391 44 0(54399.00, 54399.00)
route 65, node_num 7, cost 1131.942000, nodes: 0(120000.00, 120000.00) 210 56 257 110 301 0(39147.00, 39147.00)
route 66, node_num 7, cost 1608.488000, nodes: 0(120000.00, 120000.00) 64 227 173 37 88 0(5108.00, 5108.00)
route 67, node_num 7, cost 1092.378000, nodes: 0(120000.00, 120000.00) 178 217 115 384 341 0(41973.00, 41973.00)
route 68, node_num 6, cost 858.368000, nodes: 0(120000.00, 120000.00) 380 6 71 4 0(58688.00, 58688.00)
route 69, node_num 8, cost 1723.596000, nodes: 0(120000.00, 120000.00) 411(72171.00, 75285.00) 159 137 95 20 168 0(0.00, 0.00)
route 70, node_num 7, cost 1255.450000, nodes: 0(120000.00, 120000.00) 353 390 263 17 169 0(30325.00, 30325.00)
route 71, node_num 7, cost 1267.126000, nodes: 0(120000.00, 120000.00) 165 211 385 389 35 0(29491.00, 29491.00)
route 72, node_num 7, cost 1631.042000, nodes: 0(120000.00, 120000.00) 188 364 121 39 196 0(3497.00, 3497.00)
route 73, node_num 8, cost 1810.284000, nodes: 0(120000.00, 120000.00) 86 363 28 199 383 474(25268.00, 34574.00) 412 0(0.00, 0.00)
route 74, node_num 9, cost 2000.656000, nodes: 0(120000.00, 120000.00) 256 48 441(49664.00, 53736.00) 325 104 59 437(0.00, 18832.00) 0(0.00, 0.00)
route 75, node_num 7, cost 1398.418000, nodes: 0(120000.00, 120000.00) 394 372 243 60 258 403 0(20113.00, 20113.00)
route 76, node_num 6, cost 1262.142000, nodes: 0(120000.00, 120000.00) 207 22 213 225 0(29847.00, 29847.00)
route 77, node_num 7, cost 1395.436000, nodes: 0(120000.00, 120000.00) 146 298 262 58 9 0(20326.00, 20326.00)
route 78, node_num 9, cost 1966.706000, nodes: 0(120000.00, 120000.00) 305 339 251 204 488(38490.00, 40137.00) 226 437(0.00, 18832.00) 0(0.00, 0.00)
route 79, node_num 8, cost 1699.754000, nodes: 0(120000.00, 120000.00) 283 323 259 302 8 437(17421.00, 18832.00) 0(0.00, 0.00)
route 80, node_num 8, cost 961.282000, nodes: 0(120000.00, 120000.00) 313 299 2 139 317 38 0(51337.00, 51337.00)
route 81, node_num 7, cost 1660.204000, nodes: 0(120000.00, 120000.00) 349 400 49 392 321 0(1414.00, 1414.00)
vehicle (route) number: 82
Total cost: 126927.71
128310.19, 10854.16
127651.90, 10813.04
126927.71, 10874.09
128174.70, 10819.20
128328.16, 10804.28
128197.90, 10802.52
128143.67, 6183.75
127743.13, 10842.62
127267.95, 10829.29
127402.04, 10800.55
