Details of the solution:
route 0, node_num 6, cost 619.276000, nodes: 0(120000.00, 120000.00) 423 326 46 221 277 0(75766.00, 75766.00)
route 1, node_num 8, cost 1454.096000, nodes: 0(120000.00, 120000.00) 423 267 90 274 200 155 73 428 403 0(16136.00, 16136.00)
route 2, node_num 7, cost 1662.220000, nodes: 0(120000.00, 120000.00) 421 141 158 67 78 309 439 0(1270.00, 1270.00)
route 3, node_num 7, cost 1198.638000, nodes: 0(120000.00, 120000.00) 428 388 250 332 62 105 0(34383.00, 34383.00)
route 4, node_num 8, cost 1387.176000, nodes: 0(120000.00, 120000.00) 423 303 1 106 104 208 59 0(20916.00, 20916.00)
route 5, node_num 6, cost 686.574000, nodes: 0(120000.00, 120000.00) 135 246 17 169 0(70959.00, 70959.00)
route 6, node_num 7, cost 1204.784000, nodes: 0(120000.00, 120000.00) 423 382 144 366 242 157 0(33944.00, 33944.00)
route 7, node_num 8, cost 1365.532000, nodes: 0(120000.00, 120000.00) 426 475 55 362 315 172 129 113 0(22462.00, 22462.00)
route 8, node_num 7, cost 1661.422000, nodes: 0(120000.00, 120000.00) 423 395 348 15 465 151 385 482 0(1327.00, 1327.00)
route 9, node_num 9, cost 1530.914000, nodes: 0(120000.00, 120000.00) 422(83916.00, 83916.00) 393 377 177 43 244 428(43270.00, 43270.00) 403 0(10649.00, 10649.00)
route 10, node_num 8, cost 1718.290000, nodes: 0(120000.00, 120000.00) 204 305 323 251 227 498(15108.00, 17843.00) 0(0.00, 0.00)
route 11, node_num 8, cost 1162.112000, nodes: 0(120000.00, 120000.00) 423 175 8 484 298 262 363 484 253 0(36992.00, 36992.00)
route 12, node_num 8, cost 660.618000, nodes: 0(120000.00, 120000.00) 357 23 270 480 156 342 140 0(72813.00, 72813.00)
route 13, node_num 6, cost 780.542000, nodes: 0(120000.00, 120000.00) 21 93 153 312 0(64247.00, 64247.00)
route 14, node_num 7, cost 1362.438000, nodes: 0(120000.00, 120000.00) 423 112 91 264 76 390 403 0(22683.00, 22683.00)
route 15, node_num 9, cost 1777.818000, nodes: 0(120000.00, 120000.00) 428(89498.00, 120000.00) 193 419 145 41 209 83 423(28029.00, 28029.00) 0(23515.00, 23515.00)
route 16, node_num 7, cost 1797.572000, nodes: 0(120000.00, 120000.00) 421 230 322 487 92 118 456(14980.00, 23378.00) 0(0.00, 0.00)
route 17, node_num 7, cost 1375.164000, nodes: 0(120000.00, 120000.00) 423 52 386 414 69 373 279 444 403 0(21774.00, 21774.00)
route 18, node_num 8, cost 1635.956000, nodes: 0(120000.00, 120000.00) 426 478(77863.00, 77863.00) 284 232 194 114 50 461 0(3146.00, 3146.00)
route 19, node_num 7, cost 1539.216000, nodes: 0(120000.00, 120000.00) 294 220 358 219 152 461 0(10056.00, 10056.00)
route 20, node_num 7, cost 1227.044000, nodes: 0(120000.00, 120000.00) 423 328 344 415 81 431 273 412 47 476 0(32354.00, 32354.00)
route 21, node_num 7, cost 838.586000, nodes: 0(120000.00, 120000.00) 423 387 195 109 336 300 0(60101.00, 60101.00)
route 22, node_num 8, cost 1198.260000, nodes: 0(120000.00, 120000.00) 423 123 321 302 349 283 95 418 0(34410.00, 34410.00)
route 23, node_num 7, cost 1139.278000, nodes: 0(120000.00, 120000.00) 423 394 482 2 313 234 361 467 403 0(38623.00, 38623.00)
route 24, node_num 8, cost 1201.718000, nodes: 0(120000.00, 120000.00) 423 178 86 409 259 226 370 159 423 0(34163.00, 34163.00)
route 25, node_num 7, cost 985.978000, nodes: 0(120000.00, 120000.00) 423 213 58 22 301 98 0(49573.00, 49573.00)
route 26, node_num 8, cost 1024.590000, nodes: 0(120000.00, 120000.00) 133 39 168 63 271 53 480 0(46815.00, 46815.00)
route 27, node_num 7, cost 1241.884000, nodes: 0(120000.00, 120000.00) 423 403 239 462 331 337 438 97 205 456 0(31294.00, 31294.00)
route 28, node_num 7, cost 299.110000, nodes: 0(120000.00, 120000.00) 347 338 216 189 12 0(98635.00, 98635.00)
route 29, node_num 8, cost 1066.520000, nodes: 0(120000.00, 120000.00) 423 27 272 304 397 399 278 415 0(43820.00, 43820.00)
route 30, node_num 7, cost 716.282000, nodes: 0(120000.00, 120000.00) 296 142 241 343 306 0(68837.00, 68837.00)
route 31, node_num 8, cost 345.590000, nodes: 0(120000.00, 120000.00) 423 261 290 249 124 423 327 286 0(95315.00, 95315.00)
route 32, node_num 7, cost 964.796000, nodes: 0(120000.00, 120000.00) 423 288 335 108 492 9 492 346 403 0(51086.00, 51086.00)
route 33, node_num 8, cost 1517.754000, nodes: 0(120000.00, 120000.00) 126 80 285 202 197 411(57581.00, 57581.00) 403 0(11589.00, 11589.00)
route 34, node_num 7, cost 1480.794000, nodes: 0(120000.00, 120000.00) 423 222 402 132 186 369 107 0(14229.00, 14229.00)
route 35, node_num 8, cost 816.214000, nodes: 0(120000.00, 120000.00) 423 217 196 474 375 88 42 111 0(61699.00, 61699.00)
route 36, node_num 7, cost 1218.112000, nodes: 0(120000.00, 120000.00) 423 56 258 372 225 263 473 0(32992.00, 32992.00)
route 37, node_num 7, cost 1035.566000, nodes: 0(120000.00, 120000.00) 423 228 391 3 275 164 0(46031.00, 46031.00)
route 38, node_num 8, cost 1158.962000, nodes: 0(120000.00, 120000.00) 423 38 31 101 248 30 442 75 0(37217.00, 37217.00)
route 39, node_num 7, cost 1623.776000, nodes: 0(120000.00, 120000.00) 423 198 143 5 236 182 0(4016.00, 4016.00)
route 40, node_num 9, cost 1886.780000, nodes: 0(120000.00, 120000.00) 428 100 26 162 291 128 378 451(43152.00, 57922.00) 403 0(0.00, 0.00)
route 41, node_num 8, cost 1768.410000, nodes: 0(120000.00, 120000.00) 423 403 355 149 281 181 260 463 403(2800.00, 9115.00) 0(0.00, 0.00)
route 42, node_num 8, cost 716.226000, nodes: 0(120000.00, 120000.00) 457 174 297 61 70 212 14 0(68841.00, 68841.00)
route 43, node_num 8, cost 1428.448000, nodes: 0(120000.00, 120000.00) 426 441 183 235 163 11 443 371 77 423 0(17968.00, 17968.00)
route 44, node_num 9, cost 1833.398000, nodes: 0(120000.00, 120000.00) 423 403 99 33 329 29 176 125 428(21664.00, 32621.00) 403 0(0.00, 0.00)
route 45, node_num 7, cost 1280.202000, nodes: 0(120000.00, 120000.00) 426 218 102 353 18 254 0(28557.00, 28557.00)
route 46, node_num 8, cost 1283.912000, nodes: 0(120000.00, 120000.00) 426 367 190 345 237 320 184 492 403 0(28292.00, 28292.00)
route 47, node_num 6, cost 1474.354000, nodes: 0(120000.00, 120000.00) 421 245 334 319 180 423 0(14689.00, 14689.00)
route 48, node_num 7, cost 1103.228000, nodes: 0(120000.00, 120000.00) 426 441 68 396 287 376 122 0(41198.00, 41198.00)
route 49, node_num 7, cost 879.256000, nodes: 0(120000.00, 120000.00) 423 333 210 466 257 110 115 423 0(57196.00, 57196.00)
route 50, node_num 6, cost 326.466000, nodes: 0(120000.00, 120000.00) 57 398 311 201 0(96681.00, 96681.00)
route 51, node_num 8, cost 1007.594000, nodes: 0(120000.00, 120000.00) 423 171 116 87 389 431 127 71 423 0(48029.00, 48029.00)
route 52, node_num 7, cost 601.258000, nodes: 0(120000.00, 120000.00) 247 341 82 384 495 324 0(77053.00, 77053.00)
route 53, node_num 7, cost 1542.268000, nodes: 0(120000.00, 120000.00) 423 120 85 276 325 48 445 0(9838.00, 9838.00)
route 54, node_num 7, cost 976.402000, nodes: 0(120000.00, 120000.00) 457 119 173 72 354 381 0(50257.00, 50257.00)
route 55, node_num 7, cost 1489.824000, nodes: 0(120000.00, 120000.00) 423 84 318 185 463 170 10 428 403 0(13584.00, 13584.00)
route 56, node_num 8, cost 1449.798000, nodes: 0(120000.00, 120000.00) 423 131 6 89 308 413 54 265 0(16443.00, 16443.00)
route 57, node_num 7, cost 1439.270000, nodes: 0(120000.00, 120000.00) 40 352 103 307 192 0(17195.00, 17195.00)
route 58, node_num 8, cost 1377.432000, nodes: 0(120000.00, 120000.00) 166 161 74 94 379 380 417 0(21612.00, 21612.00)
route 59, node_num 10, cost 1806.112000, nodes: 0(120000.00, 120000.00) 423(116496.00, 120000.00) 368 223 45 215 233 32 411(40488.00, 45992.00) 403 0(0.00, 0.00)
route 60, node_num 8, cost 1287.748000, nodes: 0(120000.00, 120000.00) 423 44 434 231 252 434 179 211 165 403 0(28018.00, 28018.00)
route 61, node_num 10, cost 1747.214000, nodes: 0(120000.00, 120000.00) 422(83916.00, 120000.00) 150 238 330 292 435(87617.00, 87617.00) 365 435 404(75680.00, 75680.00) 0(31283.00, 31283.00)
route 62, node_num 7, cost 1073.996000, nodes: 0(120000.00, 120000.00) 24 339 137 20 130 0(43286.00, 43286.00)
route 63, node_num 8, cost 1357.860000, nodes: 0(120000.00, 120000.00) 423 139 16 214 96 191 34 403 0(23010.00, 23010.00)
route 64, node_num 7, cost 991.256000, nodes: 0(120000.00, 120000.00) 457 64 340 121 187 37 457 0(49196.00, 49196.00)
route 65, node_num 7, cost 1659.700000, nodes: 0(120000.00, 120000.00) 423 400 199 49 392 28 497 0(1450.00, 1450.00)
route 66, node_num 8, cost 979.524000, nodes: 0(120000.00, 120000.00) 426 154 282 19 240 36 138 0(50034.00, 50034.00)
route 67, node_num 7, cost 574.868000, nodes: 0(120000.00, 120000.00) 423 268 266 65 359 360 403 0(78938.00, 78938.00)
route 68, node_num 9, cost 1549.198000, nodes: 0(120000.00, 120000.00) 289 293 167 224 51 66 423(13857.00, 13857.00) 0(9343.00, 9343.00)
route 69, node_num 7, cost 684.880000, nodes: 0(120000.00, 120000.00) 7 25 136 374 117 423 0(71080.00, 71080.00)
route 70, node_num 7, cost 1065.554000, nodes: 0(120000.00, 120000.00) 423 255 4 299 35 317 476 0(43889.00, 43889.00)
route 71, node_num 7, cost 1670.200000, nodes: 0(120000.00, 120000.00) 424 350 229 13 134 269 412 0(700.00, 700.00)
route 72, node_num 7, cost 573.510000, nodes: 0(120000.00, 120000.00) 457 280 206 295 314 310 0(79035.00, 79035.00)
route 73, node_num 7, cost 977.984000, nodes: 0(120000.00, 120000.00) 423 147 351 364 188 474 203 474 0(50144.00, 50144.00)
route 74, node_num 9, cost 1623.216000, nodes: 0(120000.00, 120000.00) 423 477(100490.00, 100490.00) 160 356 316 79 148 423(8570.00, 8570.00) 0(4056.00, 4056.00)
route 75, node_num 8, cost 1334.690000, nodes: 0(120000.00, 120000.00) 423 146 383 243 60 256 497 207 0(24665.00, 24665.00)
vehicle (route) number: 76
Total cost: 115303.21
117153.81, 10684.12
117358.25, 10770.29
117122.18, 11031.51
116699.59, 10898.60
117011.04, 10948.88
115303.21, 10804.80
116966.57, 6364.58
116376.86, 10869.28
117366.00, 10866.34
116674.28, 10855.25
