Details of the solution:
route 0, node_num 8, cost 1236.662000, nodes: 0(120000.00, 120000.00) 357 15 165 100 64 381 0(31667.00, 31667.00)
route 1, node_num 8, cost 1638.014000, nodes: 0(120000.00, 120000.00) 403(78350.00, 78350.00) 142 392 29 73 207 0(2999.00, 2999.00)
route 2, node_num 8, cost 1335.138000, nodes: 0(120000.00, 120000.00) 383 9 224 367 65 354 423 0(24633.00, 24633.00)
route 3, node_num 9, cost 1816.346000, nodes: 0(120000.00, 120000.00) 192 236 245 6 107 125 425(14388.00, 24127.00) 0(0.00, 0.00)
route 4, node_num 8, cost 1061.130000, nodes: 0(120000.00, 120000.00) 135 365 345 12 30 36 0(44205.00, 44205.00)
route 5, node_num 8, cost 1262.282000, nodes: 0(120000.00, 120000.00) 201 19 379 5 48 267 0(29837.00, 29837.00)
route 6, node_num 8, cost 1828.106000, nodes: 0(120000.00, 120000.00) 166 58 53 141 490(44696.00, 55275.00) 308 0(0.00, 0.00)
route 7, node_num 8, cost 1565.536000, nodes: 0(120000.00, 120000.00) 251 309 377 387 319 105 0(8176.00, 8176.00)
route 8, node_num 8, cost 1307.124000, nodes: 0(120000.00, 120000.00) 174 45 332 67 60 203 471 0(26634.00, 26634.00)
route 9, node_num 8, cost 845.740000, nodes: 0(120000.00, 120000.00) 311 146 182 115 119 193 0(59590.00, 59590.00)
route 10, node_num 8, cost 1012.410000, nodes: 0(120000.00, 120000.00) 250 375 292 59 324 340 0(47685.00, 47685.00)
route 11, node_num 8, cost 1183.182000, nodes: 0(120000.00, 120000.00) 212 273 27 55 218 13 0(35487.00, 35487.00)
route 12, node_num 8, cost 1817.830000, nodes: 0(120000.00, 120000.00) 378 240 442 213 85 123 425(14282.00, 24127.00) 0(0.00, 0.00)
route 13, node_num 8, cost 1614.690000, nodes: 0(120000.00, 120000.00) 153 307 339 302 281 177 468 486 425 0(4665.00, 4665.00)
route 14, node_num 8, cost 1591.730000, nodes: 0(120000.00, 120000.00) 185 104 61 151 202 393 401 0(6305.00, 6305.00)
route 15, node_num 8, cost 947.688000, nodes: 0(120000.00, 120000.00) 322 101 342 216 232 181 0(52308.00, 52308.00)
route 16, node_num 9, cost 1721.538000, nodes: 0(120000.00, 120000.00) 351 1 194 28 172 398 447 471(33582.00, 36549.00) 0(0.00, 0.00)
route 17, node_num 7, cost 1258.152000, nodes: 0(120000.00, 120000.00) 244 110 66 24 294 0(30132.00, 30132.00)
route 18, node_num 8, cost 998.200000, nodes: 0(120000.00, 120000.00) 71 41 330 196 318 50 0(48700.00, 48700.00)
route 19, node_num 5, cost 277.074000, nodes: 0(120000.00, 120000.00) 179 344 46 0(100209.00, 100209.00)
route 20, node_num 8, cost 1280.650000, nodes: 0(120000.00, 120000.00) 306 210 313 16 290 54 0(28525.00, 28525.00)
route 21, node_num 5, cost 1008.644000, nodes: 0(120000.00, 120000.00) 157 17 180 0(47954.00, 47954.00)
route 22, node_num 7, cost 761.138000, nodes: 0(120000.00, 120000.00) 83 131 93 220 336 0(65633.00, 65633.00)
route 23, node_num 8, cost 1429.204000, nodes: 0(120000.00, 120000.00) 285 31 152 237 78 241 0(17914.00, 17914.00)
route 24, node_num 7, cost 1063.398000, nodes: 0(120000.00, 120000.00) 150 278 328 268 171 0(44043.00, 44043.00)
route 25, node_num 7, cost 678.678000, nodes: 0(120000.00, 120000.00) 235 389 120 62 293 0(71523.00, 71523.00)
route 26, node_num 8, cost 839.608000, nodes: 0(120000.00, 120000.00) 75 305 33 139 133 369 0(60028.00, 60028.00)
route 27, node_num 8, cost 1032.598000, nodes: 0(120000.00, 120000.00) 233 262 25 170 276 118 0(46243.00, 46243.00)
route 28, node_num 8, cost 1175.790000, nodes: 0(120000.00, 120000.00) 231 296 364 38 228 164 0(36015.00, 36015.00)
route 29, node_num 7, cost 658.994000, nodes: 0(120000.00, 120000.00) 270 199 74 134 2 0(72929.00, 72929.00)
route 30, node_num 7, cost 1474.648000, nodes: 0(120000.00, 120000.00) 10 127 227 348 323 0(14668.00, 14668.00)
route 31, node_num 7, cost 479.934000, nodes: 0(120000.00, 120000.00) 167 362 204 40 331 0(85719.00, 85719.00)
route 32, node_num 8, cost 932.792000, nodes: 0(120000.00, 120000.00) 87 81 327 175 234 329 0(53372.00, 53372.00)
route 33, node_num 7, cost 918.680000, nodes: 0(120000.00, 120000.00) 187 191 350 188 406 473 106 0(54380.00, 54380.00)
route 34, node_num 6, cost 684.362000, nodes: 0(120000.00, 120000.00) 132 314 94 11 0(71117.00, 71117.00)
route 35, node_num 6, cost 738.206000, nodes: 0(120000.00, 120000.00) 158 388 258 282 0(67271.00, 67271.00)
route 36, node_num 7, cost 959.882000, nodes: 0(120000.00, 120000.00) 366 197 436 35 254 4 0(51437.00, 51437.00)
route 37, node_num 5, cost 1325.352000, nodes: 0(120000.00, 120000.00) 346 316 359 0(25332.00, 25332.00)
route 38, node_num 7, cost 1459.122000, nodes: 0(120000.00, 120000.00) 261 128 8 144 205 0(15777.00, 15777.00)
route 39, node_num 7, cost 1603.770000, nodes: 0(120000.00, 120000.00) 363 247 183 358 384 0(5445.00, 5445.00)
route 40, node_num 7, cost 1419.138000, nodes: 0(120000.00, 120000.00) 304 243 82 126 186 440 0(18633.00, 18633.00)
route 41, node_num 8, cost 1345.582000, nodes: 0(120000.00, 120000.00) 77 108 43 145 253 288 0(23887.00, 23887.00)
route 42, node_num 8, cost 958.118000, nodes: 0(120000.00, 120000.00) 400 298 163 221 20 215 0(51563.00, 51563.00)
route 43, node_num 8, cost 1751.680000, nodes: 0(120000.00, 120000.00) 14 260 159 269 274 419(18594.00, 23714.00) 0(0.00, 0.00)
route 44, node_num 8, cost 1333.766000, nodes: 0(120000.00, 120000.00) 478 51 92 63 334 198 352 0(24731.00, 24731.00)
route 45, node_num 8, cost 1132.460000, nodes: 0(120000.00, 120000.00) 57 380 353 275 155 168 0(39110.00, 39110.00)
route 46, node_num 8, cost 1068.200000, nodes: 0(120000.00, 120000.00) 255 176 347 299 343 7 0(43700.00, 43700.00)
route 47, node_num 7, cost 1578.948000, nodes: 0(120000.00, 120000.00) 79 117 18 112 23 0(7218.00, 7218.00)
route 48, node_num 7, cost 1436.946000, nodes: 0(120000.00, 120000.00) 102 271 97 116 80 0(17361.00, 17361.00)
route 49, node_num 9, cost 1705.074000, nodes: 0(120000.00, 120000.00) 412(72845.00, 72845.00) 88 200 113 3 109 434(26524.00, 28315.00) 0(0.00, 0.00)
route 50, node_num 7, cost 1295.448000, nodes: 0(120000.00, 120000.00) 361 300 266 103 338 0(27468.00, 27468.00)
route 51, node_num 7, cost 1410.738000, nodes: 0(120000.00, 120000.00) 257 149 370 453 162 161 0(19233.00, 19233.00)
route 52, node_num 8, cost 1286.516000, nodes: 0(120000.00, 120000.00) 70 138 277 49 143 219 0(28106.00, 28106.00)
route 53, node_num 7, cost 1161.146000, nodes: 0(120000.00, 120000.00) 189 360 148 301 68 0(37061.00, 37061.00)
route 54, node_num 6, cost 1644.748000, nodes: 0(120000.00, 120000.00) 140 156 99 72 0(2518.00, 2518.00)
route 55, node_num 8, cost 1521.198000, nodes: 0(120000.00, 120000.00) 368 303 129 385 264 252 0(11343.00, 11343.00)
route 56, node_num 9, cost 787.640000, nodes: 0(120000.00, 120000.00) 242 272 386 26 95 91 374 0(63740.00, 63740.00)
route 57, node_num 6, cost 552.398000, nodes: 0(120000.00, 120000.00) 222 279 321 111 0(80543.00, 80543.00)
route 58, node_num 6, cost 736.652000, nodes: 0(120000.00, 120000.00) 280 160 284 395 0(67382.00, 67382.00)
route 59, node_num 8, cost 691.726000, nodes: 0(120000.00, 120000.00) 263 44 312 211 169 382 0(70591.00, 70591.00)
route 60, node_num 9, cost 846.356000, nodes: 0(120000.00, 120000.00) 376 214 96 287 32 239 47 0(59546.00, 59546.00)
route 61, node_num 7, cost 757.974000, nodes: 0(120000.00, 120000.00) 230 34 209 136 246 451 0(65859.00, 65859.00)
route 62, node_num 7, cost 1132.544000, nodes: 0(120000.00, 120000.00) 259 56 295 206 137 0(39104.00, 39104.00)
route 63, node_num 6, cost 1273.062000, nodes: 0(120000.00, 120000.00) 225 98 42 297 0(29067.00, 29067.00)
route 64, node_num 7, cost 909.944000, nodes: 0(120000.00, 120000.00) 310 394 286 121 341 0(55004.00, 55004.00)
route 65, node_num 7, cost 833.196000, nodes: 0(120000.00, 120000.00) 326 399 184 217 147 0(60486.00, 60486.00)
route 66, node_num 7, cost 726.418000, nodes: 0(120000.00, 120000.00) 315 487 356 335 487 22 238 0(68113.00, 68113.00)
route 67, node_num 7, cost 623.616000, nodes: 0(120000.00, 120000.00) 373 397 190 317 195 0(75456.00, 75456.00)
route 68, node_num 7, cost 676.424000, nodes: 0(120000.00, 120000.00) 355 320 291 223 349 0(71684.00, 71684.00)
route 69, node_num 8, cost 943.446000, nodes: 0(120000.00, 120000.00) 173 69 208 248 178 371 0(52611.00, 52611.00)
route 70, node_num 7, cost 768.138000, nodes: 0(120000.00, 120000.00) 89 283 21 256 37 0(65133.00, 65133.00)
route 71, node_num 5, cost 429.086000, nodes: 0(120000.00, 120000.00) 391 86 325 0(89351.00, 89351.00)
route 72, node_num 7, cost 1435.644000, nodes: 0(120000.00, 120000.00) 390 90 84 114 154 0(17454.00, 17454.00)
route 73, node_num 6, cost 520.128000, nodes: 0(120000.00, 120000.00) 76 249 52 396 0(82848.00, 82848.00)
route 74, node_num 8, cost 366.800000, nodes: 0(120000.00, 120000.00) 229 265 372 333 124 226 0(93800.00, 93800.00)
route 75, node_num 7, cost 915.782000, nodes: 0(120000.00, 120000.00) 289 337 130 122 39 0(54587.00, 54587.00)
vehicle (route) number: 76
Total cost: 107600.70
108646.16, 10864.73
107768.61, 10801.99
108231.65, 10805.90
107613.74, 10802.82
107600.70, 10813.17
107627.16, 6904.12
107696.43, 9674.67
107814.66, 10881.89
108259.87, 10812.37
108020.07, 8273.66
