Details of the solution:
route 0, node_num 9, cost 1885.380000, nodes: 0(120000.00, 120000.00) 423 411(72768.00, 87438.00) 160 149 281 181 128 378 451 403 0(0.00, 0.00)
route 1, node_num 9, cost 1867.180000, nodes: 0(120000.00, 120000.00) 428 162 26 329 291 125 83 428(19251.00, 32621.00) 403 0(0.00, 0.00)
route 2, node_num 9, cost 1852.158000, nodes: 0(120000.00, 120000.00) 421 141 158 92 292 41 209 447(36517.00, 48814.00) 403 0(0.00, 0.00)
route 3, node_num 7, cost 1546.580000, nodes: 0(120000.00, 120000.00) 423 120 85 276 13 182 0(9530.00, 9530.00)
route 4, node_num 7, cost 1453.340000, nodes: 0(120000.00, 120000.00) 423 222 89 308 264 265 0(16190.00, 16190.00)
route 5, node_num 8, cost 1257.970000, nodes: 0(120000.00, 120000.00) 423 52 231 252 112 191 390 403 0(30145.00, 30145.00)
route 6, node_num 8, cost 1424.962000, nodes: 0(120000.00, 120000.00) 126 80 285 197 369 107 0(18217.00, 18217.00)
route 7, node_num 8, cost 1744.036000, nodes: 0(120000.00, 120000.00) 423 186 223 215 45 32 411(41418.00, 45992.00) 403 0(0.00, 0.00)
route 8, node_num 7, cost 1433.782000, nodes: 0(120000.00, 120000.00) 423 403 348 132 15 465 490 96 71 423 0(17587.00, 17587.00)
route 9, node_num 7, cost 1408.946000, nodes: 0(120000.00, 120000.00) 423 147 383 76 424 208 48 445 0(19361.00, 19361.00)
route 10, node_num 8, cost 1303.904000, nodes: 0(120000.00, 120000.00) 423 171 303 1 106 151 34 403 0(26864.00, 26864.00)
route 11, node_num 7, cost 1517.446000, nodes: 0(120000.00, 120000.00) 457 16 413 91 214 179 279 444 403 0(11611.00, 11611.00)
route 12, node_num 7, cost 1452.290000, nodes: 0(120000.00, 120000.00) 423 84 318 185 260 463 165 403 0(16265.00, 16265.00)
route 13, node_num 8, cost 1385.986000, nodes: 0(120000.00, 120000.00) 423 372 258 243 60 211 263 473 0(21001.00, 21001.00)
route 14, node_num 7, cost 1645.140000, nodes: 0(120000.00, 120000.00) 423 198 143 5 236 134 444 403 0(2490.00, 2490.00)
route 15, node_num 9, cost 1806.994000, nodes: 0(120000.00, 120000.00) 423(116496.00, 120000.00) 368 355 33 29 176 456(17811.00, 23378.00) 0(0.00, 0.00)
route 16, node_num 7, cost 1425.256000, nodes: 0(120000.00, 120000.00) 423 400 199 49 392 59 0(18196.00, 18196.00)
route 17, node_num 8, cost 1715.238000, nodes: 0(120000.00, 120000.00) 424 486 229 350 104 54 325 413(46379.00, 48896.00) 403 0(0.00, 0.00)
route 18, node_num 7, cost 939.792000, nodes: 0(120000.00, 120000.00) 423 326 46 340 187 37 457 0(52872.00, 52872.00)
route 19, node_num 7, cost 829.388000, nodes: 0(120000.00, 120000.00) 423 268 217 195 110 115 423 0(60758.00, 60758.00)
route 20, node_num 8, cost 549.668000, nodes: 0(120000.00, 120000.00) 24 280 295 314 324 140 0(80738.00, 80738.00)
route 21, node_num 7, cost 617.008000, nodes: 0(120000.00, 120000.00) 247 341 82 384 495 342 0(75928.00, 75928.00)
route 22, node_num 7, cost 1223.236000, nodes: 0(120000.00, 120000.00) 423 196 474 17 169 271 53 480 0(32626.00, 32626.00)
route 23, node_num 8, cost 1126.314000, nodes: 0(120000.00, 120000.00) 423 146 321 28 349 226 159 423 0(39549.00, 39549.00)
route 24, node_num 7, cost 1096.914000, nodes: 0(120000.00, 120000.00) 423 178 86 364 188 474 203 474 0(41649.00, 41649.00)
route 25, node_num 7, cost 873.250000, nodes: 0(120000.00, 120000.00) 423 387 210 466 56 257 98 0(57625.00, 57625.00)
route 26, node_num 8, cost 1129.730000, nodes: 0(120000.00, 120000.00) 423 175 8 484 298 262 363 207 0(39305.00, 39305.00)
route 27, node_num 7, cost 983.458000, nodes: 0(120000.00, 120000.00) 457 64 173 63 375 130 0(49753.00, 49753.00)
route 28, node_num 8, cost 1281.938000, nodes: 0(120000.00, 120000.00) 423 123 88 259 302 370 256 497 0(28433.00, 28433.00)
route 29, node_num 8, cost 729.652000, nodes: 0(120000.00, 120000.00) 135 246 351 39 42 111 0(67882.00, 67882.00)
route 30, node_num 7, cost 1059.184000, nodes: 0(120000.00, 120000.00) 423 213 58 22 225 253 0(44344.00, 44344.00)
route 31, node_num 7, cost 1271.704000, nodes: 0(120000.00, 120000.00) 457 119 305 251 20 95 418 0(29164.00, 29164.00)
route 32, node_num 8, cost 954.548000, nodes: 0(120000.00, 120000.00) 133 168 137 121 354 381 0(51818.00, 51818.00)
route 33, node_num 8, cost 1596.126000, nodes: 0(120000.00, 120000.00) 204 339 283 323 227 498(23834.00, 23834.00) 0(5991.00, 5991.00)
route 34, node_num 5, cost 307.776000, nodes: 0(120000.00, 120000.00) 109 336 300 0(98016.00, 98016.00)
route 35, node_num 7, cost 854.028000, nodes: 0(120000.00, 120000.00) 423 38 391 25 301 310 0(58998.00, 58998.00)
route 36, node_num 6, cost 340.298000, nodes: 0(120000.00, 120000.00) 338 221 189 12 0(95693.00, 95693.00)
route 37, node_num 7, cost 658.616000, nodes: 0(120000.00, 120000.00) 7 266 477 136 374 117 423 0(72956.00, 72956.00)
route 38, node_num 7, cost 1295.000000, nodes: 0(120000.00, 120000.00) 347 403 332 250 242 157 0(27500.00, 27500.00)
route 39, node_num 8, cost 1393.294000, nodes: 0(120000.00, 120000.00) 422 393 422 150 274 200 155 73 428 403 0(20479.00, 20479.00)
route 40, node_num 8, cost 1155.672000, nodes: 0(120000.00, 120000.00) 423 382 144 161 74 448 379 380 417 0(37452.00, 37452.00)
route 41, node_num 8, cost 1074.934000, nodes: 0(120000.00, 120000.00) 423 102 31 304 94 10 164 0(43219.00, 43219.00)
route 42, node_num 8, cost 1283.912000, nodes: 0(120000.00, 120000.00) 426 367 190 345 237 320 184 492 403 0(28292.00, 28292.00)
route 43, node_num 8, cost 1345.862000, nodes: 0(120000.00, 120000.00) 426 475 55 362 101 248 30 442 105 0(23867.00, 23867.00)
route 44, node_num 8, cost 1033.746000, nodes: 0(120000.00, 120000.00) 423 44 27 272 397 399 278 415 0(46161.00, 46161.00)
route 45, node_num 8, cost 1696.828000, nodes: 0(120000.00, 120000.00) 428 100 238 330 118 365 435 404(43195.00, 44397.00) 0(0.00, 0.00)
route 46, node_num 7, cost 1279.250000, nodes: 0(120000.00, 120000.00) 428 388 62 193 315 170 0(28625.00, 28625.00)
route 47, node_num 7, cost 1003.814000, nodes: 0(120000.00, 120000.00) 423 2 139 116 87 431 35 0(48299.00, 48299.00)
route 48, node_num 8, cost 1174.782000, nodes: 0(120000.00, 120000.00) 423 394 482 239 389 431 127 412 269 113 0(36087.00, 36087.00)
route 49, node_num 8, cost 1205.974000, nodes: 0(120000.00, 120000.00) 423 131 331 337 273 129 75 0(33859.00, 33859.00)
route 50, node_num 7, cost 1308.608000, nodes: 0(120000.00, 120000.00) 423 412 386 172 69 373 444 97 0(26528.00, 26528.00)
route 51, node_num 9, cost 1661.338000, nodes: 0(120000.00, 120000.00) 428(89498.00, 93498.00) 316 356 145 79 385 482 403(14448.00, 14448.00) 0(5333.00, 5333.00)
route 52, node_num 9, cost 1644.958000, nodes: 0(120000.00, 120000.00) 423 477(100490.00, 100490.00) 395 99 233 202 148 423(7017.00, 7017.00) 0(2503.00, 2503.00)
route 53, node_num 6, cost 948.808000, nodes: 0(120000.00, 120000.00) 423 328 4 456 3 65 423 0(52228.00, 52228.00)
route 54, node_num 7, cost 993.062000, nodes: 0(120000.00, 120000.00) 423 255 344 415 313 317 476 361 467 403 0(49067.00, 49067.00)
route 55, node_num 7, cost 1000.986000, nodes: 0(120000.00, 120000.00) 423 333 299 234 9 492 205 456 0(48501.00, 48501.00)
route 56, node_num 7, cost 968.842000, nodes: 0(120000.00, 120000.00) 423 228 6 81 47 346 403 0(50797.00, 50797.00)
route 57, node_num 7, cost 1312.010000, nodes: 0(120000.00, 120000.00) 40 352 319 219 152 461 0(26285.00, 26285.00)
route 58, node_num 8, cost 1791.692000, nodes: 0(120000.00, 120000.00) 294 220 358 494(39163.00, 47141.00) 307 192 0(0.00, 0.00)
route 59, node_num 6, cost 1428.070000, nodes: 0(120000.00, 120000.00) 421 245 67 194 114 0(17995.00, 17995.00)
route 60, node_num 6, cost 1609.846000, nodes: 0(120000.00, 120000.00) 421 230 322 78 309 439 0(5011.00, 5011.00)
route 61, node_num 8, cost 1747.942000, nodes: 0(120000.00, 120000.00) 426 441 284 377 177 43 244 428(27768.00, 32621.00) 403 0(0.00, 0.00)
route 62, node_num 8, cost 1384.530000, nodes: 0(120000.00, 120000.00) 426 441 68 235 163 366 371 50 461 0(21105.00, 21105.00)
route 63, node_num 7, cost 1542.212000, nodes: 0(120000.00, 120000.00) 426 441 232 183 334 11 180 423 0(9842.00, 9842.00)
route 64, node_num 8, cost 715.204000, nodes: 0(120000.00, 120000.00) 357 23 270 480 156 72 212 0(68914.00, 68914.00)
route 65, node_num 8, cost 718.746000, nodes: 0(120000.00, 120000.00) 457 174 206 297 61 70 14 0(68661.00, 68661.00)
route 66, node_num 7, cost 1270.542000, nodes: 0(120000.00, 120000.00) 166 103 90 275 77 423 0(29247.00, 29247.00)
route 67, node_num 7, cost 1039.472000, nodes: 0(120000.00, 120000.00) 423 267 396 287 376 122 0(45752.00, 45752.00)
route 68, node_num 7, cost 716.282000, nodes: 0(120000.00, 120000.00) 296 142 241 343 306 0(68837.00, 68837.00)
route 69, node_num 7, cost 364.868000, nodes: 0(120000.00, 120000.00) 57 398 311 201 286 0(93938.00, 93938.00)
route 70, node_num 9, cost 1549.198000, nodes: 0(120000.00, 120000.00) 289 293 167 224 51 66 423(13857.00, 13857.00) 0(9343.00, 9343.00)
route 71, node_num 6, cost 859.810000, nodes: 0(120000.00, 120000.00) 423 288 335 108 359 403 0(58585.00, 58585.00)
route 72, node_num 6, cost 780.542000, nodes: 0(120000.00, 120000.00) 21 93 153 312 0(64247.00, 64247.00)
route 73, node_num 8, cost 443.968000, nodes: 0(120000.00, 120000.00) 423 261 290 249 124 360 216 0(88288.00, 88288.00)
route 74, node_num 6, cost 1149.750000, nodes: 0(120000.00, 120000.00) 426 218 353 18 254 0(37875.00, 37875.00)
route 75, node_num 8, cost 979.524000, nodes: 0(120000.00, 120000.00) 426 154 282 19 240 36 138 0(50034.00, 50034.00)
route 76, node_num 4, cost 145.754000, nodes: 0(120000.00, 120000.00) 327 277 0(109589.00, 109589.00)
vehicle (route) number: 77
Total cost: 114668.85
116308.98, 10818.31
116220.75, 10810.85
116501.22, 10824.26
114904.99, 10837.14
115699.14, 10810.38
115669.13, 10819.16
115226.27, 10805.74
115449.08, 10803.27
115935.85, 10821.87
114668.85, 10808.58
