Details of the solution:
route 0, node_num 9, cost 1822.898000, nodes: 0(120000.00, 120000.00) 256 48 441(49664.00, 49664.00) 54 85 13 475(11409.00, 21616.00) 0(0.00, 0.00)
route 1, node_num 6, cost 858.368000, nodes: 0(120000.00, 120000.00) 380 6 71 4 0(58688.00, 58688.00)
route 2, node_num 7, cost 1324.596000, nodes: 0(120000.00, 120000.00) 80 285 373 279 252 0(25386.00, 25386.00)
route 3, node_num 7, cost 1258.922000, nodes: 0(120000.00, 120000.00) 489 314 295 70 357 381 0(30077.00, 30077.00)
route 4, node_num 8, cost 1745.198000, nodes: 0(120000.00, 120000.00) 238 162 378 128 291 426(37911.00, 42568.00) 0(0.00, 0.00)
route 5, node_num 7, cost 496.678000, nodes: 0(120000.00, 120000.00) 254 36 192 19 240 0(84523.00, 84523.00)
route 6, node_num 7, cost 1070.930000, nodes: 0(120000.00, 120000.00) 360 300 268 123 336 0(43505.00, 43505.00)
route 7, node_num 6, cost 714.336000, nodes: 0(120000.00, 120000.00) 18 241 306 343 0(68976.00, 68976.00)
route 8, node_num 7, cost 1660.204000, nodes: 0(120000.00, 120000.00) 349 400 49 392 321 0(1414.00, 1414.00)
route 9, node_num 7, cost 1552.012000, nodes: 0(120000.00, 120000.00) 118 330 100 148 388 0(9142.00, 9142.00)
route 10, node_num 6, cost 448.994000, nodes: 0(120000.00, 120000.00) 312 296 398 201 0(87929.00, 87929.00)
route 11, node_num 7, cost 1388.940000, nodes: 0(120000.00, 120000.00) 270 156 23 212 111 0(20790.00, 20790.00)
route 12, node_num 7, cost 1493.632000, nodes: 0(120000.00, 120000.00) 154 354 61 297 72 0(13312.00, 13312.00)
route 13, node_num 8, cost 1092.952000, nodes: 0(120000.00, 120000.00) 286 109 7 42 135 216 0(41932.00, 41932.00)
route 14, node_num 7, cost 1631.042000, nodes: 0(120000.00, 120000.00) 188 364 121 39 196 0(3497.00, 3497.00)
route 15, node_num 8, cost 1701.700000, nodes: 0(120000.00, 120000.00) 86 363 28 199 226 437(17282.00, 18832.00) 0(0.00, 0.00)
route 16, node_num 4, cost 89.222000, nodes: 0(120000.00, 120000.00) 93 153 0(113627.00, 113627.00)
route 17, node_num 7, cost 1443.526000, nodes: 0(120000.00, 120000.00) 34 191 222 214 52 0(16891.00, 16891.00)
route 18, node_num 9, cost 1809.738000, nodes: 0(120000.00, 120000.00) 84 182 143 5 402(45971.00, 45971.00) 186 475(12349.00, 21616.00) 0(0.00, 0.00)
route 19, node_num 7, cost 932.750000, nodes: 0(120000.00, 120000.00) 313 299 2 139 317 0(53375.00, 53375.00)
route 20, node_num 7, cost 1303.554000, nodes: 0(120000.00, 120000.00) 165 211 112 97 116 0(26889.00, 26889.00)
route 21, node_num 6, cost 1057.882000, nodes: 0(120000.00, 120000.00) 157 377 114 11 0(44437.00, 44437.00)
route 22, node_num 6, cost 889.098000, nodes: 0(120000.00, 120000.00) 47 127 81 126 0(56493.00, 56493.00)
route 23, node_num 7, cost 1153.194000, nodes: 0(120000.00, 120000.00) 180 235 158 141 334 0(37629.00, 37629.00)
route 24, node_num 6, cost 878.668000, nodes: 0(120000.00, 120000.00) 278 379 27 399 0(57238.00, 57238.00)
route 25, node_num 8, cost 1585.626000, nodes: 0(120000.00, 120000.00) 171 91 151 132 15 475(28357.00, 28357.00) 0(6741.00, 6741.00)
route 26, node_num 7, cost 1066.996000, nodes: 0(120000.00, 120000.00) 113 397 272 172 269 0(43786.00, 43786.00)
route 27, node_num 7, cost 1292.886000, nodes: 0(120000.00, 120000.00) 245 230 66 51 294 0(27651.00, 27651.00)
route 28, node_num 7, cost 1386.210000, nodes: 0(120000.00, 120000.00) 246 351 63 375 82 0(20985.00, 20985.00)
route 29, node_num 6, cost 1209.348000, nodes: 0(120000.00, 120000.00) 67 194 183 232 0(33618.00, 33618.00)
route 30, node_num 7, cost 1561.812000, nodes: 0(120000.00, 120000.00) 170 79 281 462 32 462 316 0(8442.00, 8442.00)
route 31, node_num 7, cost 1192.884000, nodes: 0(120000.00, 120000.00) 21 193 362 75 10 0(34794.00, 34794.00)
route 32, node_num 7, cost 867.930000, nodes: 0(120000.00, 120000.00) 131 374 98 136 346 0(58005.00, 58005.00)
route 33, node_num 7, cost 1433.502000, nodes: 0(120000.00, 120000.00) 177 92 43 244 150 0(17607.00, 17607.00)
route 34, node_num 6, cost 715.624000, nodes: 0(120000.00, 120000.00) 261 249 124 290 0(68884.00, 68884.00)
route 35, node_num 8, cost 1137.248000, nodes: 0(120000.00, 120000.00) 387 195 390 263 361 218 0(38768.00, 38768.00)
route 36, node_num 7, cost 1106.588000, nodes: 0(120000.00, 120000.00) 210 56 257 110 38 0(40958.00, 40958.00)
route 37, node_num 6, cost 1233.302000, nodes: 0(120000.00, 120000.00) 253 22 213 225 0(31907.00, 31907.00)
route 38, node_num 8, cost 945.308000, nodes: 0(120000.00, 120000.00) 345 190 184 62 493 31 74 0(52478.00, 52478.00)
route 39, node_num 6, cost 1235.878000, nodes: 0(120000.00, 120000.00) 322 78 309 155 0(31723.00, 31723.00)
route 40, node_num 7, cost 974.456000, nodes: 0(120000.00, 120000.00) 24 14 327 138 57 0(50396.00, 50396.00)
route 41, node_num 6, cost 973.168000, nodes: 0(120000.00, 120000.00) 175 247 147 117 0(50488.00, 50488.00)
route 42, node_num 7, cost 636.664000, nodes: 0(120000.00, 120000.00) 282 164 55 77 255 0(74524.00, 74524.00)
route 43, node_num 7, cost 1451.744000, nodes: 0(120000.00, 120000.00) 386 107 348 69 129 0(16304.00, 16304.00)
route 44, node_num 8, cost 1969.058000, nodes: 0(120000.00, 120000.00) 305 339 251 204 168 412(5971.00, 26618.00) 0(0.00, 0.00)
route 45, node_num 7, cost 731.808000, nodes: 0(120000.00, 120000.00) 122 103 152 376 166 0(67728.00, 67728.00)
route 46, node_num 6, cost 698.922000, nodes: 0(120000.00, 120000.00) 320 237 161 102 0(70077.00, 70077.00)
route 47, node_num 8, cost 1600.256000, nodes: 0(120000.00, 120000.00) 105 231 96 120 1 474(40270.00, 40270.00) 412 0(5696.00, 5696.00)
route 48, node_num 7, cost 1092.378000, nodes: 0(120000.00, 120000.00) 178 217 115 384 341 0(41973.00, 41973.00)
route 49, node_num 7, cost 1327.536000, nodes: 0(120000.00, 120000.00) 185 318 260 337 331 0(25176.00, 25176.00)
route 50, node_num 7, cost 1088.948000, nodes: 0(120000.00, 120000.00) 108 250 449 30 94 304 0(42218.00, 42218.00)
route 51, node_num 7, cost 869.092000, nodes: 0(120000.00, 120000.00) 205 3 234 328 44 0(57922.00, 57922.00)
route 52, node_num 9, cost 2022.006000, nodes: 0(120000.00, 120000.00) 370 208 441(48139.00, 53736.00) 325 104 59 437(0.00, 18832.00) 0(0.00, 0.00)
route 53, node_num 8, cost 1739.500000, nodes: 0(120000.00, 120000.00) 411(72171.00, 76421.00) 159 137 95 20 88 0(0.00, 0.00)
route 54, node_num 7, cost 1521.926000, nodes: 0(120000.00, 120000.00) 273 160 202 197 395 0(11291.00, 11291.00)
route 55, node_num 6, cost 1031.870000, nodes: 0(120000.00, 120000.00) 310 221 338 347 0(46295.00, 46295.00)
route 56, node_num 8, cost 1046.822000, nodes: 0(120000.00, 120000.00) 307 358 289 293 167 224 0(45227.00, 45227.00)
route 57, node_num 8, cost 793.338000, nodes: 0(120000.00, 120000.00) 335 50 267 68 396 287 0(63333.00, 63333.00)
route 58, node_num 10, cost 1706.670000, nodes: 0(120000.00, 120000.00) 16 89 470(54669.00, 54669.00) 264 308 406(52087.00, 52087.00) 106 474(32669.00, 34574.00) 412 0(0.00, 0.00)
route 59, node_num 7, cost 1787.100000, nodes: 0(120000.00, 120000.00) 369 276 229 350 475(13966.00, 21616.00) 0(0.00, 0.00)
route 60, node_num 8, cost 1699.754000, nodes: 0(120000.00, 120000.00) 283 323 259 302 8 437(17421.00, 18832.00) 0(0.00, 0.00)
route 61, node_num 8, cost 994.700000, nodes: 0(120000.00, 120000.00) 266 25 228 333 391 275 0(48950.00, 48950.00)
route 62, node_num 6, cost 858.886000, nodes: 0(120000.00, 120000.00) 353 366 288 367 0(58651.00, 58651.00)
route 63, node_num 7, cost 1398.418000, nodes: 0(120000.00, 120000.00) 394 372 243 60 258 403 0(20113.00, 20113.00)
route 64, node_num 10, cost 1743.546000, nodes: 0(120000.00, 120000.00) 436 181 439(58190.00, 58190.00) 33 149 26 125 329 452(6607.00, 11146.00) 0(0.00, 0.00)
route 65, node_num 7, cost 1381.338000, nodes: 0(120000.00, 120000.00) 65 207 17 169 301 0(21333.00, 21333.00)
route 66, node_num 7, cost 1591.226000, nodes: 0(120000.00, 120000.00) 64 227 173 37 203 0(6341.00, 6341.00)
route 67, node_num 7, cost 1011.906000, nodes: 0(120000.00, 120000.00) 40 319 219 352 220 0(47721.00, 47721.00)
route 68, node_num 8, cost 1178.786000, nodes: 0(120000.00, 120000.00) 144 332 101 248 200 274 0(35801.00, 35801.00)
route 69, node_num 7, cost 1556.380000, nodes: 0(120000.00, 120000.00) 340 271 130 119 53 0(8830.00, 8830.00)
route 70, node_num 8, cost 1637.286000, nodes: 0(120000.00, 120000.00) 90 41 292 209 356 145 0(3051.00, 3051.00)
route 71, node_num 7, cost 1395.436000, nodes: 0(120000.00, 120000.00) 146 298 262 58 9 0(20326.00, 20326.00)
route 72, node_num 8, cost 1788.444000, nodes: 0(120000.00, 120000.00) 365 83 29 176 355 452(3400.00, 11146.00) 0(0.00, 0.00)
route 73, node_num 8, cost 1048.922000, nodes: 0(120000.00, 120000.00) 344 239 385 389 87 35 0(45077.00, 45077.00)
route 74, node_num 7, cost 1524.838000, nodes: 0(120000.00, 120000.00) 142 187 46 280 324 0(11083.00, 11083.00)
route 75, node_num 8, cost 898.114000, nodes: 0(120000.00, 120000.00) 12 133 189 277 315 311 0(55849.00, 55849.00)
route 76, node_num 8, cost 1389.710000, nodes: 0(120000.00, 120000.00) 359 342 140 326 174 206 0(20735.00, 20735.00)
route 77, node_num 8, cost 1795.486000, nodes: 0(120000.00, 120000.00) 99 368 45 215 223 475(13367.00, 21616.00) 0(0.00, 0.00)
route 78, node_num 8, cost 1073.562000, nodes: 0(120000.00, 120000.00) 382 242 393 73 163 284 0(43317.00, 43317.00)
route 79, node_num 8, cost 1703.198000, nodes: 0(120000.00, 120000.00) 371 233 453 236 134 198 475(19959.00, 21616.00) 0(0.00, 0.00)
route 80, node_num 8, cost 1789.788000, nodes: 0(120000.00, 120000.00) 179 303 76 265 383 474(26732.00, 34574.00) 412 0(0.00, 0.00)
vehicle (route) number: 81
Total cost: 126613.16
126761.74, 10804.83
128754.88, 10844.07
126613.16, 10866.13
127942.48, 10808.32
126797.58, 10834.09
127486.92, 9423.73
127292.94, 10800.31
127078.03, 10826.79
129437.71, 10800.83
127567.96, 10870.41
