Details of the solution:
route 0, node_num 9, cost 1705.816000, nodes: 0(120000.00, 120000.00) 485(97648.00, 97648.00) 401 207 272 287 276 391 436(31425.00, 33269.00) 443 416 491 482 0(0.00, 0.00)
route 1, node_num 8, cost 1061.858000, nodes: 0(120000.00, 120000.00) 491 225 146 210 387 271 135 433 0(44153.00, 44153.00)
route 2, node_num 7, cost 1624.952000, nodes: 0(120000.00, 120000.00) 492 431 479 395 282 498 56 167 112 479 492 0(3932.00, 3932.00)
route 3, node_num 7, cost 882.070000, nodes: 0(120000.00, 120000.00) 124 493 341 297 145 13 459 493 0(56995.00, 56995.00)
route 4, node_num 8, cost 978.740000, nodes: 0(120000.00, 120000.00) 260 394 285 465 324 34 456 180 0(50090.00, 50090.00)
route 5, node_num 7, cost 1251.572000, nodes: 0(120000.00, 120000.00) 433 489 416 443 350 453 253 154 239 101 488 433 0(30602.00, 30602.00)
route 6, node_num 12, cost 1716.792000, nodes: 0(120000.00, 120000.00) 485(97648.00, 97648.00) 402 328 445 418 475 246 157 495(62451.00, 62451.00) 302 499(60230.00, 60230.00) 248 346 495(52066.00, 54694.00) 471 455 407 483 493 0(0.00, 0.00)
route 7, node_num 6, cost 1010.912000, nodes: 0(120000.00, 120000.00) 423 262 419 284 456 24 433 413 7 0(47792.00, 47792.00)
route 8, node_num 8, cost 1282.274000, nodes: 0(120000.00, 120000.00) 433 489 416 443 453 332 1 82 296 488 2 28 443 416 491 482 0(28409.00, 28409.00)
route 9, node_num 5, cost 441.308000, nodes: 0(120000.00, 120000.00) 185 464 279 359 0(88478.00, 88478.00)
route 10, node_num 7, cost 1270.584000, nodes: 0(120000.00, 120000.00) 492 400 193 406 113 213 406 313 491 482 0(29244.00, 29244.00)
route 11, node_num 7, cost 1322.958000, nodes: 0(120000.00, 120000.00) 492 339 265 492 75 179 432 243 0(25503.00, 25503.00)
route 12, node_num 7, cost 1363.138000, nodes: 0(120000.00, 120000.00) 469 259 103 53 99 292 454 480 443 416 491 482 0(22633.00, 22633.00)
route 13, node_num 7, cost 1514.954000, nodes: 0(120000.00, 120000.00) 492 426 52 270 286 487 125 155 487 452 446 491 482 0(11789.00, 11789.00)
route 14, node_num 7, cost 1229.116000, nodes: 0(120000.00, 120000.00) 62 143 61 109 432 57 0(32206.00, 32206.00)
route 15, node_num 6, cost 511.182000, nodes: 0(120000.00, 120000.00) 413 256 129 100 444 161 0(83487.00, 83487.00)
route 16, node_num 8, cost 2008.944000, nodes: 0(120000.00, 120000.00) 492 452 434 421 477 16 373 462 187 22 49 488 409(11610.00, 35106.00) 416 491 482 0(0.00, 0.00)
route 17, node_num 8, cost 1074.878000, nodes: 0(120000.00, 120000.00) 457 386 216 162 251 84 254 458 0(43223.00, 43223.00)
route 18, node_num 7, cost 787.808000, nodes: 0(120000.00, 120000.00) 97 83 68 458 208 482 289 433 0(63728.00, 63728.00)
route 19, node_num 11, cost 1595.244000, nodes: 0(120000.00, 120000.00) 433(101822.00, 101822.00) 223 281 420(63970.00, 63970.00) 245 69 498(52064.00, 52064.00) 342 432 458(24093.00, 24093.00) 0(6054.00, 6054.00)
route 20, node_num 7, cost 535.682000, nodes: 0(120000.00, 120000.00) 65 92 150 388 337 423 0(81737.00, 81737.00)
route 21, node_num 7, cost 1330.686000, nodes: 0(120000.00, 120000.00) 491 417 476 422 190 139 5 484 211 217 484 401 443 416 491 482 0(24951.00, 24951.00)
route 22, node_num 9, cost 1766.072000, nodes: 0(120000.00, 120000.00) 485(97648.00, 97648.00) 428 427 480 336 326 117 222 408 325 484 453(27536.00, 33684.00) 443 416 491 482 0(0.00, 0.00)
route 23, node_num 6, cost 933.618000, nodes: 0(120000.00, 120000.00) 491 403 303 397 383 481 15 458 0(53313.00, 53313.00)
route 24, node_num 10, cost 1457.274000, nodes: 0(120000.00, 120000.00) 485(97648.00, 97648.00) 411 445 105 461(74071.00, 74071.00) 173 115 331 472 212 405(39983.00, 39983.00) 464 0(15909.00, 15909.00)
route 25, node_num 8, cost 1078.994000, nodes: 0(120000.00, 120000.00) 491 481 64 335 356 156 446 266 30 433 0(42929.00, 42929.00)
route 26, node_num 11, cost 1609.832000, nodes: 0(120000.00, 120000.00) 492 432 498 78 498(67392.00, 67392.00) 66 432 414(53265.00, 53265.00) 9 414 73 214 194 414 431 465(31920.00, 31920.00) 0(5012.00, 5012.00)
route 27, node_num 7, cost 1620.332000, nodes: 0(120000.00, 120000.00) 492 452 238 250 33 163 381 484 401 443 416 491 482 0(4262.00, 4262.00)
route 28, node_num 8, cost 822.458000, nodes: 0(120000.00, 120000.00) 363 377 349 91 438 384 323 0(61253.00, 61253.00)
route 29, node_num 7, cost 416.192000, nodes: 0(120000.00, 120000.00) 294 88 367 437 48 39 0(90272.00, 90272.00)
route 30, node_num 7, cost 754.642000, nodes: 0(120000.00, 120000.00) 338 237 79 365 351 491 482 0(66097.00, 66097.00)
route 31, node_num 7, cost 1240.610000, nodes: 0(120000.00, 120000.00) 368 463 354 77 37 221 483 493 0(31385.00, 31385.00)
route 32, node_num 12, cost 1784.902000, nodes: 0(120000.00, 120000.00) 485(97648.00, 120000.00) 402 478 418 475 399 454 455 435(92285.00, 92285.00) 330 441(81937.00, 81937.00) 352 441(78123.00, 78123.00) 249 11 450(64353.00, 64353.00) 407 483 493 0(14859.00, 14859.00)
route 33, node_num 7, cost 363.076000, nodes: 0(120000.00, 120000.00) 226 364 288 464 293 240 0(94066.00, 94066.00)
route 34, node_num 8, cost 1085.154000, nodes: 0(120000.00, 120000.00) 491 445 372 114 422 301 310 299 428 375 459 493 0(42489.00, 42489.00)
route 35, node_num 7, cost 1179.668000, nodes: 0(120000.00, 120000.00) 433 489 416 98 443 247 274 345 453 10 476 416 491 482 0(35738.00, 35738.00)
route 36, node_num 7, cost 501.522000, nodes: 0(120000.00, 120000.00) 333 165 95 203 47 0(84177.00, 84177.00)
route 37, node_num 8, cost 1086.442000, nodes: 0(120000.00, 120000.00) 58 411 151 25 404 131 370 41 404 416 491 482 0(42397.00, 42397.00)
route 38, node_num 8, cost 1035.874000, nodes: 0(120000.00, 120000.00) 102 449 236 449 166 463 379 235 438 126 0(46009.00, 46009.00)
route 39, node_num 7, cost 1045.520000, nodes: 0(120000.00, 120000.00) 138 321 355 175 63 448 493 0(45320.00, 45320.00)
route 40, node_num 8, cost 631.624000, nodes: 0(120000.00, 120000.00) 205 44 130 474 153 393 134 464 0(74884.00, 74884.00)
route 41, node_num 7, cost 551.600000, nodes: 0(120000.00, 120000.00) 474 181 309 74 334 398 464 0(80600.00, 80600.00)
route 42, node_num 8, cost 1072.008000, nodes: 0(120000.00, 120000.00) 433 489 416 8 476 322 300 476 67 411 198 402 485 182 438 0(43428.00, 43428.00)
route 43, node_num 10, cost 1586.158000, nodes: 0(120000.00, 120000.00) 485(97648.00, 97648.00) 428 422 27 202 439 116 392 90 275 488 443(33338.00, 33338.00) 416 491 482 0(6703.00, 6703.00)
route 44, node_num 8, cost 995.218000, nodes: 0(120000.00, 120000.00) 290 493 320 366 295 29 353 483 493 0(48913.00, 48913.00)
route 45, node_num 8, cost 929.544000, nodes: 0(120000.00, 120000.00) 17 458 360 107 319 443 417 121 191 496 413 0(53604.00, 53604.00)
route 46, node_num 8, cost 669.634000, nodes: 0(120000.00, 120000.00) 423 219 144 183 93 231 466 195 466 0(72169.00, 72169.00)
route 47, node_num 8, cost 1698.718000, nodes: 0(120000.00, 120000.00) 485(97648.00, 97648.00) 477 70 14 477 201 45 421 452 446 403(20862.00, 22199.00) 458 0(0.00, 0.00)
route 48, node_num 7, cost 802.942000, nodes: 0(120000.00, 120000.00) 31 464 4 72 273 438 200 0(62647.00, 62647.00)
route 49, node_num 6, cost 1133.370000, nodes: 0(120000.00, 120000.00) 433 489 416 269 169 452 108 152 481 0(39045.00, 39045.00)
route 50, node_num 9, cost 1933.414000, nodes: 0(120000.00, 120000.00) 485(97648.00, 109648.00) 402 478 418 454 455 471 230 160 3 128 308 471 455(39791.00, 45892.00) 407 483 493 0(0.00, 0.00)
route 51, node_num 7, cost 561.386000, nodes: 0(120000.00, 120000.00) 55 413 496 20 298 348 164 0(79901.00, 79901.00)
route 52, node_num 7, cost 1210.636000, nodes: 0(120000.00, 120000.00) 448 305 6 137 469 234 445 171 459 493 0(33526.00, 33526.00)
route 53, node_num 8, cost 1252.020000, nodes: 0(120000.00, 120000.00) 433 489 416 159 404 133 378 21 229 257 436 443 416 491 482 0(30570.00, 30570.00)
route 54, node_num 7, cost 1555.862000, nodes: 0(120000.00, 120000.00) 491 417 59 476 422 490 36 94 455 390 435 382 455 407 483 493 0(8867.00, 8867.00)
route 55, node_num 7, cost 803.348000, nodes: 0(120000.00, 120000.00) 228 283 444 215 242 396 429 0(62618.00, 62618.00)
route 56, node_num 7, cost 781.550000, nodes: 0(120000.00, 120000.00) 413 496 158 206 26 491 482 413 119 32 0(64175.00, 64175.00)
route 57, node_num 9, cost 509.488000, nodes: 0(120000.00, 120000.00) 291 317 204 467 96 361 311 81 466 0(83608.00, 83608.00)
route 58, node_num 7, cost 1026.410000, nodes: 0(120000.00, 120000.00) 464 35 123 224 51 142 464 0(46685.00, 46685.00)
route 59, node_num 7, cost 1595.482000, nodes: 0(120000.00, 120000.00) 469 475 132 315 454 277 141 455 407 12 407 483 493 0(6037.00, 6037.00)
route 60, node_num 7, cost 1501.374000, nodes: 0(120000.00, 120000.00) 492 446 192 174 409 188 421 470 380 184 488 433 0(12759.00, 12759.00)
route 61, node_num 7, cost 1131.158000, nodes: 0(120000.00, 120000.00) 448 312 263 42 267 85 448 493 0(39203.00, 39203.00)
route 62, node_num 7, cost 823.326000, nodes: 0(120000.00, 120000.00) 374 104 457 385 347 106 458 0(61191.00, 61191.00)
route 63, node_num 11, cost 1696.800000, nodes: 0(120000.00, 120000.00) 491 481(92093.00, 108093.00) 452 434 168 314 487(83691.00, 83691.00) 261 54 488(54993.00, 54993.00) 252 453(48484.00, 48484.00) 443 416 491 482 0(14800.00, 14800.00)
route 64, node_num 10, cost 1622.740000, nodes: 0(120000.00, 120000.00) 491 481(92093.00, 100093.00) 406 371 369 389 318 487(57116.00, 57116.00) 232 452 446 403(34289.00, 34289.00) 458 0(12090.00, 12090.00)
route 65, node_num 12, cost 1779.526000, nodes: 0(120000.00, 120000.00) 485(97648.00, 97648.00) 402 478 418 454 455 471 186 447(59732.00, 120000.00) 196 447(116706.00, 116706.00) 307 118 495(109639.00, 109639.00) 233 435 404 481(76271.00, 76271.00) 0(53159.00, 53159.00)
route 66, node_num 6, cost 1539.916000, nodes: 0(120000.00, 120000.00) 433 489 416 443 149 436 76 439 176 439 343 488 433 0(10006.00, 10006.00)
route 67, node_num 8, cost 1201.032000, nodes: 0(120000.00, 120000.00) 491 417 476 422 490 362 218 43 136 490 306 178 445 411 451 0(34212.00, 34212.00)
route 68, node_num 6, cost 1555.498000, nodes: 0(120000.00, 120000.00) 122 19 472 50 46 483 493 0(8893.00, 8893.00)
route 69, node_num 8, cost 1787.072000, nodes: 0(120000.00, 120000.00) 491 481(92093.00, 99741.00) 452 434 421 477 264 148 304 241 111 408 439 488 433 0(0.00, 0.00)
route 70, node_num 8, cost 1383.802000, nodes: 0(120000.00, 120000.00) 18 492 376 177 172 327 426 110 446 491 482 0(21157.00, 21157.00)
route 71, node_num 8, cost 1331.204000, nodes: 0(120000.00, 120000.00) 433 189 486 86 80 344 486 170 316 486 0(24914.00, 24914.00)
route 72, node_num 7, cost 1419.824000, nodes: 0(120000.00, 120000.00) 227 463 449 71 40 87 469 278 442 402 459 493 0(18584.00, 18584.00)
route 73, node_num 8, cost 1790.544000, nodes: 0(120000.00, 120000.00) 255 357 280 358 60 471(41316.00, 49212.00) 455 407 483 493 0(0.00, 0.00)
route 74, node_num 7, cost 1272.292000, nodes: 0(120000.00, 120000.00) 197 422 127 480 340 480 422 329 244 428 438 0(29122.00, 29122.00)
route 75, node_num 8, cost 873.852000, nodes: 0(120000.00, 120000.00) 433 489 199 268 147 120 209 258 489 433 0(57582.00, 57582.00)
route 76, node_num 5, cost 277.368000, nodes: 0(120000.00, 120000.00) 220 23 89 0(100188.00, 100188.00)
route 77, node_num 4, cost 565.950000, nodes: 0(120000.00, 120000.00) 474 38 140 493 0(79575.00, 79575.00)
vehicle (route) number: 78
Total cost: 114537.34
116135.34, 10804.08
118315.22, 11139.87
118185.71, 11088.02
116707.78, 10901.31
117645.75, 6755.52
117731.57, 10970.11
115198.72, 10833.78
116059.13, 10811.06
114537.34, 10822.36
114671.37, 10802.80
