Details of the solution:
route 0, node_num 8, cost 1236.284000, nodes: 0(120000.00, 120000.00) 135 199 517 49 392 363 684 603 0(31694.00, 31694.00)
route 1, node_num 8, cost 1291.724000, nodes: 0(120000.00, 120000.00) 623 175 321 28 349 370 256 697 0(27734.00, 27734.00)
route 2, node_num 7, cost 1578.472000, nodes: 0(120000.00, 120000.00) 204 305 549 226 159 623 0(7252.00, 7252.00)
route 3, node_num 8, cost 1546.272000, nodes: 0(120000.00, 120000.00) 411 137 339 251 283 653 698(27395.00, 27395.00) 0(9552.00, 9552.00)
route 4, node_num 9, cost 1701.182000, nodes: 0(120000.00, 120000.00) 623(116496.00, 118009.00) 511 408 236 5 134 425 613 603 0(0.00, 0.00)
route 5, node_num 7, cost 1383.452000, nodes: 0(120000.00, 120000.00) 623 492 16 214 179 401 0(21182.00, 21182.00)
route 6, node_num 7, cost 1453.340000, nodes: 0(120000.00, 120000.00) 623 222 89 308 264 265 0(16190.00, 16190.00)
route 7, node_num 9, cost 1675.744000, nodes: 0(120000.00, 120000.00) 623 120 613 91 435 104 54 325 613(49200.00, 49200.00) 603 0(304.00, 304.00)
route 8, node_num 8, cost 1599.682000, nodes: 0(120000.00, 120000.00) 623 146 585 507 208 48 530 0(5737.00, 5737.00)
route 9, node_num 9, cost 1593.312000, nodes: 0(120000.00, 120000.00) 624(78004.00, 78004.00) 546 85 483 13 182 613 521 0(6192.00, 6192.00)
route 10, node_num 8, cost 1218.938000, nodes: 0(120000.00, 120000.00) 623 56 258 372 243 600 165 603 0(32933.00, 32933.00)
route 11, node_num 8, cost 1344.868000, nodes: 0(120000.00, 120000.00) 623 171 303 1 106 211 263 673 0(23938.00, 23938.00)
route 12, node_num 7, cost 1540.280000, nodes: 0(120000.00, 120000.00) 623 603 442 602 15 665 151 602 96 488 690 0(9980.00, 9980.00)
route 13, node_num 7, cost 1591.996000, nodes: 0(120000.00, 120000.00) 624 449 383 76 575 59 0(6286.00, 6286.00)
route 14, node_num 9, cost 1764.742000, nodes: 0(120000.00, 120000.00) 624 686(74448.00, 114448.00) 350 229 439 276 562 613(82843.00, 82843.00) 603 0(33947.00, 33947.00)
route 15, node_num 8, cost 1631.084000, nodes: 0(120000.00, 120000.00) 624(78004.00, 78004.00) 198 143 494 504 107 0(3494.00, 3494.00)
route 16, node_num 7, cost 1238.818000, nodes: 0(120000.00, 120000.00) 623 422 298 262 60 207 0(31513.00, 31513.00)
route 17, node_num 9, cost 1690.570000, nodes: 0(120000.00, 120000.00) 623(116496.00, 116496.00) 186 132 476 526 369 685 644(39885.00, 40640.00) 603 0(0.00, 0.00)
route 18, node_num 7, cost 1335.964000, nodes: 0(120000.00, 120000.00) 623 69 331 337 273 503 696 0(24574.00, 24574.00)
route 19, node_num 7, cost 1033.508000, nodes: 0(120000.00, 120000.00) 623 598 344 615 4 520 380 617 0(46178.00, 46178.00)
route 20, node_num 9, cost 1712.508000, nodes: 0(120000.00, 120000.00) 623(116496.00, 120000.00) 285 99 233 181 315 642(41288.00, 41288.00) 0(1182.00, 1182.00)
route 21, node_num 7, cost 1586.662000, nodes: 0(120000.00, 120000.00) 543 673 395 197 426 466 0(6667.00, 6667.00)
route 22, node_num 8, cost 1309.308000, nodes: 0(120000.00, 120000.00) 126 432 348 373 279 644 34 603 0(26478.00, 26478.00)
route 23, node_num 8, cost 1171.982000, nodes: 0(120000.00, 120000.00) 623 52 386 172 567 129 113 0(36287.00, 36287.00)
route 24, node_num 10, cost 1756.804000, nodes: 0(120000.00, 120000.00) 623(116496.00, 120000.00) 368 223 429 460 215 45 661(2504.00, 4486.00) 0(0.00, 0.00)
route 25, node_num 8, cost 1032.472000, nodes: 0(120000.00, 120000.00) 623 44 27 272 648 509 234 205 656 0(46252.00, 46252.00)
route 26, node_num 7, cost 1219.708000, nodes: 0(120000.00, 120000.00) 626 367 190 161 588 599 603 0(32878.00, 32878.00)
route 27, node_num 8, cost 1097.362000, nodes: 0(120000.00, 120000.00) 623 333 299 522 410 538 540 682 0(41617.00, 41617.00)
route 28, node_num 7, cost 1085.084000, nodes: 0(120000.00, 120000.00) 623 617 536 31 304 397 399 615 0(42494.00, 42494.00)
route 29, node_num 8, cost 1168.188000, nodes: 0(120000.00, 120000.00) 623 116 430 389 548 127 47 676 0(36558.00, 36558.00)
route 30, node_num 8, cost 921.662000, nodes: 0(120000.00, 120000.00) 623 603 210 139 2 563 417 98 0(54167.00, 54167.00)
route 31, node_num 8, cost 1264.522000, nodes: 0(120000.00, 120000.00) 623 231 634 525 252 112 191 390 603 0(29677.00, 29677.00)
route 32, node_num 8, cost 927.864000, nodes: 0(120000.00, 120000.00) 623 131 6 81 35 414 71 623 0(53724.00, 53724.00)
route 33, node_num 8, cost 1244.012000, nodes: 0(120000.00, 120000.00) 623 87 631 239 696 579 516 97 696 385 682 0(31142.00, 31142.00)
route 34, node_num 8, cost 1098.748000, nodes: 0(120000.00, 120000.00) 623 38 394 528 552 416 253 0(41518.00, 41518.00)
route 35, node_num 8, cost 833.196000, nodes: 0(120000.00, 120000.00) 657 174 297 270 680 156 72 14 0(60486.00, 60486.00)
route 36, node_num 8, cost 591.542000, nodes: 0(120000.00, 120000.00) 133 326 206 314 342 140 0(77747.00, 77747.00)
route 37, node_num 8, cost 919.632000, nodes: 0(120000.00, 120000.00) 623 403 557 459 698 130 354 61 603 0(54312.00, 54312.00)
route 38, node_num 7, cost 980.070000, nodes: 0(120000.00, 120000.00) 657 64 173 121 187 37 657 0(49995.00, 49995.00)
route 39, node_num 6, cost 626.836000, nodes: 0(120000.00, 120000.00) 657 544 514 561 310 0(75226.00, 75226.00)
route 40, node_num 8, cost 564.886000, nodes: 0(120000.00, 120000.00) 566 247 502 82 384 695 324 0(79651.00, 79651.00)
route 41, node_num 7, cost 598.808000, nodes: 0(120000.00, 120000.00) 657 280 46 295 658 221 216 0(77228.00, 77228.00)
route 42, node_num 8, cost 1475.208000, nodes: 0(120000.00, 120000.00) 623 596 259 302 506 227 698(32471.00, 32471.00) 0(14628.00, 14628.00)
route 43, node_num 7, cost 1049.412000, nodes: 0(120000.00, 120000.00) 657 119 576 438 20 405 0(45042.00, 45042.00)
route 44, node_num 8, cost 1113.994000, nodes: 0(120000.00, 120000.00) 24 340 168 500 271 53 680 0(40429.00, 40429.00)
route 45, node_num 8, cost 954.100000, nodes: 0(120000.00, 120000.00) 623 123 246 351 505 479 434 674 0(51850.00, 51850.00)
route 46, node_num 8, cost 923.608000, nodes: 0(120000.00, 120000.00) 623 558 195 387 490 203 577 0(54028.00, 54028.00)
route 47, node_num 6, cost 950.586000, nodes: 0(120000.00, 120000.00) 623 603 565 17 169 110 623 0(52101.00, 52101.00)
route 48, node_num 7, cost 985.740000, nodes: 0(120000.00, 120000.00) 623 178 86 364 188 674 115 623 0(49590.00, 49590.00)
route 49, node_num 7, cost 956.018000, nodes: 0(120000.00, 120000.00) 623 217 465 471 257 573 0(51713.00, 51713.00)
route 50, node_num 7, cost 1109.766000, nodes: 0(120000.00, 120000.00) 623 591 8 443 39 590 0(40731.00, 40731.00)
route 51, node_num 7, cost 808.794000, nodes: 0(120000.00, 120000.00) 623 196 63 375 88 501 0(62229.00, 62229.00)
route 52, node_num 7, cost 975.408000, nodes: 0(120000.00, 120000.00) 623 213 225 22 58 464 0(50328.00, 50328.00)
route 53, node_num 7, cost 1259.804000, nodes: 0(120000.00, 120000.00) 623 147 400 660 537 323 95 618 0(30014.00, 30014.00)
route 54, node_num 8, cost 1508.850000, nodes: 0(120000.00, 120000.00) 621 141 158 194 477 66 623(16739.00, 16739.00) 0(12225.00, 12225.00)
route 55, node_num 8, cost 1594.096000, nodes: 0(120000.00, 120000.00) 289 293 167 412 428 607 664(25470.00, 25470.00) 0(6136.00, 6136.00)
route 56, node_num 8, cost 1316.882000, nodes: 0(120000.00, 120000.00) 166 352 592 396 376 307 0(25937.00, 25937.00)
route 57, node_num 6, cost 1269.814000, nodes: 0(120000.00, 120000.00) 621 230 437 319 122 0(29299.00, 29299.00)
route 58, node_num 7, cost 1272.698000, nodes: 0(120000.00, 120000.00) 40 569 103 669 18 254 0(29093.00, 29093.00)
route 59, node_num 8, cost 1316.616000, nodes: 0(120000.00, 120000.00) 626 641 454 481 287 508 597 77 623 0(25956.00, 25956.00)
route 60, node_num 8, cost 1213.912000, nodes: 0(120000.00, 120000.00) 533 220 554 484 550 152 661 0(33292.00, 33292.00)
route 61, node_num 8, cost 1542.548000, nodes: 0(120000.00, 120000.00) 626 641 284 377 542 523 155 73 628 603 0(9818.00, 9818.00)
route 62, node_num 8, cost 1581.370000, nodes: 0(120000.00, 120000.00) 626 641 68 232 334 444 607 407 457 0(7045.00, 7045.00)
route 63, node_num 8, cost 1106.322000, nodes: 0(120000.00, 120000.00) 539 183 90 489 518 689 164 0(40977.00, 40977.00)
route 64, node_num 10, cost 1697.402000, nodes: 0(120000.00, 120000.00) 621(81946.00, 81946.00) 593 621 461 200 274 604(48019.00, 48019.00) 248 642 603(7872.00, 9115.00) 0(0.00, 0.00)
route 65, node_num 9, cost 1600.186000, nodes: 0(120000.00, 120000.00) 626 421 235 163 11 180 589 681(42567.00, 42567.00) 603 0(5701.00, 5701.00)
route 66, node_num 8, cost 1708.658000, nodes: 0(120000.00, 120000.00) 621(81946.00, 101946.00) 485 639 574 440 309 639 603(27068.00, 27068.00) 0(17953.00, 17953.00)
route 67, node_num 7, cost 1251.516000, nodes: 0(120000.00, 120000.00) 623 267 446 406 486 192 0(30606.00, 30606.00)
route 68, node_num 7, cost 1421.854000, nodes: 0(120000.00, 120000.00) 623 450 623 513 177 433 157 0(18439.00, 18439.00)
route 69, node_num 7, cost 1356.670000, nodes: 0(120000.00, 120000.00) 7 689 553 689 547 242 10 628 603 0(23095.00, 23095.00)
route 70, node_num 7, cost 1091.076000, nodes: 0(120000.00, 120000.00) 623 288 335 345 237 320 648 0(42066.00, 42066.00)
route 71, node_num 6, cost 1103.662000, nodes: 0(120000.00, 120000.00) 623 382 409 510 9 692 603 0(41167.00, 41167.00)
route 72, node_num 8, cost 955.822000, nodes: 0(120000.00, 120000.00) 623 415 144 366 580 371 50 661 0(51727.00, 51727.00)
route 73, node_num 8, cost 1889.762000, nodes: 0(120000.00, 120000.00) 626 641 478 470 584 224 51 629(34660.00, 49643.00) 0(0.00, 0.00)
route 74, node_num 8, cost 1136.170000, nodes: 0(120000.00, 120000.00) 296 423 632 19 240 632 493 693 36 0(38845.00, 38845.00)
route 75, node_num 7, cost 470.722000, nodes: 0(120000.00, 120000.00) 338 445 556 657 467 138 0(86377.00, 86377.00)
route 76, node_num 6, cost 453.670000, nodes: 0(120000.00, 120000.00) 57 568 498 277 0(87595.00, 87595.00)
route 77, node_num 8, cost 799.106000, nodes: 0(120000.00, 120000.00) 626 154 142 451 343 241 306 0(62921.00, 62921.00)
route 78, node_num 8, cost 497.336000, nodes: 0(120000.00, 120000.00) 357 23 70 212 458 381 0(84476.00, 84476.00)
route 79, node_num 6, cost 780.542000, nodes: 0(120000.00, 120000.00) 21 93 153 312 0(64247.00, 64247.00)
route 80, node_num 7, cost 308.896000, nodes: 0(120000.00, 120000.00) 623 261 290 249 124 462 0(97936.00, 97936.00)
route 81, node_num 8, cost 421.778000, nodes: 0(120000.00, 120000.00) 347 475 582 109 189 12 0(89873.00, 89873.00)
route 82, node_num 6, cost 295.050000, nodes: 0(120000.00, 120000.00) 583 398 311 201 0(98925.00, 98925.00)
route 83, node_num 5, cost 183.386000, nodes: 0(120000.00, 120000.00) 455 327 286 0(106901.00, 106901.00)
route 84, node_num 6, cost 784.448000, nodes: 0(120000.00, 120000.00) 626 551 473 578 360 603 0(63968.00, 63968.00)
route 85, node_num 7, cost 616.700000, nodes: 0(120000.00, 120000.00) 623 341 441 469 336 300 0(75950.00, 75950.00)
route 86, node_num 6, cost 571.270000, nodes: 0(120000.00, 120000.00) 623 545 453 374 359 603 0(79195.00, 79195.00)
route 87, node_num 8, cost 947.814000, nodes: 0(120000.00, 120000.00) 623 532 472 495 282 275 404 664 0(52299.00, 52299.00)
route 88, node_num 7, cost 757.624000, nodes: 0(120000.00, 120000.00) 541 218 667 419 353 65 623 0(65884.00, 65884.00)
route 89, node_num 8, cost 895.958000, nodes: 0(120000.00, 120000.00) 623 268 266 677 136 313 317 676 346 603 0(56003.00, 56003.00)
route 90, node_num 7, cost 832.986000, nodes: 0(120000.00, 120000.00) 623 255 496 3 499 559 603 0(60501.00, 60501.00)
route 91, node_num 7, cost 860.790000, nodes: 0(120000.00, 120000.00) 623 497 524 108 413 361 667 603 0(58515.00, 58515.00)
route 92, node_num 8, cost 854.126000, nodes: 0(120000.00, 120000.00) 623 228 391 581 25 42 111 0(58991.00, 58991.00)
route 93, node_num 6, cost 838.740000, nodes: 0(120000.00, 120000.00) 623 328 535 301 117 623 0(60090.00, 60090.00)
route 94, node_num 6, cost 1406.034000, nodes: 0(120000.00, 120000.00) 621 245 67 420 114 0(19569.00, 19569.00)
route 95, node_num 8, cost 1544.004000, nodes: 0(120000.00, 120000.00) 294 482 358 572 436 219 0(9714.00, 9714.00)
route 96, node_num 10, cost 1522.752000, nodes: 0(120000.00, 120000.00) 622(83916.00, 83916.00) 424 322 531 78 570 463 639 603(20347.00, 20347.00) 0(11232.00, 11232.00)
route 97, node_num 8, cost 1129.184000, nodes: 0(120000.00, 120000.00) 628 388 468 447 74 184 105 0(39344.00, 39344.00)
route 98, node_num 9, cost 1580.880000, nodes: 0(120000.00, 120000.00) 623(116496.00, 116496.00) 55 480 427 43 244 628(39701.00, 39701.00) 603 0(7080.00, 7080.00)
route 99, node_num 8, cost 1269.086000, nodes: 0(120000.00, 120000.00) 622 393 515 622 150 62 448 278 615 0(29351.00, 29351.00)
route 100, node_num 8, cost 1285.354000, nodes: 0(120000.00, 120000.00) 623 571 250 332 94 379 487 615 0(28189.00, 28189.00)
route 101, node_num 7, cost 1646.302000, nodes: 0(120000.00, 120000.00) 623 587 534 330 529 30 642 0(2407.00, 2407.00)
route 102, node_num 9, cost 1867.180000, nodes: 0(120000.00, 120000.00) 628 162 26 329 291 125 83 628(19251.00, 32621.00) 603 0(0.00, 0.00)
route 103, node_num 8, cost 1492.288000, nodes: 0(120000.00, 120000.00) 623 102 80 474 79 148 75 0(13408.00, 13408.00)
route 104, node_num 8, cost 1833.594000, nodes: 0(120000.00, 120000.00) 623 431 355 29 176 32 611(35021.00, 45992.00) 603 0(0.00, 0.00)
route 105, node_num 9, cost 1865.080000, nodes: 0(120000.00, 120000.00) 628(89498.00, 93603.00) 316 418 627 512 627 128 378 651 603(0.00, 9115.00) 0(0.00, 0.00)
route 106, node_num 7, cost 1678.208000, nodes: 0(120000.00, 120000.00) 623 595 628 594 519 92 118 654 603 0(128.00, 128.00)
route 107, node_num 9, cost 1797.460000, nodes: 0(120000.00, 120000.00) 623 677(100490.00, 100490.00) 160 356 292 41 209 647(40424.00, 48814.00) 603 0(0.00, 0.00)
route 108, node_num 7, cost 1474.172000, nodes: 0(120000.00, 120000.00) 623 84 318 185 527 491 0(14702.00, 14702.00)
route 109, node_num 7, cost 1525.370000, nodes: 0(120000.00, 120000.00) 628 101 555 560 402 365 635 603 0(11045.00, 11045.00)
route 110, node_num 10, cost 1719.102000, nodes: 0(120000.00, 120000.00) 623(116496.00, 116496.00) 564 149 33 202 452 281 611(43199.00, 45992.00) 603 0(0.00, 0.00)
route 111, node_num 7, cost 1375.962000, nodes: 0(120000.00, 120000.00) 623 362 193 586 170 456 642 0(21717.00, 21717.00)
route 112, node_num 10, cost 1618.876000, nodes: 0(120000.00, 120000.00) 628(89498.00, 89498.00) 100 238 145 260 611(53823.00, 53823.00) 269 612 615(35907.00, 35907.00) 0(4366.00, 4366.00)
vehicle (route) number: 113
Total cost: 170362.24
172559.78, 18016.66
171248.75, 18005.04
171234.90, 18011.21
171642.08, 18014.08
171578.49, 18016.10
171180.54, 18023.19
171494.33, 18006.03
170362.24, 18007.14
170956.10, 18029.11
172206.96, 12032.73
