Details of the solution:
route 0, node_num 7, cost 903.462000, nodes: 0(120000.00, 120000.00) 390 90 69 122 39 0(55467.00, 55467.00)
route 1, node_num 7, cost 973.588000, nodes: 0(120000.00, 120000.00) 187 191 330 196 318 0(50458.00, 50458.00)
route 2, node_num 8, cost 1154.902000, nodes: 0(120000.00, 120000.00) 77 407 84 445 577 419 0(37507.00, 37507.00)
route 3, node_num 7, cost 814.744000, nodes: 0(120000.00, 120000.00) 388 496 197 329 293 0(61804.00, 61804.00)
route 4, node_num 6, cost 441.350000, nodes: 0(120000.00, 120000.00) 391 86 325 584 0(88475.00, 88475.00)
route 5, node_num 8, cost 1067.178000, nodes: 0(120000.00, 120000.00) 504 176 347 547 68 600 0(43773.00, 43773.00)
route 6, node_num 8, cost 940.058000, nodes: 0(120000.00, 120000.00) 57 588 574 299 119 443 0(52853.00, 52853.00)
route 7, node_num 7, cost 1487.528000, nodes: 0(120000.00, 120000.00) 79 117 405 370 457 651 0(13748.00, 13748.00)
route 8, node_num 8, cost 958.804000, nodes: 0(120000.00, 120000.00) 326 298 163 221 20 494 0(51514.00, 51514.00)
route 9, node_num 7, cost 702.758000, nodes: 0(120000.00, 120000.00) 229 131 503 180 511 614 0(69803.00, 69803.00)
route 10, node_num 8, cost 1104.180000, nodes: 0(120000.00, 120000.00) 225 515 56 42 576 288 0(41130.00, 41130.00)
route 11, node_num 7, cost 1070.916000, nodes: 0(120000.00, 120000.00) 150 278 522 313 171 0(43506.00, 43506.00)
route 12, node_num 6, cost 275.996000, nodes: 0(120000.00, 120000.00) 555 265 372 333 0(100286.00, 100286.00)
route 13, node_num 7, cost 820.316000, nodes: 0(120000.00, 120000.00) 310 434 248 223 37 0(61406.00, 61406.00)
route 14, node_num 8, cost 1076.810000, nodes: 0(120000.00, 120000.00) 189 375 292 59 523 193 0(43085.00, 43085.00)
route 15, node_num 9, cost 1690.094000, nodes: 0(120000.00, 120000.00) 472 156 99 679(60755.00, 61476.00) 414 598 72 0(0.00, 0.00)
route 16, node_num 7, cost 628.810000, nodes: 0(120000.00, 120000.00) 76 249 52 464 195 0(75085.00, 75085.00)
route 17, node_num 7, cost 1085.854000, nodes: 0(120000.00, 120000.00) 591 380 353 275 155 0(42439.00, 42439.00)
route 18, node_num 8, cost 1828.652000, nodes: 0(120000.00, 120000.00) 378 240 53 141 639(42159.00, 52777.00) 495 0(0.00, 0.00)
route 19, node_num 8, cost 902.832000, nodes: 0(120000.00, 120000.00) 366 412 593 545 268 4 0(55512.00, 55512.00)
route 20, node_num 7, cost 1500.282000, nodes: 0(120000.00, 120000.00) 257 149 334 43 145 0(12837.00, 12837.00)
route 21, node_num 6, cost 583.772000, nodes: 0(120000.00, 120000.00) 132 314 415 396 0(78302.00, 78302.00)
route 22, node_num 8, cost 927.122000, nodes: 0(120000.00, 120000.00) 289 551 337 130 510 36 0(53777.00, 53777.00)
route 23, node_num 8, cost 1496.166000, nodes: 0(120000.00, 120000.00) 251 377 387 537 498 237 0(13131.00, 13131.00)
route 24, node_num 7, cost 1276.702000, nodes: 0(120000.00, 120000.00) 442 300 266 507 382 0(28807.00, 28807.00)
route 25, node_num 9, cost 1712.788000, nodes: 0(120000.00, 120000.00) 432 61 463 28 595 398 647 671(34207.00, 36549.00) 0(0.00, 0.00)
route 26, node_num 8, cost 1498.994000, nodes: 0(120000.00, 120000.00) 549 309 493 439 471 78 0(12929.00, 12929.00)
route 27, node_num 7, cost 956.172000, nodes: 0(120000.00, 120000.00) 594 538 208 169 539 0(51702.00, 51702.00)
route 28, node_num 7, cost 555.912000, nodes: 0(120000.00, 120000.00) 514 44 312 211 349 0(80292.00, 80292.00)
route 29, node_num 7, cost 722.624000, nodes: 0(120000.00, 120000.00) 89 283 21 256 417 0(68384.00, 68384.00)
route 30, node_num 8, cost 1650.838000, nodes: 0(120000.00, 120000.00) 166 245 339 85 125 413 0(2083.00, 2083.00)
route 31, node_num 8, cost 1291.962000, nodes: 0(120000.00, 120000.00) 468 45 581 332 60 203 671 0(27717.00, 27717.00)
route 32, node_num 6, cost 1013.992000, nodes: 0(120000.00, 120000.00) 231 38 35 254 0(47572.00, 47572.00)
route 33, node_num 7, cost 1391.964000, nodes: 0(120000.00, 120000.00) 678 108 530 114 297 474 0(20574.00, 20574.00)
route 34, node_num 8, cost 1283.828000, nodes: 0(120000.00, 120000.00) 210 127 548 672 483 290 54 0(28298.00, 28298.00)
route 35, node_num 7, cost 1610.532000, nodes: 0(120000.00, 120000.00) 363 247 97 116 536 0(4962.00, 4962.00)
route 36, node_num 9, cost 964.376000, nodes: 0(120000.00, 120000.00) 489 394 286 121 341 198 352 0(51116.00, 51116.00)
route 37, node_num 7, cost 1313.900000, nodes: 0(120000.00, 120000.00) 678 51 63 92 456 215 0(26150.00, 26150.00)
route 38, node_num 8, cost 984.270000, nodes: 0(120000.00, 120000.00) 480 406 433 178 579 168 0(49695.00, 49695.00)
route 39, node_num 8, cost 881.356000, nodes: 0(120000.00, 120000.00) 199 501 350 342 216 188 0(57046.00, 57046.00)
route 40, node_num 8, cost 1692.460000, nodes: 0(120000.00, 120000.00) 14 260 159 358 274 619(22824.00, 23714.00) 0(0.00, 0.00)
route 41, node_num 8, cost 1422.624000, nodes: 0(120000.00, 120000.00) 306 31 227 437 348 241 0(18384.00, 18384.00)
route 42, node_num 8, cost 1122.702000, nodes: 0(120000.00, 120000.00) 409 174 408 402 13 381 0(39807.00, 39807.00)
route 43, node_num 6, cost 725.760000, nodes: 0(120000.00, 120000.00) 502 646 287 508 395 0(68160.00, 68160.00)
route 44, node_num 8, cost 1211.434000, nodes: 0(120000.00, 120000.00) 328 446 296 364 228 636 118 0(33469.00, 33469.00)
route 45, node_num 9, cost 1652.364000, nodes: 0(120000.00, 120000.00) 261 392 359 505 615 281 48 668 645(27036.00, 27036.00) 0(1974.00, 1974.00)
route 46, node_num 7, cost 819.294000, nodes: 0(120000.00, 120000.00) 173 399 184 217 147 0(61479.00, 61479.00)
route 47, node_num 8, cost 1570.548000, nodes: 0(120000.00, 120000.00) 383 142 29 564 73 207 0(7818.00, 7818.00)
route 48, node_num 8, cost 899.962000, nodes: 0(120000.00, 120000.00) 599 160 96 91 422 374 0(55717.00, 55717.00)
route 49, node_num 6, cost 342.230000, nodes: 0(120000.00, 120000.00) 554 263 179 344 0(95555.00, 95555.00)
route 50, node_num 8, cost 1258.180000, nodes: 0(120000.00, 120000.00) 285 596 152 506 590 519 0(30130.00, 30130.00)
route 51, node_num 6, cost 571.886000, nodes: 0(120000.00, 120000.00) 529 540 568 282 0(79151.00, 79151.00)
route 52, node_num 8, cost 1516.662000, nodes: 0(120000.00, 120000.00) 153 307 583 302 455 452 0(11667.00, 11667.00)
route 53, node_num 7, cost 1351.392000, nodes: 0(120000.00, 120000.00) 192 236 466 55 572 0(23472.00, 23472.00)
route 54, node_num 9, cost 1761.970000, nodes: 0(120000.00, 120000.00) 533 605(53195.00, 59050.00) 200 113 3 264 252 0(0.00, 0.00)
route 55, node_num 8, cost 1454.936000, nodes: 0(120000.00, 120000.00) 401 360 562 580 316 177 668 686 625 0(16076.00, 16076.00)
route 56, node_num 7, cost 1068.662000, nodes: 0(120000.00, 120000.00) 259 565 295 206 137 0(43667.00, 43667.00)
route 57, node_num 8, cost 1893.542000, nodes: 0(120000.00, 120000.00) 660(66386.00, 98386.00) 597 213 6 107 690 308 0(16747.00, 16747.00)
route 58, node_num 8, cost 1592.612000, nodes: 0(120000.00, 120000.00) 351 1 194 499 319 543 0(6242.00, 6242.00)
route 59, node_num 8, cost 828.534000, nodes: 0(120000.00, 120000.00) 492 563 305 74 106 428 0(60819.00, 60819.00)
route 60, node_num 7, cost 1366.064000, nodes: 0(120000.00, 120000.00) 475 604 98 585 109 371 0(22424.00, 22424.00)
route 61, node_num 8, cost 1595.902000, nodes: 0(120000.00, 120000.00) 535 88 129 385 253 476 634 0(6007.00, 6007.00)
route 62, node_num 8, cost 1531.712000, nodes: 0(120000.00, 120000.00) 441 582 440 424 67 105 0(10592.00, 10592.00)
route 63, node_num 8, cost 1215.984000, nodes: 0(120000.00, 120000.00) 460 19 379 103 30 181 0(33144.00, 33144.00)
route 64, node_num 7, cost 591.780000, nodes: 0(120000.00, 120000.00) 373 397 190 317 575 0(77730.00, 77730.00)
route 65, node_num 8, cost 1331.988000, nodes: 0(120000.00, 120000.00) 304 461 243 404 186 423 685 0(24858.00, 24858.00)
route 66, node_num 8, cost 872.872000, nodes: 0(120000.00, 120000.00) 497 81 33 139 133 369 0(57652.00, 57652.00)
route 67, node_num 7, cost 1448.706000, nodes: 0(120000.00, 120000.00) 10 421 521 24 294 0(16521.00, 16521.00)
route 68, node_num 6, cost 484.148000, nodes: 0(120000.00, 120000.00) 167 362 204 40 0(85418.00, 85418.00)
route 69, node_num 7, cost 596.540000, nodes: 0(120000.00, 120000.00) 542 654 556 270 134 2 0(77390.00, 77390.00)
route 70, node_num 9, cost 2000.782000, nodes: 0(120000.00, 120000.00) 586 670(48508.00, 52508.00) 183 269 436 509 640(3702.00, 22615.00) 0(0.00, 0.00)
route 71, node_num 8, cost 408.870000, nodes: 0(120000.00, 120000.00) 222 279 558 485 124 226 0(90795.00, 90795.00)
route 72, node_num 8, cost 1416.128000, nodes: 0(120000.00, 120000.00) 487 9 165 100 64 569 685 0(18848.00, 18848.00)
route 73, node_num 8, cost 903.168000, nodes: 0(120000.00, 120000.00) 75 41 531 327 520 435 0(55488.00, 55488.00)
route 74, node_num 8, cost 1448.244000, nodes: 0(120000.00, 120000.00) 368 303 518 112 23 219 0(16554.00, 16554.00)
route 75, node_num 8, cost 1398.264000, nodes: 0(120000.00, 120000.00) 70 138 277 5 571 267 0(20124.00, 20124.00)
route 76, node_num 8, cost 1023.904000, nodes: 0(120000.00, 120000.00) 87 175 450 16 234 553 0(46864.00, 46864.00)
route 77, node_num 6, cost 895.300000, nodes: 0(120000.00, 120000.00) 157 17 454 403 0(56050.00, 56050.00)
route 78, node_num 9, cost 972.930000, nodes: 0(120000.00, 120000.00) 255 416 148 301 343 7 462 0(50505.00, 50505.00)
route 79, node_num 6, cost 606.466000, nodes: 0(120000.00, 120000.00) 158 532 94 11 0(76681.00, 76681.00)
route 80, node_num 8, cost 1211.672000, nodes: 0(120000.00, 120000.00) 430 27 15 218 65 354 623 0(33452.00, 33452.00)
route 81, node_num 8, cost 1194.704000, nodes: 0(120000.00, 120000.00) 244 110 573 66 323 469 0(34664.00, 34664.00)
route 82, node_num 7, cost 762.132000, nodes: 0(120000.00, 120000.00) 201 71 258 418 331 0(65562.00, 65562.00)
route 83, node_num 6, cost 696.794000, nodes: 0(120000.00, 120000.00) 311 146 182 449 0(70229.00, 70229.00)
route 84, node_num 7, cost 698.194000, nodes: 0(120000.00, 120000.00) 389 120 427 488 544 0(70129.00, 70129.00)
route 85, node_num 7, cost 1292.452000, nodes: 0(120000.00, 120000.00) 526 102 271 49 384 0(27682.00, 27682.00)
route 86, node_num 9, cost 886.886000, nodes: 0(120000.00, 120000.00) 242 272 386 26 95 552 657 47 0(56651.00, 56651.00)
route 87, node_num 9, cost 1237.922000, nodes: 0(120000.00, 120000.00) 356 284 335 587 451 410 154 0(31577.00, 31577.00)
route 88, node_num 8, cost 559.776000, nodes: 0(120000.00, 120000.00) 479 280 411 550 620 470 589 0(80016.00, 80016.00)
route 89, node_num 7, cost 1375.598000, nodes: 0(120000.00, 120000.00) 140 567 18 162 161 0(21743.00, 21743.00)
route 90, node_num 8, cost 578.606000, nodes: 0(120000.00, 120000.00) 376 214 482 32 239 111 0(78671.00, 78671.00)
route 91, node_num 6, cost 407.652000, nodes: 0(120000.00, 120000.00) 431 484 525 500 0(90882.00, 90882.00)
route 92, node_num 8, cost 960.078000, nodes: 0(120000.00, 120000.00) 233 262 25 170 276 336 0(51423.00, 51423.00)
route 93, node_num 8, cost 1579.872000, nodes: 0(120000.00, 120000.00) 361 473 8 144 477 205 0(7152.00, 7152.00)
route 94, node_num 6, cost 597.226000, nodes: 0(120000.00, 120000.00) 355 320 291 447 0(77341.00, 77341.00)
route 95, node_num 8, cost 1285.676000, nodes: 0(120000.00, 120000.00) 592 429 224 367 527 534 0(28166.00, 28166.00)
route 96, node_num 8, cost 829.696000, nodes: 0(120000.00, 120000.00) 83 486 557 93 220 458 601 0(60736.00, 60736.00)
route 97, node_num 8, cost 815.220000, nodes: 0(120000.00, 120000.00) 315 322 541 578 459 338 0(61770.00, 61770.00)
route 98, node_num 7, cost 757.974000, nodes: 0(120000.00, 120000.00) 230 34 209 136 246 651 0(65859.00, 65859.00)
route 99, node_num 9, cost 823.746000, nodes: 0(120000.00, 120000.00) 357 546 512 665 62 425 164 50 0(61161.00, 61161.00)
route 100, node_num 9, cost 898.576000, nodes: 0(120000.00, 120000.00) 400 465 448 115 561 232 340 0(55816.00, 55816.00)
route 101, node_num 8, cost 1553.356000, nodes: 0(120000.00, 120000.00) 185 104 151 202 172 517 0(9046.00, 9046.00)
route 102, node_num 9, cost 1617.070000, nodes: 0(120000.00, 120000.00) 346 128 82 126 560 143 675(22020.00, 22020.00) 0(4495.00, 4495.00)
route 103, node_num 6, cost 711.746000, nodes: 0(120000.00, 120000.00) 250 513 490 426 0(69161.00, 69161.00)
route 104, node_num 5, cost 235.340000, nodes: 0(120000.00, 120000.00) 235 321 46 0(103190.00, 103190.00)
route 105, node_num 8, cost 1418.494000, nodes: 0(120000.00, 120000.00) 516 478 58 123 467 393 601 0(18679.00, 18679.00)
route 106, node_num 8, cost 985.068000, nodes: 0(120000.00, 120000.00) 212 273 345 444 12 420 0(49638.00, 49638.00)
route 107, node_num 6, cost 550.382000, nodes: 0(120000.00, 120000.00) 481 566 570 613 559 0(80687.00, 80687.00)
route 108, node_num 7, cost 900.970000, nodes: 0(120000.00, 120000.00) 528 453 524 687 22 238 0(55645.00, 55645.00)
route 109, node_num 9, cost 1042.636000, nodes: 0(120000.00, 120000.00) 135 365 438 101 324 491 80 0(45526.00, 45526.00)
vehicle (route) number: 110
Total cost: 151879.40
155450.74, 10610.21
153323.11, 18085.44
153051.89, 18102.75
153345.82, 18107.14
155228.32, 18071.47
154724.56, 9301.92
154098.62, 18070.19
152932.83, 18073.35
153420.79, 18016.43
151879.40, 18003.87
