Details of the solution:
route 0, node_num 8, cost 1172.290000, nodes: 0(120000.00, 120000.00) 673 541 237 626 105 62 10 671 688 611 275 611 613 0(36265.00, 36265.00)
route 1, node_num 8, cost 968.870000, nodes: 0(120000.00, 120000.00) 548 565 4 503 71 620 346 691 0(50795.00, 50795.00)
route 2, node_num 8, cost 910.140000, nodes: 0(120000.00, 120000.00) 228 317 504 2 210 643 7 0(54990.00, 54990.00)
route 3, node_num 8, cost 1130.220000, nodes: 0(120000.00, 120000.00) 625 688 415 272 31 304 397 685 659 448 620 673 613 0(39270.00, 39270.00)
route 4, node_num 8, cost 1080.128000, nodes: 0(120000.00, 120000.00) 301 620 682 394 682 385 682 34 165 522 673 613 0(42848.00, 42848.00)
route 5, node_num 9, cost 743.246000, nodes: 0(120000.00, 120000.00) 464 532 218 544 361 9 654 360 691 0(66911.00, 66911.00)
route 6, node_num 8, cost 1207.528000, nodes: 0(120000.00, 120000.00) 630 601 659 674 527 456 129 172 674 659 382 77 660 613 0(33748.00, 33748.00)
route 7, node_num 8, cost 888.748000, nodes: 0(120000.00, 120000.00) 604 282 164 413 255 695 171 473 0(56518.00, 56518.00)
route 8, node_num 8, cost 915.558000, nodes: 0(120000.00, 120000.00) 38 501 313 6 299 410 643 0(54603.00, 54603.00)
route 9, node_num 9, cost 1067.416000, nodes: 0(120000.00, 120000.00) 630 560 535 578 27 74 184 534 645 611 613 0(43756.00, 43756.00)
route 10, node_num 7, cost 868.392000, nodes: 0(120000.00, 120000.00) 630 654 595 136 98 25 387 0(57972.00, 57972.00)
route 11, node_num 8, cost 1050.014000, nodes: 0(120000.00, 120000.00) 625 108 102 601 126 116 47 620 391 643 0(44999.00, 44999.00)
route 12, node_num 8, cost 1053.416000, nodes: 0(120000.00, 120000.00) 625 353 693 344 278 379 551 217 643 0(44756.00, 44756.00)
route 13, node_num 9, cost 805.518000, nodes: 0(120000.00, 120000.00) 469 131 205 558 417 596 117 691 0(62463.00, 62463.00)
route 14, node_num 8, cost 1080.688000, nodes: 0(120000.00, 120000.00) 673 620 81 127 87 239 97 575 673 613 0(42808.00, 42808.00)
route 15, node_num 8, cost 938.966000, nodes: 0(120000.00, 120000.00) 630 654 508 585 328 234 44 380 620 673 613 0(52931.00, 52931.00)
route 16, node_num 8, cost 1159.970000, nodes: 0(120000.00, 120000.00) 625 404 386 567 35 414 333 633 0(37145.00, 37145.00)
route 17, node_num 8, cost 1268.078000, nodes: 0(120000.00, 120000.00) 630 601 468 490 332 447 150 690 288 671 688 611 613 0(29423.00, 29423.00)
route 18, node_num 8, cost 1355.452000, nodes: 0(120000.00, 120000.00) 545 574 208 552 59 615 675 349 689 619 0(23182.00, 23182.00)
route 19, node_num 9, cost 1843.282000, nodes: 0(120000.00, 120000.00) 630 601 659 674 606 605 176 641(56821.00, 56821.00) 128 26 291 356 684 651(19625.00, 31288.00) 613 0(0.00, 0.00)
route 20, node_num 10, cost 1906.730000, nodes: 0(120000.00, 120000.00) 629(89163.00, 89163.00) 666 644 378 162 562 427 642(42018.00, 42511.00) 118 650 606 608(0.00, 15702.00) 691 0(0.00, 0.00)
route 21, node_num 8, cost 1436.134000, nodes: 0(120000.00, 120000.00) 630 601 659 674 657 148 599 100 402 589 250 693 672 0(17419.00, 17419.00)
route 22, node_num 8, cost 1282.288000, nodes: 0(120000.00, 120000.00) 630 601 659 113 674 273 603 69 337 331 52 609 620 673 613 0(28408.00, 28408.00)
route 23, node_num 10, cost 1748.446000, nodes: 0(120000.00, 120000.00) 625(97482.00, 97482.00) 393 433 177 43 244 92 650 606 608(10813.00, 15702.00) 691 0(0.00, 0.00)
route 24, node_num 9, cost 1761.424000, nodes: 0(120000.00, 120000.00) 630 651(88767.00, 120000.00) 609 330 41 292 209 519 684 651 608(41119.00, 41119.00) 691 0(25417.00, 25417.00)
route 25, node_num 8, cost 1347.038000, nodes: 0(120000.00, 120000.00) 630 601 659 674 30 657 24 193 362 101 248 657 674 659 620 673 613 0(23783.00, 23783.00)
route 26, node_num 8, cost 1638.476000, nodes: 0(120000.00, 120000.00) 630 601 659 674 79 181 474 543 316 605 592 657 674 659 620 673 613 0(2966.00, 2966.00)
route 27, node_num 7, cost 1597.050000, nodes: 0(120000.00, 120000.00) 630 643 609 179 662 160 202 281 483 603 631 682 620 673 613 0(5925.00, 5925.00)
route 28, node_num 8, cost 1378.188000, nodes: 0(120000.00, 120000.00) 630 601 659 674 318 550 84 555 269 399 620 673 613 0(21558.00, 21558.00)
route 29, node_num 10, cost 1692.292000, nodes: 0(120000.00, 120000.00) 629(89163.00, 89163.00) 631 145 418 238 365 526 588 634 606 608(14824.00, 15702.00) 691 0(0.00, 0.00)
route 30, node_num 8, cost 1347.766000, nodes: 0(120000.00, 120000.00) 673 620 389 603 260 520 170 75 94 674 659 620 673 613 0(23731.00, 23731.00)
route 31, node_num 8, cost 1361.360000, nodes: 0(120000.00, 120000.00) 632 480 668 230 437 668 141 600 219 623 664 699 679 0(22760.00, 22760.00)
route 32, node_num 8, cost 1411.298000, nodes: 0(120000.00, 120000.00) 625 537 157 155 274 200 461 671 688 611 613 0(19193.00, 19193.00)
route 33, node_num 8, cost 1135.610000, nodes: 0(120000.00, 120000.00) 625 444 334 232 183 407 454 656 679 0(38885.00, 38885.00)
route 34, node_num 9, cost 1141.686000, nodes: 0(120000.00, 120000.00) 633 621 487 204 583 554 495 411 323 624 655 633 0(38451.00, 38451.00)
route 35, node_num 8, cost 1019.942000, nodes: 0(120000.00, 120000.00) 630 608 619 8 505 262 298 422 363 619 0(47147.00, 47147.00)
route 36, node_num 8, cost 903.560000, nodes: 0(120000.00, 120000.00) 630 608 195 110 178 572 384 630 221 691 0(55460.00, 55460.00)
route 37, node_num 8, cost 775.236000, nodes: 0(120000.00, 120000.00) 604 691 475 246 351 586 434 42 691 0(64626.00, 64626.00)
route 38, node_num 8, cost 956.438000, nodes: 0(120000.00, 120000.00) 633 168 95 121 529 63 271 655 633 0(51683.00, 51683.00)
route 39, node_num 8, cost 897.554000, nodes: 0(120000.00, 120000.00) 630 17 22 416 169 491 203 608 691 0(55889.00, 55889.00)
route 40, node_num 7, cost 1004.850000, nodes: 0(120000.00, 120000.00) 630 225 211 58 207 500 0(48225.00, 48225.00)
route 41, node_num 8, cost 1096.844000, nodes: 0(120000.00, 120000.00) 226 516 667 497 49 400 86 619 0(41654.00, 41654.00)
route 42, node_num 8, cost 1287.398000, nodes: 0(120000.00, 120000.00) 633 621 137 251 339 305 259 696 283 619 0(28043.00, 28043.00)
route 43, node_num 7, cost 985.180000, nodes: 0(120000.00, 120000.00) 633 559 321 256 188 364 619 0(49630.00, 49630.00)
route 44, node_num 7, cost 895.230000, nodes: 0(120000.00, 120000.00) 630 643 213 390 465 515 115 608 691 0(56055.00, 56055.00)
route 45, node_num 9, cost 772.968000, nodes: 0(120000.00, 120000.00) 189 133 691 608 375 88 187 405 37 655 633 0(64788.00, 64788.00)
route 46, node_num 9, cost 976.542000, nodes: 0(120000.00, 120000.00) 630 257 471 56 581 263 253 146 633 0(50247.00, 50247.00)
route 47, node_num 9, cost 1025.780000, nodes: 0(120000.00, 120000.00) 587 518 593 624 20 510 438 173 694 633 0(46730.00, 46730.00)
route 48, node_num 8, cost 1132.726000, nodes: 0(120000.00, 120000.00) 630 608 619 302 392 199 539 370 159 619 0(39091.00, 39091.00)
route 49, node_num 8, cost 792.988000, nodes: 0(120000.00, 120000.00) 633 340 64 53 227 119 130 655 633 0(63358.00, 63358.00)
route 50, node_num 7, cost 1058.134000, nodes: 0(120000.00, 120000.00) 327 604 691 608 196 443 39 573 619 0(44419.00, 44419.00)
route 51, node_num 8, cost 1377.166000, nodes: 0(120000.00, 120000.00) 625 653 635 180 163 235 73 114 576 616 625 699 679 0(21631.00, 21631.00)
route 52, node_num 7, cost 1388.954000, nodes: 0(120000.00, 120000.00) 289 167 436 622 412 486 0(20789.00, 20789.00)
route 53, node_num 8, cost 865.774000, nodes: 0(120000.00, 120000.00) 423 36 699 19 446 406 616 457 699 679 0(58159.00, 58159.00)
route 54, node_num 8, cost 1281.154000, nodes: 0(120000.00, 120000.00) 648 561 564 557 352 632 220 632 312 0(28489.00, 28489.00)
route 55, node_num 8, cost 1132.026000, nodes: 0(120000.00, 120000.00) 625 103 307 166 152 40 656 523 699 679 0(39141.00, 39141.00)
route 56, node_num 8, cost 981.190000, nodes: 0(120000.00, 120000.00) 549 396 68 489 376 122 660 613 0(49915.00, 49915.00)
route 57, node_num 8, cost 1549.156000, nodes: 0(120000.00, 120000.00) 625 688 577 309 424 78 322 463 692 616 625 699 679 0(9346.00, 9346.00)
route 58, node_num 8, cost 1356.600000, nodes: 0(120000.00, 120000.00) 294 224 470 293 507 597 0(23100.00, 23100.00)
route 59, node_num 8, cost 1072.176000, nodes: 0(120000.00, 120000.00) 506 409 366 388 320 161 626 695 611 613 0(43416.00, 43416.00)
route 60, node_num 8, cost 1582.658000, nodes: 0(120000.00, 120000.00) 625 11 90 284 158 692 571 692 428 652 660 613 0(6953.00, 6953.00)
route 61, node_num 8, cost 1576.456000, nodes: 0(120000.00, 120000.00) 632 513 51 639 66 492 478 622 358 0(7396.00, 7396.00)
route 62, node_num 8, cost 1522.878000, nodes: 0(120000.00, 120000.00) 625 319 498 245 668 194 67 477 616 625 699 679 0(11223.00, 11223.00)
route 63, node_num 8, cost 1194.354000, nodes: 0(120000.00, 120000.00) 625 688 371 190 345 680 242 524 144 671 688 611 613 0(34689.00, 34689.00)
route 64, node_num 10, cost 1700.804000, nodes: 0(120000.00, 120000.00) 625 688(92473.00, 92473.00) 420 553 582 440 377 584 654(18437.00, 19923.00) 691 0(0.00, 0.00)
route 65, node_num 9, cost 942.732000, nodes: 0(120000.00, 120000.00) 547 472 688 335 671 367 50 479 55 660 613 0(52662.00, 52662.00)
route 66, node_num 8, cost 848.386000, nodes: 0(120000.00, 120000.00) 493 679 254 18 240 664 192 660 531 660 613 0(59401.00, 59401.00)
route 67, node_num 9, cost 1059.478000, nodes: 0(120000.00, 120000.00) 625 542 580 533 482 287 421 653 267 616 625 699 679 0(44323.00, 44323.00)
route 68, node_num 8, cost 1474.494000, nodes: 0(120000.00, 120000.00) 630 608 619 1 89 485 350 325 104 649 629 613 0(14679.00, 14679.00)
route 69, node_num 11, cost 1664.838000, nodes: 0(120000.00, 120000.00) 629(89163.00, 89163.00) 631 618 99 618(64942.00, 64942.00) 591 546 5 408 214 643(17600.00, 17600.00) 0(1083.00, 1083.00)
route 70, node_num 9, cost 1713.936000, nodes: 0(120000.00, 120000.00) 630 601 659 674 657 646 502 647 149 647 452 395 197 80 662 651 608 691(4617.00, 7041.00) 0(0.00, 0.00)
route 71, node_num 8, cost 1446.242000, nodes: 0(120000.00, 120000.00) 630 601 659 674 499 185 285 594 373 432 609 620 673 613 0(16697.00, 16697.00)
route 72, node_num 7, cost 1647.338000, nodes: 0(120000.00, 120000.00) 630 608 619 675 449 649 439 229 276 517 631 682 620 673 613 0(2333.00, 2333.00)
route 73, node_num 8, cost 1228.752000, nodes: 0(120000.00, 120000.00) 630 643 430 112 231 511 279 252 629 613 0(32232.00, 32232.00)
route 74, node_num 9, cost 1789.690000, nodes: 0(120000.00, 120000.00) 673 620 682 631 666 233 670 460 681(54151.00, 54151.00) 143 528 182 643 672(873.00, 8708.00) 0(0.00, 0.00)
route 75, node_num 10, cost 1763.510000, nodes: 0(120000.00, 120000.00) 629(89163.00, 89163.00) 662 646 83 125 329 29 525 647 33 618 619(18785.00, 24750.00) 0(0.00, 0.00)
route 76, node_num 8, cost 1726.550000, nodes: 0(120000.00, 120000.00) 630 601 659 674 603 368 431 355 32 670 426 666 619(21425.00, 24750.00) 0(0.00, 0.00)
route 77, node_num 7, cost 1276.688000, nodes: 0(120000.00, 120000.00) 673 620 222 442 96 496 28 672 0(28808.00, 28808.00)
route 78, node_num 10, cost 1736.028000, nodes: 0(120000.00, 120000.00) 673 620 682 631 618 429 223 590 215 45 661(49881.00, 49881.00) 236 610 607 689 619(20748.00, 24750.00) 0(0.00, 0.00)
route 79, node_num 8, cost 1544.298000, nodes: 0(120000.00, 120000.00) 673 620 682 631 348 107 476 134 198 13 682 620 673 613 0(9693.00, 9693.00)
route 80, node_num 7, cost 1488.844000, nodes: 0(120000.00, 120000.00) 673 620 682 120 91 425 85 48 649 629 613 0(13654.00, 13654.00)
route 81, node_num 8, cost 1453.172000, nodes: 0(120000.00, 120000.00) 494 264 614 54 435 308 614 106 614 682 620 673 613 0(16202.00, 16202.00)
route 82, node_num 8, cost 1576.134000, nodes: 0(120000.00, 120000.00) 630 601 659 536 666 132 186 369 466 265 633 0(7419.00, 7419.00)
route 83, node_num 7, cost 1319.710000, nodes: 0(120000.00, 120000.00) 630 139 651 401 243 76 383 619 0(25735.00, 25735.00)
route 84, node_num 8, cost 1386.028000, nodes: 0(120000.00, 120000.00) 191 303 514 60 258 372 633 0(20998.00, 20998.00)
route 85, node_num 8, cost 1340.066000, nodes: 0(120000.00, 120000.00) 630 643 687 556 16 598 151 15 530 654 691 0(24281.00, 24281.00)
route 86, node_num 6, cost 496.650000, nodes: 0(120000.00, 120000.00) 627 579 61 697 381 509 0(84525.00, 84525.00)
route 87, node_num 8, cost 552.356000, nodes: 0(120000.00, 120000.00) 300 247 341 147 441 488 0(80546.00, 80546.00)
route 88, node_num 5, cost 276.934000, nodes: 0(120000.00, 120000.00) 311 57 201 0(100219.00, 100219.00)
route 89, node_num 7, cost 365.372000, nodes: 0(120000.00, 120000.00) 628 540 212 569 566 14 0(93902.00, 93902.00)
route 90, node_num 9, cost 822.458000, nodes: 0(120000.00, 120000.00) 633 570 326 621 538 459 324 354 297 627 0(61253.00, 61253.00)
route 91, node_num 8, cost 417.256000, nodes: 0(120000.00, 120000.00) 12 691 109 135 216 310 445 0(90196.00, 90196.00)
route 92, node_num 7, cost 213.598000, nodes: 0(120000.00, 120000.00) 277 315 612 484 111 604 286 0(104743.00, 104743.00)
route 93, node_num 6, cost 450.576000, nodes: 0(120000.00, 120000.00) 633 280 174 140 697 467 0(87816.00, 87816.00)
route 94, node_num 9, cost 809.746000, nodes: 0(120000.00, 120000.00) 633 342 206 314 46 669 72 627 270 156 627 0(62161.00, 62161.00)
route 95, node_num 8, cost 643.370000, nodes: 0(120000.00, 120000.00) 612 450 359 374 175 123 336 691 0(74045.00, 74045.00)
route 96, node_num 8, cost 571.634000, nodes: 0(120000.00, 120000.00) 138 628 23 357 458 638 70 638 512 638 0(79169.00, 79169.00)
route 97, node_num 8, cost 841.736000, nodes: 0(120000.00, 120000.00) 153 563 611 419 481 3 645 611 124 613 0(59876.00, 59876.00)
route 98, node_num 8, cost 639.478000, nodes: 0(120000.00, 120000.00) 343 521 679 453 266 65 268 691 0(74323.00, 74323.00)
route 99, node_num 7, cost 474.824000, nodes: 0(120000.00, 120000.00) 628 249 261 290 613 455 347 0(86084.00, 86084.00)
route 100, node_num 6, cost 603.778000, nodes: 0(120000.00, 120000.00) 612 21 142 398 462 0(76873.00, 76873.00)
route 101, node_num 8, cost 649.502000, nodes: 0(120000.00, 120000.00) 306 636 154 296 93 679 241 451 0(73607.00, 73607.00)
route 102, node_num 7, cost 716.828000, nodes: 0(120000.00, 120000.00) 633 338 691 630 403 568 82 630 633 295 633 0(68798.00, 68798.00)
vehicle (route) number: 103
Total cost: 148729.43
149952.60, 18035.15
150000.86, 18010.68
148911.55, 18008.47
150473.62, 12190.78
149059.22, 18009.63
149755.90, 18012.91
149240.85, 18007.15
149218.38, 18012.35
148729.43, 18022.38
149132.87, 18015.61
