Details of the solution:
route 0, node_num 12, cost 1731.898000, nodes: 0(120000.00, 120000.00) 630 607(82589.00, 82589.00) 229 439 276 517 640 665(55637.00, 55637.00) 182 661(50176.00, 50176.00) 236 610 607 689 619(21043.00, 24750.00) 0(0.00, 0.00)
route 1, node_num 9, cost 767.214000, nodes: 0(120000.00, 120000.00) 628 140 326 621 538 119 227 405 37 655 633 0(65199.00, 65199.00)
route 2, node_num 7, cost 1594.292000, nodes: 0(120000.00, 120000.00) 673 620 682 631 666 233 670 99 618 285 373 432 609 620 673 613 0(6122.00, 6122.00)
route 3, node_num 8, cost 1775.802000, nodes: 0(120000.00, 120000.00) 630 601 659 674 603 368 431 460 215 45 663 689(22660.00, 29503.00) 619 0(0.00, 0.00)
route 4, node_num 8, cost 980.322000, nodes: 0(120000.00, 120000.00) 625 542 580 533 421 616 192 660 457 699 679 0(49977.00, 49977.00)
route 5, node_num 8, cost 1104.474000, nodes: 0(120000.00, 120000.00) 630 560 272 31 304 62 399 620 673 613 0(41109.00, 41109.00)
route 6, node_num 7, cost 452.186000, nodes: 0(120000.00, 120000.00) 138 628 23 357 458 638 70 638 0(87701.00, 87701.00)
route 7, node_num 8, cost 1445.570000, nodes: 0(120000.00, 120000.00) 633 559 505 497 667 199 667 59 615 48 649 629 613 0(16745.00, 16745.00)
route 8, node_num 9, cost 857.570000, nodes: 0(120000.00, 120000.00) 633 218 541 131 205 558 9 346 691 0(58745.00, 58745.00)
route 9, node_num 7, cost 1455.342000, nodes: 0(120000.00, 120000.00) 630 608 619 675 449 494 54 435 667 28 672 0(16047.00, 16047.00)
route 10, node_num 8, cost 1390.256000, nodes: 0(120000.00, 120000.00) 289 167 507 436 220 597 0(20696.00, 20696.00)
route 11, node_num 12, cost 1711.976000, nodes: 0(120000.00, 120000.00) 673 620(92055.00, 92055.00) 674 527 603 160 202 644(64714.00, 64714.00) 29 33 618(54818.00, 54818.00) 483 684 651 608(13418.00, 15702.00) 691 0(0.00, 0.00)
route 12, node_num 8, cost 1146.194000, nodes: 0(120000.00, 120000.00) 469 643 321 256 496 370 323 624 655 633 0(38129.00, 38129.00)
route 13, node_num 8, cost 1645.434000, nodes: 0(120000.00, 120000.00) 630 601 659 674 499 663 591 546 5 408 666 269 674 659 620 673 613 0(2469.00, 2469.00)
route 14, node_num 7, cost 646.646000, nodes: 0(120000.00, 120000.00) 154 296 93 679 658 124 290 613 0(73811.00, 73811.00)
route 15, node_num 9, cost 1044.050000, nodes: 0(120000.00, 120000.00) 343 658 404 501 504 410 651 522 391 643 0(45425.00, 45425.00)
route 16, node_num 8, cost 1007.706000, nodes: 0(120000.00, 120000.00) 625 108 102 413 255 683 551 645 611 275 611 613 0(48021.00, 48021.00)
route 17, node_num 7, cost 723.618000, nodes: 0(120000.00, 120000.00) 604 691 475 246 351 586 434 608 691 0(68313.00, 68313.00)
route 18, node_num 8, cost 1392.146000, nodes: 0(120000.00, 120000.00) 625 11 284 437 668 141 600 219 623 664 699 679 0(20561.00, 20561.00)
route 19, node_num 7, cost 1023.904000, nodes: 0(120000.00, 120000.00) 630 225 213 58 188 364 619 0(46864.00, 46864.00)
route 20, node_num 9, cost 1848.630000, nodes: 0(120000.00, 120000.00) 629(89163.00, 89163.00) 666 644 378 162 562 209 356 684 651(19243.00, 31288.00) 613 0(0.00, 0.00)
route 21, node_num 8, cost 1843.002000, nodes: 0(120000.00, 120000.00) 498 41 292 43 92 650 606 608(4059.00, 15702.00) 691 0(0.00, 0.00)
route 22, node_num 8, cost 1577.338000, nodes: 0(120000.00, 120000.00) 625 688 577 424 78 322 617 67 477 616 625 699 679 0(7333.00, 7333.00)
route 23, node_num 8, cost 1064.588000, nodes: 0(120000.00, 120000.00) 625 688 415 190 345 626 367 479 55 660 613 0(43958.00, 43958.00)
route 24, node_num 8, cost 1343.230000, nodes: 0(120000.00, 120000.00) 673 620 682 89 485 264 76 383 86 619 0(24055.00, 24055.00)
route 25, node_num 8, cost 1133.006000, nodes: 0(120000.00, 120000.00) 625 164 688 626 237 626 105 447 10 671 288 671 688 611 613 0(39071.00, 39071.00)
route 26, node_num 8, cost 1566.194000, nodes: 0(120000.00, 120000.00) 673 620 682 631 666 132 107 186 369 466 214 602 609 620 673 613 0(8129.00, 8129.00)
route 27, node_num 7, cost 853.916000, nodes: 0(120000.00, 120000.00) 630 608 195 110 465 390 387 0(59006.00, 59006.00)
route 28, node_num 8, cost 1108.394000, nodes: 0(120000.00, 120000.00) 549 396 623 319 623 489 376 122 660 613 0(40829.00, 40829.00)
route 29, node_num 8, cost 1220.800000, nodes: 0(120000.00, 120000.00) 648 561 564 557 352 486 312 0(32800.00, 32800.00)
route 30, node_num 8, cost 949.214000, nodes: 0(120000.00, 120000.00) 228 317 313 299 210 333 633 0(52199.00, 52199.00)
route 31, node_num 8, cost 1267.420000, nodes: 0(120000.00, 120000.00) 630 601 659 113 674 456 362 170 75 94 674 659 620 673 613 0(29470.00, 29470.00)
route 32, node_num 7, cost 1212.932000, nodes: 0(120000.00, 120000.00) 191 179 231 34 165 629 613 0(33362.00, 33362.00)
route 33, node_num 8, cost 1658.524000, nodes: 0(120000.00, 120000.00) 630 601 659 674 79 181 474 647 32 670 426 555 674 659 620 673 613 0(1534.00, 1534.00)
route 34, node_num 8, cost 1649.690000, nodes: 0(120000.00, 120000.00) 625 653 635 420 553 309 440 582 158 664 699 679 0(2165.00, 2165.00)
route 35, node_num 8, cost 524.244000, nodes: 0(120000.00, 120000.00) 633 338 691 109 135 216 310 445 0(82554.00, 82554.00)
route 36, node_num 9, cost 1696.772000, nodes: 0(120000.00, 120000.00) 630 601 659 674 657 148 599 330 118 427 584 654(18725.00, 19923.00) 691 0(0.00, 0.00)
route 37, node_num 8, cost 1420.902000, nodes: 0(120000.00, 120000.00) 630 601 659 674 30 657 24 100 402 589 52 609 620 673 613 0(18507.00, 18507.00)
route 38, node_num 6, cost 578.746000, nodes: 0(120000.00, 120000.00) 628 249 261 613 604 484 467 0(78661.00, 78661.00)
route 39, node_num 8, cost 1212.750000, nodes: 0(120000.00, 120000.00) 506 409 242 150 690 320 161 626 695 611 613 0(33375.00, 33375.00)
route 40, node_num 7, cost 1000.006000, nodes: 0(120000.00, 120000.00) 612 679 254 699 307 166 446 660 531 660 613 0(48571.00, 48571.00)
route 41, node_num 8, cost 1591.772000, nodes: 0(120000.00, 120000.00) 294 224 470 293 622 571 492 679 0(6302.00, 6302.00)
route 42, node_num 8, cost 1301.720000, nodes: 0(120000.00, 120000.00) 630 643 430 273 603 69 337 331 239 700 609 620 673 613 0(27020.00, 27020.00)
route 43, node_num 5, cost 145.726000, nodes: 0(120000.00, 120000.00) 277 315 612 286 0(109591.00, 109591.00)
route 44, node_num 7, cost 365.372000, nodes: 0(120000.00, 120000.00) 628 540 212 569 566 14 0(93902.00, 93902.00)
route 45, node_num 8, cost 1296.876000, nodes: 0(120000.00, 120000.00) 625 653 635 180 163 235 73 524 144 671 688 611 613 0(27366.00, 27366.00)
route 46, node_num 8, cost 1588.664000, nodes: 0(120000.00, 120000.00) 630 608 619 1 143 528 476 666 279 252 629 613 0(6524.00, 6524.00)
route 47, node_num 9, cost 670.880000, nodes: 0(120000.00, 120000.00) 633 342 206 314 46 324 354 297 627 0(72080.00, 72080.00)
route 48, node_num 9, cost 1877.526000, nodes: 0(120000.00, 120000.00) 630 601 659 674 606 605 176 641(56821.00, 62222.00) 128 355 525 265 643 672(0.00, 8708.00) 0(0.00, 0.00)
route 49, node_num 8, cost 1135.610000, nodes: 0(120000.00, 120000.00) 625 444 334 232 183 407 454 656 679 0(38885.00, 38885.00)
route 50, node_num 7, cost 1399.440000, nodes: 0(120000.00, 120000.00) 630 601 659 674 185 260 84 594 700 47 620 673 613 0(20040.00, 20040.00)
route 51, node_num 8, cost 876.190000, nodes: 0(120000.00, 120000.00) 633 669 518 340 64 53 187 130 655 633 0(57415.00, 57415.00)
route 52, node_num 8, cost 1107.400000, nodes: 0(120000.00, 120000.00) 625 688 371 366 388 74 184 534 645 611 613 0(40900.00, 40900.00)
route 53, node_num 8, cost 1133.664000, nodes: 0(120000.00, 120000.00) 673 620 389 609 127 87 116 71 35 620 673 613 0(39024.00, 39024.00)
route 54, node_num 8, cost 1078.994000, nodes: 0(120000.00, 120000.00) 633 621 137 624 593 95 121 624 438 173 694 633 0(42929.00, 42929.00)
route 55, node_num 8, cost 575.176000, nodes: 0(120000.00, 120000.00) 300 247 341 82 441 295 633 0(78916.00, 78916.00)
route 56, node_num 7, cost 1609.594000, nodes: 0(120000.00, 120000.00) 625 393 433 177 244 463 692 616 625 699 679 0(5029.00, 5029.00)
route 57, node_num 9, cost 976.542000, nodes: 0(120000.00, 120000.00) 630 257 471 56 581 263 253 146 633 0(50247.00, 50247.00)
route 58, node_num 7, cost 391.244000, nodes: 0(120000.00, 120000.00) 311 57 201 455 347 0(92054.00, 92054.00)
route 59, node_num 8, cost 1114.498000, nodes: 0(120000.00, 120000.00) 633 168 302 539 349 259 696 283 619 0(40393.00, 40393.00)
route 60, node_num 8, cost 1081.374000, nodes: 0(120000.00, 120000.00) 633 621 487 204 583 305 495 411 669 0(42759.00, 42759.00)
route 61, node_num 8, cost 1382.766000, nodes: 0(120000.00, 120000.00) 673 620 682 120 598 151 15 372 530 654 691 0(21231.00, 21231.00)
route 62, node_num 8, cost 626.136000, nodes: 0(120000.00, 120000.00) 153 563 18 548 240 699 451 0(75276.00, 75276.00)
route 63, node_num 8, cost 937.454000, nodes: 0(120000.00, 120000.00) 604 532 673 585 328 44 6 645 473 0(53039.00, 53039.00)
route 64, node_num 8, cost 1548.232000, nodes: 0(120000.00, 120000.00) 673 620 682 631 91 425 85 134 198 13 682 620 673 613 0(9412.00, 9412.00)
route 65, node_num 8, cost 1058.162000, nodes: 0(120000.00, 120000.00) 630 139 2 687 385 609 4 503 414 620 673 613 0(44417.00, 44417.00)
route 66, node_num 8, cost 612.206000, nodes: 0(120000.00, 120000.00) 612 450 464 359 266 65 268 691 0(76271.00, 76271.00)
route 67, node_num 8, cost 1251.768000, nodes: 0(120000.00, 120000.00) 630 643 687 556 96 303 514 573 217 643 0(30588.00, 30588.00)
route 68, node_num 8, cost 1501.696000, nodes: 0(120000.00, 120000.00) 632 480 668 230 245 668 412 478 622 358 0(12736.00, 12736.00)
route 69, node_num 9, cost 1780.940000, nodes: 0(120000.00, 120000.00) 630 601 659 674 657 646 83 125 26 291 329 281 643 672(1498.00, 8708.00) 0(0.00, 0.00)
route 70, node_num 8, cost 1589.770000, nodes: 0(120000.00, 120000.00) 630 601 659 674 318 550 238 365 526 592 657 674 659 620 673 613 0(6445.00, 6445.00)
route 71, node_num 12, cost 1706.824000, nodes: 0(120000.00, 120000.00) 629(89163.00, 89163.00) 631 145 418 543 519 605(54800.00, 54800.00) 316 605(51877.00, 51877.00) 588 634 606 608(13786.00, 15702.00) 691 0(0.00, 0.00)
route 72, node_num 10, cost 1742.062000, nodes: 0(120000.00, 120000.00) 630 601 659 674 520 618(68258.00, 68258.00) 429 223 590 308 614 106 614 689 619(20317.00, 24750.00) 0(0.00, 0.00)
route 73, node_num 9, cost 873.908000, nodes: 0(120000.00, 120000.00) 306 521 419 544 361 596 654 241 658 636 613 0(57578.00, 57578.00)
route 74, node_num 8, cost 1171.310000, nodes: 0(120000.00, 120000.00) 630 601 659 536 386 129 172 397 685 659 448 620 673 613 0(36335.00, 36335.00)
route 75, node_num 9, cost 877.842000, nodes: 0(120000.00, 120000.00) 423 36 699 19 472 406 382 77 660 613 0(57297.00, 57297.00)
route 76, node_num 7, cost 1308.132000, nodes: 0(120000.00, 120000.00) 630 643 211 112 243 60 258 633 0(26562.00, 26562.00)
route 77, node_num 7, cost 515.956000, nodes: 0(120000.00, 120000.00) 627 579 61 587 697 381 509 0(83146.00, 83146.00)
route 78, node_num 8, cost 973.350000, nodes: 0(120000.00, 120000.00) 38 344 698 578 27 620 417 360 691 0(50475.00, 50475.00)
route 79, node_num 8, cost 1299.564000, nodes: 0(120000.00, 120000.00) 673 620 682 394 222 401 298 207 363 619 0(27174.00, 27174.00)
route 80, node_num 8, cost 897.554000, nodes: 0(120000.00, 120000.00) 630 17 22 416 169 491 203 608 691 0(55889.00, 55889.00)
route 81, node_num 9, cost 745.150000, nodes: 0(120000.00, 120000.00) 633 570 280 174 669 72 156 270 627 512 638 0(66775.00, 66775.00)
route 82, node_num 8, cost 1341.186000, nodes: 0(120000.00, 120000.00) 625 537 157 461 274 200 250 693 672 0(24201.00, 24201.00)
route 83, node_num 8, cost 1344.406000, nodes: 0(120000.00, 120000.00) 673 620 682 16 442 348 511 97 575 673 613 0(23971.00, 23971.00)
route 84, node_num 8, cost 1175.706000, nodes: 0(120000.00, 120000.00) 301 643 8 262 422 39 271 655 633 0(36021.00, 36021.00)
route 85, node_num 7, cost 623.000000, nodes: 0(120000.00, 120000.00) 12 691 608 375 88 459 488 0(75500.00, 75500.00)
route 86, node_num 7, cost 1569.176000, nodes: 0(120000.00, 120000.00) 632 513 51 639 66 194 692 428 652 660 613 0(7916.00, 7916.00)
route 87, node_num 8, cost 1047.298000, nodes: 0(120000.00, 120000.00) 625 353 693 481 671 335 671 50 267 482 0(45193.00, 45193.00)
route 88, node_num 8, cost 1151.626000, nodes: 0(120000.00, 120000.00) 673 620 81 126 567 535 698 379 601 171 645 611 613 0(37741.00, 37741.00)
route 89, node_num 11, cost 1713.936000, nodes: 0(120000.00, 120000.00) 630 601 659 674 657 646 502 647(60710.00, 60710.00) 149 647(58367.00, 58367.00) 452 395 197 80 662 651 608 691(4617.00, 7041.00) 0(0.00, 0.00)
route 90, node_num 8, cost 1350.020000, nodes: 0(120000.00, 120000.00) 547 660 90 155 377 114 576 616 625 699 679 0(23570.00, 23570.00)
route 91, node_num 8, cost 1518.426000, nodes: 0(120000.00, 120000.00) 630 608 619 667 649 574 208 552 350 325 104 649 629 613 0(11541.00, 11541.00)
route 92, node_num 9, cost 981.428000, nodes: 0(120000.00, 120000.00) 493 636 103 287 68 152 40 656 523 699 679 0(49898.00, 49898.00)
route 93, node_num 8, cost 1104.320000, nodes: 0(120000.00, 120000.00) 633 339 251 554 20 510 221 691 0(41120.00, 41120.00)
route 94, node_num 8, cost 1340.780000, nodes: 0(120000.00, 120000.00) 630 601 468 490 332 657 193 101 248 657 674 659 620 673 613 0(24230.00, 24230.00)
route 95, node_num 8, cost 1083.418000, nodes: 0(120000.00, 120000.00) 226 516 392 49 400 689 159 619 0(42613.00, 42613.00)
route 96, node_num 9, cost 796.754000, nodes: 0(120000.00, 120000.00) 189 133 691 630 403 619 443 529 63 500 0(63089.00, 63089.00)
route 97, node_num 9, cost 584.864000, nodes: 0(120000.00, 120000.00) 327 111 604 568 175 123 336 42 691 0(78224.00, 78224.00)
route 98, node_num 8, cost 710.766000, nodes: 0(120000.00, 120000.00) 630 654 508 595 98 374 117 7 0(69231.00, 69231.00)
route 99, node_num 6, cost 603.778000, nodes: 0(120000.00, 120000.00) 612 21 142 398 462 0(76873.00, 76873.00)
route 100, node_num 8, cost 796.166000, nodes: 0(120000.00, 120000.00) 545 453 136 25 643 147 643 384 643 0(63131.00, 63131.00)
route 101, node_num 8, cost 1104.222000, nodes: 0(120000.00, 120000.00) 604 282 611 565 234 3 380 278 698 645 611 613 0(41127.00, 41127.00)
route 102, node_num 7, cost 706.748000, nodes: 0(120000.00, 120000.00) 630 608 196 178 115 515 572 608 691 0(69518.00, 69518.00)
vehicle (route) number: 103
Total cost: 149893.97
151894.07, 12268.50
152029.95, 12003.61
150771.21, 18147.51
149893.97, 18045.34
150513.45, 10854.66
151259.09, 18050.17
151349.29, 18035.25
150680.02, 8125.40
151215.07, 8996.76
151577.77, 10427.60
