Details of the solution:
route 0, node_num 6, cost 623.084000, nodes: 0(120000.00, 120000.00) 229 46 94 11 0(75494.00, 75494.00)
route 1, node_num 8, cost 1150.422000, nodes: 0(120000.00, 120000.00) 591 380 507 221 155 168 0(37827.00, 37827.00)
route 2, node_num 8, cost 1068.116000, nodes: 0(120000.00, 120000.00) 225 515 56 42 274 474 0(43706.00, 43706.00)
route 3, node_num 8, cost 1055.082000, nodes: 0(120000.00, 120000.00) 259 565 445 538 297 419 0(44637.00, 44637.00)
route 4, node_num 7, cost 1607.550000, nodes: 0(120000.00, 120000.00) 526 530 113 114 109 0(5175.00, 5175.00)
route 5, node_num 8, cost 1333.766000, nodes: 0(120000.00, 120000.00) 678 51 92 63 334 198 352 0(24731.00, 24731.00)
route 6, node_num 7, cost 1100.918000, nodes: 0(120000.00, 120000.00) 77 407 84 206 577 0(41363.00, 41363.00)
route 7, node_num 7, cost 819.294000, nodes: 0(120000.00, 120000.00) 173 399 184 217 147 0(61479.00, 61479.00)
route 8, node_num 9, cost 1690.094000, nodes: 0(120000.00, 120000.00) 472 156 99 679(60755.00, 61476.00) 414 598 72 0(0.00, 0.00)
route 9, node_num 6, cost 1274.014000, nodes: 0(120000.00, 120000.00) 475 604 98 585 382 0(28999.00, 28999.00)
route 10, node_num 7, cost 766.402000, nodes: 0(120000.00, 120000.00) 489 90 137 169 575 0(65257.00, 65257.00)
route 11, node_num 9, cost 1093.386000, nodes: 0(120000.00, 120000.00) 528 453 335 587 451 410 154 0(41901.00, 41901.00)
route 12, node_num 7, cost 933.100000, nodes: 0(120000.00, 120000.00) 594 208 69 223 539 0(53350.00, 53350.00)
route 13, node_num 7, cost 867.188000, nodes: 0(120000.00, 120000.00) 89 434 248 121 341 0(58058.00, 58058.00)
route 14, node_num 8, cost 958.916000, nodes: 0(120000.00, 120000.00) 480 406 433 178 579 246 651 0(51506.00, 51506.00)
route 15, node_num 8, cost 1024.674000, nodes: 0(120000.00, 120000.00) 599 160 284 26 552 657 47 0(46809.00, 46809.00)
route 16, node_num 7, cost 1295.210000, nodes: 0(120000.00, 120000.00) 153 307 55 218 572 0(27485.00, 27485.00)
route 17, node_num 8, cost 979.300000, nodes: 0(120000.00, 120000.00) 430 273 345 444 12 443 0(50050.00, 50050.00)
route 18, node_num 8, cost 1062.516000, nodes: 0(120000.00, 120000.00) 189 375 292 59 324 519 0(44106.00, 44106.00)
route 19, node_num 9, cost 887.194000, nodes: 0(120000.00, 120000.00) 311 400 182 115 561 232 80 0(56629.00, 56629.00)
route 20, node_num 7, cost 951.258000, nodes: 0(120000.00, 120000.00) 322 365 438 101 420 0(52053.00, 52053.00)
route 21, node_num 8, cost 933.282000, nodes: 0(120000.00, 120000.00) 57 588 574 299 119 448 0(53337.00, 53337.00)
route 22, node_num 8, cost 962.444000, nodes: 0(120000.00, 120000.00) 383 360 337 130 36 338 0(51254.00, 51254.00)
route 23, node_num 8, cost 1142.372000, nodes: 0(120000.00, 120000.00) 187 408 174 402 354 369 0(38402.00, 38402.00)
route 24, node_num 9, cost 962.752000, nodes: 0(120000.00, 120000.00) 146 449 350 342 216 491 645 181 0(51232.00, 51232.00)
route 25, node_num 9, cost 875.854000, nodes: 0(120000.00, 120000.00) 201 71 258 490 425 164 50 0(57439.00, 57439.00)
route 26, node_num 8, cost 1150.394000, nodes: 0(120000.00, 120000.00) 192 27 15 523 694 569 340 0(37829.00, 37829.00)
route 27, node_num 7, cost 768.446000, nodes: 0(120000.00, 120000.00) 289 551 298 122 39 0(65111.00, 65111.00)
route 28, node_num 7, cost 824.012000, nodes: 0(120000.00, 120000.00) 390 401 541 578 510 0(61142.00, 61142.00)
route 29, node_num 8, cost 1025.206000, nodes: 0(120000.00, 120000.00) 212 465 330 196 318 520 0(46771.00, 46771.00)
route 30, node_num 7, cost 913.164000, nodes: 0(120000.00, 120000.00) 75 41 191 133 188 0(54774.00, 54774.00)
route 31, node_num 7, cost 1389.248000, nodes: 0(120000.00, 120000.00) 261 392 359 30 193 0(20768.00, 20768.00)
route 32, node_num 8, cost 1187.284000, nodes: 0(120000.00, 120000.00) 460 19 379 5 571 267 0(35194.00, 35194.00)
route 33, node_num 8, cost 1434.720000, nodes: 0(120000.00, 120000.00) 135 236 583 48 534 65 0(17520.00, 17520.00)
route 34, node_num 9, cost 735.126000, nodes: 0(120000.00, 120000.00) 235 250 513 74 459 106 428 0(67491.00, 67491.00)
route 35, node_num 7, cost 623.616000, nodes: 0(120000.00, 120000.00) 373 397 190 317 195 0(75456.00, 75456.00)
route 36, node_num 8, cost 559.776000, nodes: 0(120000.00, 120000.00) 479 280 411 550 620 470 589 0(80016.00, 80016.00)
route 37, node_num 6, cost 513.226000, nodes: 0(120000.00, 120000.00) 376 214 482 333 0(83341.00, 83341.00)
route 38, node_num 8, cost 940.114000, nodes: 0(120000.00, 120000.00) 310 394 286 238 22 374 0(52849.00, 52849.00)
route 39, node_num 7, cost 344.764000, nodes: 0(120000.00, 120000.00) 555 265 372 525 500 0(95374.00, 95374.00)
route 40, node_num 8, cost 662.242000, nodes: 0(120000.00, 120000.00) 242 502 646 287 32 239 111 0(72697.00, 72697.00)
route 41, node_num 6, cost 571.886000, nodes: 0(120000.00, 120000.00) 529 540 568 282 0(79151.00, 79151.00)
route 42, node_num 7, cost 639.632000, nodes: 0(120000.00, 120000.00) 86 34 209 136 417 0(74312.00, 74312.00)
route 43, node_num 6, cost 563.318000, nodes: 0(120000.00, 120000.00) 514 566 570 426 0(79763.00, 79763.00)
route 44, node_num 6, cost 597.226000, nodes: 0(120000.00, 120000.00) 355 320 291 447 0(77341.00, 77341.00)
route 45, node_num 7, cost 534.674000, nodes: 0(120000.00, 120000.00) 556 249 270 134 2 0(81809.00, 81809.00)
route 46, node_num 7, cost 763.910000, nodes: 0(120000.00, 120000.00) 230 283 21 256 37 0(65435.00, 65435.00)
route 47, node_num 7, cost 614.110000, nodes: 0(120000.00, 120000.00) 391 44 312 211 349 0(76135.00, 76135.00)
route 48, node_num 7, cost 389.354000, nodes: 0(120000.00, 120000.00) 431 484 179 325 584 0(92189.00, 92189.00)
route 49, node_num 6, cost 434.126000, nodes: 0(120000.00, 120000.00) 76 52 464 396 0(88991.00, 88991.00)
route 50, node_num 8, cost 1131.172000, nodes: 0(120000.00, 120000.00) 356 524 96 422 95 91 0(39202.00, 39202.00)
route 51, node_num 6, cost 380.646000, nodes: 0(120000.00, 120000.00) 263 554 344 321 0(92811.00, 92811.00)
route 52, node_num 7, cost 571.858000, nodes: 0(120000.00, 120000.00) 315 272 386 508 395 0(79153.00, 79153.00)
route 53, node_num 8, cost 408.870000, nodes: 0(120000.00, 120000.00) 222 279 558 485 124 226 0(90795.00, 90795.00)
route 54, node_num 8, cost 1640.226000, nodes: 0(120000.00, 120000.00) 432 466 455 302 281 177 668 686 625 0(2841.00, 2841.00)
route 55, node_num 8, cost 1893.542000, nodes: 0(120000.00, 120000.00) 660(66386.00, 98386.00) 597 213 6 107 690 308 0(16747.00, 16747.00)
route 56, node_num 8, cost 1542.464000, nodes: 0(120000.00, 120000.00) 185 104 151 28 172 517 0(9824.00, 9824.00)
route 57, node_num 8, cost 1602.566000, nodes: 0(120000.00, 120000.00) 10 493 537 439 471 78 0(5531.00, 5531.00)
route 58, node_num 8, cost 1299.564000, nodes: 0(120000.00, 120000.00) 244 110 581 332 60 203 671 0(27174.00, 27174.00)
route 59, node_num 9, cost 1630.118000, nodes: 0(120000.00, 120000.00) 516 582 61 463 202 398 647 671(40112.00, 40112.00) 0(3563.00, 3563.00)
route 60, node_num 8, cost 1406.496000, nodes: 0(120000.00, 120000.00) 468 478 58 123 467 393 601 0(19536.00, 19536.00)
route 61, node_num 8, cost 1484.098000, nodes: 0(120000.00, 120000.00) 680 278 127 548 498 424 105 0(13993.00, 13993.00)
route 62, node_num 8, cost 1258.978000, nodes: 0(120000.00, 120000.00) 592 429 224 367 527 13 0(30073.00, 30073.00)
route 63, node_num 8, cost 1617.196000, nodes: 0(120000.00, 120000.00) 487 142 29 564 73 207 0(4486.00, 4486.00)
route 64, node_num 8, cost 1477.196000, nodes: 0(120000.00, 120000.00) 45 441 440 543 67 590 671 0(14486.00, 14486.00)
route 65, node_num 8, cost 1548.064000, nodes: 0(120000.00, 120000.00) 549 309 421 387 377 241 0(9424.00, 9424.00)
route 66, node_num 9, cost 1678.502000, nodes: 0(120000.00, 120000.00) 351 1 194 499 319 595 671(36656.00, 36656.00) 0(107.00, 107.00)
route 67, node_num 8, cost 1379.812000, nodes: 0(120000.00, 120000.00) 285 251 521 66 573 237 0(21442.00, 21442.00)
route 68, node_num 8, cost 1239.322000, nodes: 0(120000.00, 120000.00) 409 9 165 100 64 381 0(31477.00, 31477.00)
route 69, node_num 9, cost 1909.418000, nodes: 0(120000.00, 120000.00) 378 240 53 141 495 125 625(7740.00, 24127.00) 0(0.00, 0.00)
route 70, node_num 8, cost 1622.502000, nodes: 0(120000.00, 120000.00) 166 245 339 85 413 452 0(4107.00, 4107.00)
route 71, node_num 8, cost 1163.232000, nodes: 0(120000.00, 120000.00) 328 210 437 227 24 294 0(36912.00, 36912.00)
route 72, node_num 8, cost 1070.594000, nodes: 0(120000.00, 120000.00) 150 450 506 483 16 290 0(43529.00, 43529.00)
route 73, node_num 8, cost 1318.968000, nodes: 0(120000.00, 120000.00) 31 596 152 348 323 435 0(25788.00, 25788.00)
route 74, node_num 7, cost 1094.142000, nodes: 0(120000.00, 120000.00) 231 38 522 313 171 0(41847.00, 41847.00)
route 75, node_num 7, cost 557.928000, nodes: 0(120000.00, 120000.00) 481 532 314 415 331 0(80148.00, 80148.00)
route 76, node_num 8, cost 773.794000, nodes: 0(120000.00, 120000.00) 158 486 557 93 220 458 601 0(64729.00, 64729.00)
route 77, node_num 9, cost 988.736000, nodes: 0(120000.00, 120000.00) 497 81 33 175 234 553 54 0(49376.00, 49376.00)
route 78, node_num 6, cost 945.798000, nodes: 0(120000.00, 120000.00) 233 593 25 454 0(52443.00, 52443.00)
route 79, node_num 7, cost 736.946000, nodes: 0(120000.00, 120000.00) 412 366 35 254 403 0(67361.00, 67361.00)
route 80, node_num 8, cost 908.124000, nodes: 0(120000.00, 120000.00) 199 501 305 139 62 329 0(55134.00, 55134.00)
route 81, node_num 5, cost 607.600000, nodes: 0(120000.00, 120000.00) 389 388 559 0(76600.00, 76600.00)
route 82, node_num 7, cost 781.088000, nodes: 0(120000.00, 120000.00) 132 131 503 180 511 614 0(64208.00, 64208.00)
route 83, node_num 7, cost 686.448000, nodes: 0(120000.00, 120000.00) 357 120 427 488 336 0(70968.00, 70968.00)
route 84, node_num 8, cost 1054.200000, nodes: 0(120000.00, 120000.00) 157 262 17 170 276 118 0(44700.00, 44700.00)
route 85, node_num 7, cost 863.758000, nodes: 0(120000.00, 120000.00) 492 563 531 327 293 0(58303.00, 58303.00)
route 86, node_num 6, cost 484.148000, nodes: 0(120000.00, 120000.00) 167 362 204 40 0(85418.00, 85418.00)
route 87, node_num 8, cost 1225.812000, nodes: 0(120000.00, 120000.00) 306 446 296 364 228 469 0(32442.00, 32442.00)
route 88, node_num 7, cost 793.590000, nodes: 0(120000.00, 120000.00) 496 87 197 418 544 0(63315.00, 63315.00)
route 89, node_num 8, cost 920.738000, nodes: 0(120000.00, 120000.00) 83 546 512 545 268 4 0(54233.00, 54233.00)
route 90, node_num 7, cost 1269.912000, nodes: 0(120000.00, 120000.00) 70 138 547 68 7 0(29292.00, 29292.00)
route 91, node_num 8, cost 1064.658000, nodes: 0(120000.00, 120000.00) 326 416 163 301 275 600 0(43953.00, 43953.00)
route 92, node_num 8, cost 1040.928000, nodes: 0(120000.00, 120000.00) 255 176 347 148 20 343 0(45648.00, 45648.00)
route 93, node_num 9, cost 1573.390000, nodes: 0(120000.00, 120000.00) 79 117 405 404 186 143 675(25140.00, 25140.00) 0(7615.00, 7615.00)
route 94, node_num 7, cost 1346.604000, nodes: 0(120000.00, 120000.00) 277 140 567 18 494 0(23814.00, 23814.00)
route 95, node_num 9, cost 1729.546000, nodes: 0(120000.00, 120000.00) 533 605 200 3 385 264 476 619(20175.00, 23714.00) 0(0.00, 0.00)
route 96, node_num 7, cost 1237.180000, nodes: 0(120000.00, 120000.00) 504 102 271 353 215 0(31630.00, 31630.00)
route 97, node_num 8, cost 1301.356000, nodes: 0(120000.00, 120000.00) 442 108 43 145 253 457 651 0(27046.00, 27046.00)
route 98, node_num 7, cost 1410.738000, nodes: 0(120000.00, 120000.00) 257 149 370 653 162 161 0(19233.00, 19233.00)
route 99, node_num 7, cost 1441.524000, nodes: 0(120000.00, 120000.00) 368 303 358 576 288 0(17034.00, 17034.00)
route 100, node_num 8, cost 1349.600000, nodes: 0(120000.00, 120000.00) 361 300 266 456 295 371 0(23600.00, 23600.00)
route 101, node_num 8, cost 1249.990000, nodes: 0(120000.00, 120000.00) 542 103 243 49 384 462 0(30715.00, 30715.00)
route 102, node_num 9, cost 1611.064000, nodes: 0(120000.00, 120000.00) 612(72845.00, 72845.00) 473 8 144 116 423 640(27539.00, 27539.00) 0(4924.00, 4924.00)
route 103, node_num 8, cost 1520.106000, nodes: 0(120000.00, 120000.00) 346 562 128 316 505 205 0(11421.00, 11421.00)
route 104, node_num 8, cost 1298.430000, nodes: 0(120000.00, 120000.00) 304 461 82 580 477 219 0(27255.00, 27255.00)
route 105, node_num 8, cost 1560.272000, nodes: 0(120000.00, 120000.00) 363 247 518 112 23 536 0(8552.00, 8552.00)
route 106, node_num 7, cost 1641.934000, nodes: 0(120000.00, 120000.00) 535 88 129 269 252 0(2719.00, 2719.00)
route 107, node_num 9, cost 1762.516000, nodes: 0(120000.00, 120000.00) 14 260 159 183 436 509 640(16721.00, 22615.00) 0(0.00, 0.00)
route 108, node_num 8, cost 1779.568000, nodes: 0(120000.00, 120000.00) 612(72845.00, 72845.00) 586 679 97 126 560 675(10413.00, 17525.00) 0(0.00, 0.00)
vehicle (route) number: 109
Total cost: 151185.33
153858.89, 18062.06
152880.22, 18010.19
151385.88, 18007.03
153379.69, 18031.36
153267.77, 18016.81
152031.28, 18007.22
152076.85, 18008.55
151185.33, 16956.65
153512.02, 16966.10
151971.63, 18003.36
