Details of the solution:
route 0, node_num 6, cost 1077.314000, nodes: 0(120000.00, 120000.00) 623 267 446 406 578 603 0(43049.00, 43049.00)
route 1, node_num 7, cost 1525.370000, nodes: 0(120000.00, 120000.00) 628 101 555 560 402 365 635 603 0(11045.00, 11045.00)
route 2, node_num 8, cost 1128.218000, nodes: 0(120000.00, 120000.00) 623 382 495 19 240 36 493 0(39413.00, 39413.00)
route 3, node_num 6, cost 1193.584000, nodes: 0(120000.00, 120000.00) 623 532 553 144 9 692 603 0(34744.00, 34744.00)
route 4, node_num 7, cost 1678.208000, nodes: 0(120000.00, 120000.00) 623 595 628 594 519 92 118 654 603 0(128.00, 128.00)
route 5, node_num 7, cost 1646.302000, nodes: 0(120000.00, 120000.00) 623 587 534 330 529 30 642 0(2407.00, 2407.00)
route 6, node_num 7, cost 1168.692000, nodes: 0(120000.00, 120000.00) 623 475 603 190 547 242 366 628 603 0(36522.00, 36522.00)
route 7, node_num 9, cost 1696.730000, nodes: 0(120000.00, 120000.00) 628 100 238 145 202 452 281 611(44797.00, 45992.00) 603 0(0.00, 0.00)
route 8, node_num 8, cost 1236.284000, nodes: 0(120000.00, 120000.00) 135 199 517 49 392 363 684 603 0(31694.00, 31694.00)
route 9, node_num 8, cost 1032.808000, nodes: 0(120000.00, 120000.00) 133 168 500 479 590 53 680 0(46228.00, 46228.00)
route 10, node_num 8, cost 1097.362000, nodes: 0(120000.00, 120000.00) 623 333 299 522 410 538 540 682 0(41617.00, 41617.00)
route 11, node_num 7, cost 1540.280000, nodes: 0(120000.00, 120000.00) 623 603 442 602 15 665 151 602 96 488 690 0(9980.00, 9980.00)
route 12, node_num 7, cost 1146.362000, nodes: 0(120000.00, 120000.00) 628 388 468 447 74 648 599 603 0(38117.00, 38117.00)
route 13, node_num 8, cost 1106.322000, nodes: 0(120000.00, 120000.00) 539 183 90 489 518 689 164 0(40977.00, 40977.00)
route 14, node_num 7, cost 808.794000, nodes: 0(120000.00, 120000.00) 623 196 63 375 88 501 0(62229.00, 62229.00)
route 15, node_num 8, cost 497.336000, nodes: 0(120000.00, 120000.00) 357 23 70 212 458 381 0(84476.00, 84476.00)
route 16, node_num 7, cost 1474.172000, nodes: 0(120000.00, 120000.00) 623 84 318 185 527 491 0(14702.00, 14702.00)
route 17, node_num 6, cost 1206.674000, nodes: 0(120000.00, 120000.00) 626 367 288 588 509 603 0(33809.00, 33809.00)
route 18, node_num 8, cost 1594.096000, nodes: 0(120000.00, 120000.00) 289 293 167 412 428 607 664(25470.00, 25470.00) 0(6136.00, 6136.00)
route 19, node_num 7, cost 1004.528000, nodes: 0(120000.00, 120000.00) 623 598 344 615 4 520 317 676 0(48248.00, 48248.00)
route 20, node_num 7, cost 969.724000, nodes: 0(120000.00, 120000.00) 626 551 473 353 667 499 346 603 0(50734.00, 50734.00)
route 21, node_num 7, cost 1430.702000, nodes: 0(120000.00, 120000.00) 626 421 235 163 11 180 623 0(17807.00, 17807.00)
route 22, node_num 8, cost 833.196000, nodes: 0(120000.00, 120000.00) 657 174 297 270 680 156 72 14 0(60486.00, 60486.00)
route 23, node_num 8, cost 580.636000, nodes: 0(120000.00, 120000.00) 566 247 502 82 384 695 342 0(78526.00, 78526.00)
route 24, node_num 7, cost 506.030000, nodes: 0(120000.00, 120000.00) 623 603 582 268 360 359 216 0(83855.00, 83855.00)
route 25, node_num 8, cost 1233.582000, nodes: 0(120000.00, 120000.00) 126 80 69 567 129 113 0(31887.00, 31887.00)
route 26, node_num 8, cost 1344.868000, nodes: 0(120000.00, 120000.00) 623 171 303 1 106 211 263 673 0(23938.00, 23938.00)
route 27, node_num 8, cost 1581.370000, nodes: 0(120000.00, 120000.00) 626 641 68 232 334 444 607 407 457 0(7045.00, 7045.00)
route 28, node_num 8, cost 345.590000, nodes: 0(120000.00, 120000.00) 623 261 290 249 124 623 327 286 0(95315.00, 95315.00)
route 29, node_num 10, cost 1756.804000, nodes: 0(120000.00, 120000.00) 623(116496.00, 120000.00) 368 223 429 460 215 45 661(2504.00, 4486.00) 0(0.00, 0.00)
route 30, node_num 8, cost 1400.924000, nodes: 0(120000.00, 120000.00) 623 571 250 332 94 269 456 642 0(19934.00, 19934.00)
route 31, node_num 9, cost 1708.658000, nodes: 0(120000.00, 120000.00) 621(81946.00, 81946.00) 485 639(56442.00, 76442.00) 574 440 309 639 603(27068.00, 27068.00) 0(17953.00, 17953.00)
route 32, node_num 6, cost 738.304000, nodes: 0(120000.00, 120000.00) 623 255 496 3 65 623 0(67264.00, 67264.00)
route 33, node_num 7, cost 1268.624000, nodes: 0(120000.00, 120000.00) 623 273 331 337 172 75 0(29384.00, 29384.00)
route 34, node_num 8, cost 1899.044000, nodes: 0(120000.00, 120000.00) 626 641 478 470 584 51 224 629(33997.00, 49643.00) 0(0.00, 0.00)
route 35, node_num 7, cost 1357.916000, nodes: 0(120000.00, 120000.00) 623 231 668 432 373 525 279 644 603 0(23006.00, 23006.00)
route 36, node_num 6, cost 606.620000, nodes: 0(120000.00, 120000.00) 623 453 545 109 462 0(76670.00, 76670.00)
route 37, node_num 10, cost 1675.744000, nodes: 0(120000.00, 120000.00) 623 120 613(71132.00, 71132.00) 91 435 104 54 325 613(49200.00, 49200.00) 603 0(304.00, 304.00)
route 38, node_num 7, cost 1383.452000, nodes: 0(120000.00, 120000.00) 623 492 16 214 179 401 0(21182.00, 21182.00)
route 39, node_num 7, cost 1108.198000, nodes: 0(120000.00, 120000.00) 657 119 576 438 20 271 698 0(40843.00, 40843.00)
route 40, node_num 7, cost 1586.662000, nodes: 0(120000.00, 120000.00) 543 673 395 197 426 466 0(6667.00, 6667.00)
route 41, node_num 8, cost 1833.594000, nodes: 0(120000.00, 120000.00) 623 431 355 29 176 32 611(35021.00, 45992.00) 603 0(0.00, 0.00)
route 42, node_num 10, cost 1522.752000, nodes: 0(120000.00, 120000.00) 622(83916.00, 83916.00) 424 322 531 78 570 463 639 603(20347.00, 20347.00) 0(11232.00, 11232.00)
route 43, node_num 7, cost 951.034000, nodes: 0(120000.00, 120000.00) 657 64 173 187 37 405 0(52069.00, 52069.00)
route 44, node_num 7, cost 553.966000, nodes: 0(120000.00, 120000.00) 657 280 206 295 314 324 0(80431.00, 80431.00)
route 45, node_num 9, cost 1867.180000, nodes: 0(120000.00, 120000.00) 628 162 26 329 291 125 83 628(19251.00, 32621.00) 603 0(0.00, 0.00)
route 46, node_num 8, cost 1086.988000, nodes: 0(120000.00, 120000.00) 623 175 321 28 349 226 159 623 0(42358.00, 42358.00)
route 47, node_num 6, cost 626.836000, nodes: 0(120000.00, 120000.00) 657 544 514 561 310 0(75226.00, 75226.00)
route 48, node_num 9, cost 1701.182000, nodes: 0(120000.00, 120000.00) 623 511 408 236 5 134 425 613 603(7602.00, 9115.00) 0(0.00, 0.00)
route 49, node_num 8, cost 1508.850000, nodes: 0(120000.00, 120000.00) 621 141 158 194 477 66 623(16739.00, 16739.00) 0(12225.00, 12225.00)
route 50, node_num 8, cost 1262.030000, nodes: 0(120000.00, 120000.00) 623 123 86 22 225 552 416 673 0(29855.00, 29855.00)
route 51, node_num 7, cost 566.748000, nodes: 0(120000.00, 120000.00) 7 403 441 469 336 0(79518.00, 79518.00)
route 52, node_num 6, cost 295.050000, nodes: 0(120000.00, 120000.00) 583 398 311 201 0(98925.00, 98925.00)
route 53, node_num 8, cost 813.498000, nodes: 0(120000.00, 120000.00) 623 217 178 195 387 581 98 0(61893.00, 61893.00)
route 54, node_num 8, cost 975.702000, nodes: 0(120000.00, 120000.00) 623 266 677 535 136 313 234 361 667 603 0(50307.00, 50307.00)
route 55, node_num 7, cost 1300.446000, nodes: 0(120000.00, 120000.00) 40 569 103 670 486 192 0(27111.00, 27111.00)
route 56, node_num 8, cost 1599.682000, nodes: 0(120000.00, 120000.00) 623 146 585 507 208 48 530 0(5737.00, 5737.00)
route 57, node_num 6, cost 1269.814000, nodes: 0(120000.00, 120000.00) 621 230 437 319 122 0(29299.00, 29299.00)
route 58, node_num 10, cost 1724.142000, nodes: 0(120000.00, 120000.00) 623(116496.00, 120000.00) 285 149 33 688(59977.00, 59977.00) 181 315 642(40457.00, 40457.00) 0(351.00, 351.00)
route 59, node_num 7, cost 472.836000, nodes: 0(120000.00, 120000.00) 57 568 498 189 12 0(86226.00, 86226.00)
route 60, node_num 8, cost 1014.398000, nodes: 0(120000.00, 120000.00) 657 557 459 698 221 140 354 61 603 0(47543.00, 47543.00)
route 61, node_num 8, cost 1206.996000, nodes: 0(120000.00, 120000.00) 623 116 52 252 112 191 34 603 0(33786.00, 33786.00)
route 62, node_num 8, cost 992.726000, nodes: 0(120000.00, 120000.00) 623 558 210 666 471 257 573 390 603 0(49091.00, 49091.00)
route 63, node_num 7, cost 1238.818000, nodes: 0(120000.00, 120000.00) 623 422 298 262 60 207 0(31513.00, 31513.00)
route 64, node_num 8, cost 1546.272000, nodes: 0(120000.00, 120000.00) 411 137 339 251 283 653 698(27395.00, 27395.00) 0(9552.00, 9552.00)
route 65, node_num 7, cost 860.076000, nodes: 0(120000.00, 120000.00) 623 38 391 490 110 115 623 0(58566.00, 58566.00)
route 66, node_num 8, cost 1659.574000, nodes: 0(120000.00, 120000.00) 623 546 85 483 13 182 613 521 0(1459.00, 1459.00)
route 67, node_num 8, cost 1269.086000, nodes: 0(120000.00, 120000.00) 622 393 515 622 150 62 448 278 615 0(29351.00, 29351.00)
route 68, node_num 6, cost 786.800000, nodes: 0(120000.00, 120000.00) 623 328 25 374 117 623 0(63800.00, 63800.00)
route 69, node_num 8, cost 799.106000, nodes: 0(120000.00, 120000.00) 626 154 142 451 343 241 306 0(62921.00, 62921.00)
route 70, node_num 10, cost 1697.402000, nodes: 0(120000.00, 120000.00) 621 593 621(77266.00, 77266.00) 461 200 274 604(48019.00, 48019.00) 248 642 603(7872.00, 9115.00) 0(0.00, 0.00)
route 71, node_num 8, cost 1121.428000, nodes: 0(120000.00, 120000.00) 623 6 430 389 548 127 47 676 0(39898.00, 39898.00)
route 72, node_num 8, cost 1099.826000, nodes: 0(120000.00, 120000.00) 623 617 536 31 304 184 379 380 617 0(41441.00, 41441.00)
route 73, node_num 9, cost 1632.218000, nodes: 0(120000.00, 120000.00) 623(116496.00, 116496.00) 564 233 474 79 148 623(7927.00, 7927.00) 0(3413.00, 3413.00)
route 74, node_num 8, cost 1004.990000, nodes: 0(120000.00, 120000.00) 623 415 409 510 580 371 50 661 0(48215.00, 48215.00)
route 75, node_num 7, cost 926.212000, nodes: 0(120000.00, 120000.00) 623 524 335 108 413 664 559 603 0(53842.00, 53842.00)
route 76, node_num 7, cost 854.896000, nodes: 0(120000.00, 120000.00) 623 341 465 169 301 300 0(58936.00, 58936.00)
route 77, node_num 7, cost 1591.996000, nodes: 0(120000.00, 120000.00) 624 449 383 76 575 59 0(6286.00, 6286.00)
route 78, node_num 8, cost 1475.208000, nodes: 0(120000.00, 120000.00) 623 596 259 302 506 227 698(32471.00, 32471.00) 0(14628.00, 14628.00)
route 79, node_num 7, cost 1665.818000, nodes: 0(120000.00, 120000.00) 623 198 143 494 504 107 0(1013.00, 1013.00)
route 80, node_num 8, cost 1316.882000, nodes: 0(120000.00, 120000.00) 166 352 592 396 376 307 0(25937.00, 25937.00)
route 81, node_num 8, cost 1544.004000, nodes: 0(120000.00, 120000.00) 294 482 358 572 436 219 0(9714.00, 9714.00)
route 82, node_num 7, cost 1050.364000, nodes: 0(120000.00, 120000.00) 296 472 423 18 254 0(44974.00, 44974.00)
route 83, node_num 7, cost 1259.804000, nodes: 0(120000.00, 120000.00) 623 147 400 660 537 323 95 618 0(30014.00, 30014.00)
route 84, node_num 7, cost 1634.234000, nodes: 0(120000.00, 120000.00) 623 102 348 99 611 260 663 503 696 0(3269.00, 3269.00)
route 85, node_num 7, cost 1453.340000, nodes: 0(120000.00, 120000.00) 623 222 89 308 264 265 0(16190.00, 16190.00)
route 86, node_num 7, cost 1658.300000, nodes: 0(120000.00, 120000.00) 621 245 67 420 114 589 0(1550.00, 1550.00)
route 87, node_num 7, cost 1150.534000, nodes: 0(120000.00, 120000.00) 623 603 565 17 188 364 253 0(37819.00, 37819.00)
route 88, node_num 8, cost 488.404000, nodes: 0(120000.00, 120000.00) 24 338 445 556 657 467 138 0(85114.00, 85114.00)
route 89, node_num 8, cost 1139.908000, nodes: 0(120000.00, 120000.00) 623 497 161 345 237 320 105 0(38578.00, 38578.00)
route 90, node_num 8, cost 1772.470000, nodes: 0(120000.00, 120000.00) 204 305 549 370 256 697 603(2510.00, 9115.00) 0(0.00, 0.00)
route 91, node_num 8, cost 960.512000, nodes: 0(120000.00, 120000.00) 541 218 667 419 282 275 404 664 0(51392.00, 51392.00)
route 92, node_num 9, cost 1797.460000, nodes: 0(120000.00, 120000.00) 623 677(100490.00, 100490.00) 160 356 292 41 209 647(40424.00, 48814.00) 603 0(0.00, 0.00)
route 93, node_num 8, cost 1542.548000, nodes: 0(120000.00, 120000.00) 626 641 284 377 542 523 155 73 628 603 0(9818.00, 9818.00)
route 94, node_num 8, cost 1213.912000, nodes: 0(120000.00, 120000.00) 533 220 554 484 550 152 661 0(33292.00, 33292.00)
route 95, node_num 8, cost 1218.938000, nodes: 0(120000.00, 120000.00) 623 56 258 372 243 600 165 603 0(32933.00, 32933.00)
route 96, node_num 9, cost 1580.880000, nodes: 0(120000.00, 120000.00) 623(116496.00, 116496.00) 55 480 427 43 244 628(39701.00, 39701.00) 603 0(7080.00, 7080.00)
route 97, node_num 9, cost 1865.080000, nodes: 0(120000.00, 120000.00) 628(89498.00, 93498.00) 316 418 627(63999.00, 73219.00) 512 627 128 378 651 603 0(0.00, 0.00)
route 98, node_num 8, cost 1244.012000, nodes: 0(120000.00, 120000.00) 623 87 631 239 696 579 516 97 696 385 682 0(31142.00, 31142.00)
route 99, node_num 8, cost 1316.616000, nodes: 0(120000.00, 120000.00) 626 641 454 481 287 508 597 77 623 0(25956.00, 25956.00)
route 100, node_num 8, cost 1004.388000, nodes: 0(120000.00, 120000.00) 623 228 139 2 563 417 205 656 0(48258.00, 48258.00)
route 101, node_num 8, cost 1008.168000, nodes: 0(120000.00, 120000.00) 623 591 8 443 39 42 111 0(47988.00, 47988.00)
route 102, node_num 8, cost 1066.212000, nodes: 0(120000.00, 120000.00) 623 44 27 272 397 399 615 487 615 0(43842.00, 43842.00)
route 103, node_num 9, cost 1690.570000, nodes: 0(120000.00, 120000.00) 623(116496.00, 116496.00) 186 132 476 526 369 685 644(39885.00, 40640.00) 603 0(0.00, 0.00)
route 104, node_num 6, cost 780.542000, nodes: 0(120000.00, 120000.00) 21 93 153 312 0(64247.00, 64247.00)
route 105, node_num 7, cost 965.832000, nodes: 0(120000.00, 120000.00) 623 326 46 340 121 130 0(51012.00, 51012.00)
route 106, node_num 8, cost 1055.222000, nodes: 0(120000.00, 120000.00) 623 131 386 612 81 35 414 71 623 0(44627.00, 44627.00)
route 107, node_num 7, cost 1091.916000, nodes: 0(120000.00, 120000.00) 623 213 682 394 528 58 464 0(42006.00, 42006.00)
route 108, node_num 7, cost 1421.854000, nodes: 0(120000.00, 120000.00) 623 450 623 513 177 433 157 0(18439.00, 18439.00)
route 109, node_num 8, cost 984.536000, nodes: 0(120000.00, 120000.00) 623 603 246 505 351 434 203 577 0(49676.00, 49676.00)
route 110, node_num 5, cost 135.744000, nodes: 0(120000.00, 120000.00) 347 455 277 0(110304.00, 110304.00)
route 111, node_num 7, cost 1366.568000, nodes: 0(120000.00, 120000.00) 623 362 193 586 170 10 628 603 0(22388.00, 22388.00)
route 112, node_num 9, cost 1764.742000, nodes: 0(120000.00, 120000.00) 624 686(74448.00, 114448.00) 350 229 439 276 562 613(82843.00, 82843.00) 603 0(33947.00, 33947.00)
vehicle (route) number: 113
Total cost: 171996.76
176150.07, 18215.09
173059.01, 10541.68
172673.55, 18032.51
172585.16, 18130.57
173089.23, 18130.09
172547.28, 13528.18
172546.52, 11705.33
171996.76, 8730.12
175461.09, 9471.22
172460.62, 18015.90
