Details of the solution:
route 0, node_num 7, cost 959.574000, nodes: 0(120000.00, 120000.00) 260 394 285 665 324 656 243 0(51459.00, 51459.00)
route 1, node_num 6, cost 884.576000, nodes: 0(120000.00, 120000.00) 657 386 216 490 681 15 658 0(56816.00, 56816.00)
route 2, node_num 8, cost 871.864000, nodes: 0(120000.00, 120000.00) 17 658 360 107 424 271 135 633 0(57724.00, 57724.00)
route 3, node_num 7, cost 837.872000, nodes: 0(120000.00, 120000.00) 691 471 418 208 681 383 681 515 696 613 0(60152.00, 60152.00)
route 4, node_num 7, cost 847.672000, nodes: 0(120000.00, 120000.00) 363 478 147 569 120 643 616 691 682 0(59452.00, 59452.00)
route 5, node_num 7, cost 938.854000, nodes: 0(120000.00, 120000.00) 613 696 158 689 616 8 676 300 544 10 676 616 691 682 0(52939.00, 52939.00)
route 6, node_num 8, cost 908.852000, nodes: 0(120000.00, 120000.00) 55 691 397 108 152 553 30 633 0(55082.00, 55082.00)
route 7, node_num 7, cost 831.600000, nodes: 0(120000.00, 120000.00) 374 104 557 657 385 106 658 0(60600.00, 60600.00)
route 8, node_num 7, cost 754.642000, nodes: 0(120000.00, 120000.00) 338 237 79 365 351 691 682 0(66097.00, 66097.00)
route 9, node_num 7, cost 983.766000, nodes: 0(120000.00, 120000.00) 691 603 303 567 574 560 643 543 617 613 0(49731.00, 49731.00)
route 10, node_num 8, cost 851.704000, nodes: 0(120000.00, 120000.00) 623 262 619 284 656 68 347 403 57 0(59164.00, 59164.00)
route 11, node_num 8, cost 1186.486000, nodes: 0(120000.00, 120000.00) 657 469 665 339 530 462 697 656 34 656 180 0(35251.00, 35251.00)
route 12, node_num 7, cost 921.760000, nodes: 0(120000.00, 120000.00) 97 83 556 656 24 434 691 682 0(54160.00, 54160.00)
route 13, node_num 8, cost 638.526000, nodes: 0(120000.00, 120000.00) 430 488 26 546 121 191 696 613 0(74391.00, 74391.00)
route 14, node_num 7, cost 942.900000, nodes: 0(120000.00, 120000.00) 613 696 20 206 689 268 417 587 633 0(52650.00, 52650.00)
route 15, node_num 7, cost 970.396000, nodes: 0(120000.00, 120000.00) 633 689 616 269 210 319 209 258 689 633 0(50686.00, 50686.00)
route 16, node_num 7, cost 494.298000, nodes: 0(120000.00, 120000.00) 664 459 181 309 74 334 664 0(84693.00, 84693.00)
route 17, node_num 8, cost 1326.080000, nodes: 0(120000.00, 120000.00) 692 631 419 9 614 502 66 214 631 665 572 665 0(25280.00, 25280.00)
route 18, node_num 7, cost 527.016000, nodes: 0(120000.00, 120000.00) 228 283 32 119 289 633 0(82356.00, 82356.00)
route 19, node_num 10, cost 1648.668000, nodes: 0(120000.00, 120000.00) 692 632 698 449 395 640(61175.00, 61175.00) 596 441 625(50047.00, 50047.00) 84 681(25350.00, 25350.00) 0(2238.00, 2238.00)
route 20, node_num 8, cost 1330.826000, nodes: 0(120000.00, 120000.00) 542 613 633 691 193 606 188 621 437 621 466 232 652 646 691 682 0(24941.00, 24941.00)
route 21, node_num 8, cost 1478.792000, nodes: 0(120000.00, 120000.00) 692 480 282 698 56 167 112 435 679 692 0(14372.00, 14372.00)
route 22, node_num 10, cost 1681.806000, nodes: 0(120000.00, 120000.00) 589 613 633 691 603 652 634 621 677 70 314 687 318 476 668(55364.00, 55364.00) 581 677 606 681(22983.00, 23112.00) 0(0.00, 0.00)
route 23, node_num 8, cost 1438.206000, nodes: 0(120000.00, 120000.00) 692 448 518 679 342 440 73 194 614 631 692 0(17271.00, 17271.00)
route 24, node_num 7, cost 1392.916000, nodes: 0(120000.00, 120000.00) 613 540 692 143 61 179 109 632 692 0(20506.00, 20506.00)
route 25, node_num 7, cost 1447.320000, nodes: 0(120000.00, 120000.00) 692 626 52 270 286 497 389 687 652 646 691 682 0(16620.00, 16620.00)
route 26, node_num 9, cost 1854.832000, nodes: 0(120000.00, 120000.00) 691 681(92093.00, 92093.00) 407 455 630 547 668(46434.00, 46434.00) 444 621 652 646 603(9711.00, 22199.00) 658 0(0.00, 0.00)
route 27, node_num 7, cost 1582.784000, nodes: 0(120000.00, 120000.00) 692 652 371 579 369 125 155 687 652 646 691 682 0(6944.00, 6944.00)
route 28, node_num 7, cost 1033.382000, nodes: 0(120000.00, 120000.00) 691 225 550 335 594 517 633 0(46187.00, 46187.00)
route 29, node_num 9, cost 1654.450000, nodes: 0(120000.00, 120000.00) 691 681(92093.00, 108093.00) 652 634 168 687(84674.00, 84674.00) 373 16 201 687 652 646(48158.00, 48158.00) 691 682 0(17825.00, 17825.00)
route 30, node_num 8, cost 1341.144000, nodes: 0(120000.00, 120000.00) 692 376 177 452 172 327 626 254 658 0(24204.00, 24204.00)
route 31, node_num 11, cost 1589.826000, nodes: 0(120000.00, 120000.00) 633(101822.00, 101822.00) 223 281 620(63970.00, 63970.00) 588 521 624(56459.00, 56459.00) 245 610 658(24480.00, 24480.00) 0(6441.00, 6441.00)
route 32, node_num 7, cost 1058.400000, nodes: 0(120000.00, 120000.00) 633 189 400 686 162 251 541 633 0(44400.00, 44400.00)
route 33, node_num 7, cost 1513.666000, nodes: 0(120000.00, 120000.00) 692 577 113 213 524 677 457 0(11881.00, 11881.00)
route 34, node_num 8, cost 1091.902000, nodes: 0(120000.00, 120000.00) 691 681 64 356 146 387 409 433 633 0(42007.00, 42007.00)
route 35, node_num 8, cost 1199.408000, nodes: 0(120000.00, 120000.00) 18 692 75 80 86 344 646 266 691 682 0(34328.00, 34328.00)
route 36, node_num 8, cost 1246.588000, nodes: 0(120000.00, 120000.00) 62 265 692 554 686 156 646 313 110 646 691 682 0(30958.00, 30958.00)
route 37, node_num 7, cost 1498.756000, nodes: 0(120000.00, 120000.00) 686 606 464 14 634 169 652 170 316 686 0(12946.00, 12946.00)
route 38, node_num 8, cost 1637.678000, nodes: 0(120000.00, 120000.00) 692 632 698 78 578 549 69 575 640 493 632 692 0(3023.00, 3023.00)
route 39, node_num 9, cost 1928.864000, nodes: 0(120000.00, 120000.00) 685(97648.00, 97648.00) 628 627 608 568 426 187 453 527 662 639 636(15493.00, 33269.00) 643 616 691 682 0(0.00, 0.00)
route 40, node_num 8, cost 1307.810000, nodes: 0(120000.00, 120000.00) 691 617 676 622 690 362 218 340 680 531 684 512 431 676 616 691 682 0(26585.00, 26585.00)
route 41, node_num 10, cost 1610.574000, nodes: 0(120000.00, 120000.00) 685(97648.00, 97648.00) 628 627 680 582 608(61848.00, 61848.00) 481 264 222 608 514 604(37466.00, 37466.00) 616 691 682 0(4959.00, 4959.00)
route 42, node_num 9, cost 1599.878000, nodes: 0(120000.00, 120000.00) 692 415 634 621 677 595 392 90 45 500 688 681(28835.00, 28835.00) 0(5723.00, 5723.00)
route 43, node_num 8, cost 1239.028000, nodes: 0(120000.00, 120000.00) 633 689 616 98 643 420 82 239 688 2 28 643 616 691 682 0(31498.00, 31498.00)
route 44, node_num 7, cost 1545.754000, nodes: 0(120000.00, 120000.00) 692 27 639 447 176 202 639 343 688 633 0(9589.00, 9589.00)
route 45, node_num 7, cost 1366.974000, nodes: 0(120000.00, 120000.00) 633 689 616 643 350 653 609 688 76 380 101 184 688 633 0(22359.00, 22359.00)
route 46, node_num 8, cost 1228.738000, nodes: 0(120000.00, 120000.00) 691 617 676 622 139 190 127 5 378 601 41 604 616 691 682 0(32233.00, 32233.00)
route 47, node_num 8, cost 1150.492000, nodes: 0(120000.00, 120000.00) 691 617 676 510 133 604 151 25 604 299 545 676 616 691 682 0(37822.00, 37822.00)
route 48, node_num 7, cost 1238.986000, nodes: 0(120000.00, 120000.00) 445 611 253 154 21 229 636 643 616 691 682 0(31501.00, 31501.00)
route 49, node_num 8, cost 1200.878000, nodes: 0(120000.00, 120000.00) 58 611 149 636 131 513 370 604 474 601 643 616 691 682 0(34223.00, 34223.00)
route 50, node_num 8, cost 1253.490000, nodes: 0(120000.00, 120000.00) 692 646 192 174 609 274 345 252 257 636 643 616 691 682 0(30465.00, 30465.00)
route 51, node_num 9, cost 1763.818000, nodes: 0(120000.00, 120000.00) 685(97648.00, 97648.00) 484 509 538 111 519 608 611 651(8068.00, 14055.00) 0(0.00, 0.00)
route 52, node_num 10, cost 1621.172000, nodes: 0(120000.00, 120000.00) 633(101822.00, 101822.00) 428 686 606(75892.00, 75892.00) 116 261 54 275 688 643(30837.00, 30837.00) 616 691 682 0(4202.00, 4202.00)
route 53, node_num 8, cost 1420.636000, nodes: 0(120000.00, 120000.00) 633 689 616 412 601 584 1 296 688 653 163 381 684 601 643 616 691 682 0(18526.00, 18526.00)
route 54, node_num 7, cost 1364.440000, nodes: 0(120000.00, 120000.00) 633 689 616 643 247 609 332 590 684 211 217 684 601 643 616 691 682 0(22540.00, 22540.00)
route 55, node_num 8, cost 831.418000, nodes: 0(120000.00, 120000.00) 31 664 4 72 273 638 384 323 0(60613.00, 60613.00)
route 56, node_num 7, cost 547.470000, nodes: 0(120000.00, 120000.00) 533 586 298 348 164 0(80895.00, 80895.00)
route 57, node_num 9, cost 459.522000, nodes: 0(120000.00, 120000.00) 473 291 460 522 96 667 501 48 0(87177.00, 87177.00)
route 58, node_num 7, cost 535.444000, nodes: 0(120000.00, 120000.00) 613 256 129 100 644 479 200 0(81754.00, 81754.00)
route 59, node_num 9, cost 488.698000, nodes: 0(120000.00, 120000.00) 23 317 204 465 361 311 408 666 0(85093.00, 85093.00)
route 60, node_num 9, cost 486.668000, nodes: 0(120000.00, 120000.00) 226 585 364 393 593 51 142 664 0(85238.00, 85238.00)
route 61, node_num 7, cost 554.554000, nodes: 0(120000.00, 120000.00) 623 219 165 573 570 47 0(80389.00, 80389.00)
route 62, node_num 9, cost 520.352000, nodes: 0(120000.00, 120000.00) 477 516 183 93 231 666 195 81 666 0(82832.00, 82832.00)
route 63, node_num 6, cost 555.954000, nodes: 0(120000.00, 120000.00) 439 443 472 398 664 0(80289.00, 80289.00)
route 64, node_num 5, cost 187.236000, nodes: 0(120000.00, 120000.00) 580 279 359 0(106626.00, 106626.00)
route 65, node_num 8, cost 291.508000, nodes: 0(120000.00, 120000.00) 461 220 89 425 489 507 0(99178.00, 99178.00)
route 66, node_num 7, cost 430.262000, nodes: 0(120000.00, 120000.00) 294 88 367 637 39 442 0(89267.00, 89267.00)
route 67, node_num 6, cost 461.930000, nodes: 0(120000.00, 120000.00) 185 288 664 293 240 0(87005.00, 87005.00)
route 68, node_num 8, cost 502.138000, nodes: 0(120000.00, 120000.00) 468 558 95 203 495 161 0(84133.00, 84133.00)
route 69, node_num 8, cost 542.668000, nodes: 0(120000.00, 120000.00) 65 92 150 388 487 337 623 0(81238.00, 81238.00)
route 70, node_num 7, cost 517.622000, nodes: 0(120000.00, 120000.00) 498 551 491 7 532 0(83027.00, 83027.00)
route 71, node_num 9, cost 629.216000, nodes: 0(120000.00, 120000.00) 333 144 451 215 242 396 566 623 0(75056.00, 75056.00)
route 72, node_num 8, cost 678.272000, nodes: 0(120000.00, 120000.00) 664 35 44 130 450 674 153 134 664 0(71552.00, 71552.00)
route 73, node_num 6, cost 1244.796000, nodes: 0(120000.00, 120000.00) 102 649 40 71 534 694 693 0(31086.00, 31086.00)
route 74, node_num 8, cost 1202.404000, nodes: 0(120000.00, 120000.00) 691 645 372 622 690 43 486 136 690 618 678 602 198 602 685 182 638 0(34114.00, 34114.00)
route 75, node_num 7, cost 844.606000, nodes: 0(120000.00, 120000.00) 535 436 297 597 145 683 693 0(59671.00, 59671.00)
route 76, node_num 7, cost 1339.324000, nodes: 0(120000.00, 120000.00) 138 678 618 669 458 53 99 675 278 642 602 659 693 0(24334.00, 24334.00)
route 77, node_num 7, cost 1247.736000, nodes: 0(120000.00, 120000.00) 648 312 599 402 37 221 683 693 0(30876.00, 30876.00)
route 78, node_num 7, cost 1096.424000, nodes: 0(120000.00, 120000.00) 674 38 611 159 329 67 536 611 651 0(41684.00, 41684.00)
route 79, node_num 8, cost 1128.848000, nodes: 0(120000.00, 120000.00) 648 511 263 42 267 85 648 171 659 693 0(39368.00, 39368.00)
route 80, node_num 8, cost 992.880000, nodes: 0(120000.00, 120000.00) 227 368 663 166 663 236 492 529 659 693 0(49080.00, 49080.00)
route 81, node_num 7, cost 1402.170000, nodes: 0(120000.00, 120000.00) 77 354 485 19 618 559 678 602 659 693 0(19845.00, 19845.00)
route 82, node_num 10, cost 1586.522000, nodes: 0(120000.00, 120000.00) 600 672(69265.00, 69265.00) 246 157 672(61700.00, 61700.00) 87 669 416 605(30751.00, 30751.00) 664 0(6677.00, 6677.00)
route 83, node_num 7, cost 1034.040000, nodes: 0(120000.00, 120000.00) 124 321 355 175 63 648 693 0(46140.00, 46140.00)
route 84, node_num 7, cost 877.324000, nodes: 0(120000.00, 120000.00) 140 693 341 552 528 13 659 693 0(57334.00, 57334.00)
route 85, node_num 8, cost 995.218000, nodes: 0(120000.00, 120000.00) 290 693 320 366 295 29 353 683 693 0(48913.00, 48913.00)
route 86, node_num 7, cost 977.270000, nodes: 0(120000.00, 120000.00) 197 234 328 645 379 235 659 693 0(50195.00, 50195.00)
route 87, node_num 8, cost 906.290000, nodes: 0(120000.00, 120000.00) 205 674 638 685 377 349 91 375 638 126 0(55265.00, 55265.00)
route 88, node_num 8, cost 974.428000, nodes: 0(120000.00, 120000.00) 633 689 199 617 322 576 301 310 628 598 659 693 0(50398.00, 50398.00)
route 89, node_num 7, cost 979.678000, nodes: 0(120000.00, 120000.00) 674 123 571 224 562 591 664 0(50023.00, 50023.00)
route 90, node_num 7, cost 1249.780000, nodes: 0(120000.00, 120000.00) 648 305 6 137 564 508 659 693 0(30730.00, 30730.00)
route 91, node_num 8, cost 1020.586000, nodes: 0(120000.00, 120000.00) 613 499 685 611 114 454 306 244 178 645 611 651 0(47101.00, 47101.00)
route 92, node_num 9, cost 2071.510000, nodes: 0(120000.00, 120000.00) 691 617 676 622(84065.00, 84065.00) 662 406 22 504 432 496 688 609(7141.00, 35106.00) 616 691 682 0(0.00, 0.00)
route 93, node_num 9, cost 1818.838000, nodes: 0(120000.00, 120000.00) 692 652 634 422 148 304 241 414 391 636(23352.00, 33269.00) 643 616 691 682 0(0.00, 0.00)
route 94, node_num 8, cost 2113.566000, nodes: 0(120000.00, 120000.00) 633 611 117 592 673 456 563 49 688 609(4137.00, 35106.00) 616 691 682 0(0.00, 0.00)
route 95, node_num 8, cost 1624.504000, nodes: 0(120000.00, 120000.00) 692 652 238 650 276 287 33 401 325 643 616 691 682 0(3964.00, 3964.00)
route 96, node_num 10, cost 1766.408000, nodes: 0(120000.00, 120000.00) 685(97648.00, 120000.00) 602 678 618 675 399 654(96160.00, 96160.00) 404 3 308 11 650(65674.00, 65674.00) 607 683 693 0(16180.00, 16180.00)
route 97, node_num 7, cost 1580.012000, nodes: 0(120000.00, 120000.00) 691 617 59 676 622 690 36 467 46 654 470 680 643 616 691 682 0(7142.00, 7142.00)
route 98, node_num 9, cost 1728.300000, nodes: 0(120000.00, 120000.00) 669 672 405 357 280 358 583 60 671(45762.00, 49212.00) 655 607 683 693 0(0.00, 0.00)
route 99, node_num 8, cost 1475.600000, nodes: 0(120000.00, 120000.00) 669 675 132 315 411 94 292 654 482 683 693 0(14600.00, 14600.00)
route 100, node_num 7, cost 1718.416000, nodes: 0(120000.00, 120000.00) 691 617 676 622 690(80867.00, 83611.00) 255 561 302 695 503 655 607 683 693 0(0.00, 0.00)
route 101, node_num 9, cost 1935.892000, nodes: 0(120000.00, 120000.00) 685(97648.00, 97648.00) 602 678 618 654 655 671 230 427 160 128 346 695(36416.00, 54694.00) 671 655 607 683 693 0(0.00, 0.00)
route 102, node_num 10, cost 1639.176000, nodes: 0(120000.00, 120000.00) 685(97648.00, 97648.00) 602 678 618 669 429 635(70579.00, 74579.00) 250 650 352 141 410 659(22983.00, 22983.00) 693 0(6916.00, 6916.00)
route 103, node_num 7, cost 1468.824000, nodes: 0(120000.00, 120000.00) 669 259 103 565 390 635 655 607 12 607 683 693 0(15084.00, 15084.00)
route 104, node_num 10, cost 1753.402000, nodes: 0(120000.00, 120000.00) 685(97648.00, 97648.00) 602 678 618 654 655 671 186 647(59732.00, 120000.00) 196 647 307 483 233 635 604 681(78137.00, 78137.00) 0(55025.00, 55025.00)
route 105, node_num 7, cost 1455.454000, nodes: 0(120000.00, 120000.00) 691 617 676 622 520 690 523 277 539 463 683 693 0(16039.00, 16039.00)
route 106, node_num 7, cost 1558.046000, nodes: 0(120000.00, 120000.00) 122 655 494 446 382 655 475 607 683 693 0(8711.00, 8711.00)
route 107, node_num 7, cost 1817.760000, nodes: 0(120000.00, 120000.00) 691 681(92093.00, 120000.00) 607 650 641 506 525 272 505 650 607 683 693 0(18067.00, 18067.00)
route 108, node_num 11, cost 1567.006000, nodes: 0(120000.00, 120000.00) 685(97648.00, 97648.00) 611 645 105 661(74071.00, 74071.00) 173 50 526 661(59462.00, 59462.00) 212 605(32145.00, 32145.00) 664 0(8071.00, 8071.00)
route 109, node_num 9, cost 1766.590000, nodes: 0(120000.00, 120000.00) 685(97648.00, 101648.00) 628 627 680 336 326 207 548 249 650(47309.00, 49494.00) 607 683 693 0(0.00, 0.00)
route 110, node_num 9, cost 1665.678000, nodes: 0(120000.00, 120000.00) 685(97648.00, 97648.00) 602 678 618 654 413 330 423 421 118 695 248 695 671 655 607 683 693 0(1023.00, 1023.00)
route 111, node_num 7, cost 1426.348000, nodes: 0(120000.00, 120000.00) 669 537 438 115 331 555 683 693 0(18118.00, 18118.00)
vehicle (route) number: 112
Total cost: 166113.91
167478.19, 18022.32
168011.66, 18005.43
167156.31, 18011.03
167718.12, 18068.26
167373.51, 18032.95
166630.53, 18010.41
166365.50, 18005.58
166113.91, 18003.17
166531.72, 18008.81
166149.21, 18001.72
