Details of the solution:
route 0, node_num 9, cost 1114.680000, nodes: 0(120000.00, 120000.00) 825 404 630 578 859 535 27 609 278 898 845 811 813 0(40380.00, 40380.00)
route 1, node_num 9, cost 1808.128000, nodes: 0(120000.00, 120000.00) 830 801 859 874 857 846 765 460 223 692 863 5 776 810 807 889 819(15598.00, 24750.00) 0(0.00, 0.00)
route 2, node_num 8, cost 1644.650000, nodes: 0(120000.00, 120000.00) 830 843 809 273 418 238 365 526 592 857 874 859 820 873 813 0(2525.00, 2525.00)
route 3, node_num 6, cost 565.488000, nodes: 0(120000.00, 120000.00) 828 761 813 726 858 836 521 628 0(79608.00, 79608.00)
route 4, node_num 8, cost 1065.540000, nodes: 0(120000.00, 120000.00) 506 409 366 740 661 161 826 895 811 813 0(43890.00, 43890.00)
route 5, node_num 9, cost 677.208000, nodes: 0(120000.00, 120000.00) 833 654 280 747 459 488 869 641 869 724 838 0(71628.00, 71628.00)
route 6, node_num 9, cost 1030.974000, nodes: 0(120000.00, 120000.00) 825 602 816 720 533 580 754 421 853 267 816 825 899 879 0(46359.00, 46359.00)
route 7, node_num 8, cost 930.496000, nodes: 0(120000.00, 120000.00) 804 858 798 872 419 544 361 9 346 891 0(53536.00, 53536.00)
route 8, node_num 8, cost 919.548000, nodes: 0(120000.00, 120000.00) 830 808 195 263 763 390 715 666 843 0(54318.00, 54318.00)
route 9, node_num 7, cost 869.764000, nodes: 0(120000.00, 120000.00) 228 734 631 210 616 843 0(57874.00, 57874.00)
route 10, node_num 8, cost 589.358000, nodes: 0(120000.00, 120000.00) 300 247 341 147 843 384 830 667 833 0(77903.00, 77903.00)
route 11, node_num 8, cost 780.766000, nodes: 0(120000.00, 120000.00) 833 658 518 721 894 227 119 130 855 833 0(64231.00, 64231.00)
route 12, node_num 8, cost 1198.568000, nodes: 0(120000.00, 120000.00) 700 237 826 105 447 332 399 820 873 813 0(34388.00, 34388.00)
route 13, node_num 8, cost 494.522000, nodes: 0(120000.00, 120000.00) 828 249 261 813 621 689 455 347 0(84677.00, 84677.00)
route 14, node_num 8, cost 1455.216000, nodes: 0(120000.00, 120000.00) 660 494 76 717 383 265 833 0(16056.00, 16056.00)
route 15, node_num 5, cost 280.420000, nodes: 0(120000.00, 120000.00) 651 57 201 0(99970.00, 99970.00)
route 16, node_num 8, cost 919.996000, nodes: 0(120000.00, 120000.00) 804 481 565 883 560 688 379 551 845 811 813 0(54286.00, 54286.00)
route 17, node_num 8, cost 854.532000, nodes: 0(120000.00, 120000.00) 301 766 25 417 44 677 873 813 0(58962.00, 58962.00)
route 18, node_num 9, cost 991.550000, nodes: 0(120000.00, 120000.00) 38 344 707 4 503 414 820 391 843 0(49175.00, 49175.00)
route 19, node_num 8, cost 1491.336000, nodes: 0(120000.00, 120000.00) 289 167 698 293 758 358 0(13476.00, 13476.00)
route 20, node_num 7, cost 1065.246000, nodes: 0(120000.00, 120000.00) 825 319 823 396 68 287 482 0(43911.00, 43911.00)
route 21, node_num 8, cost 898.268000, nodes: 0(120000.00, 120000.00) 873 541 759 328 234 755 380 820 873 813 0(55838.00, 55838.00)
route 22, node_num 8, cost 1207.668000, nodes: 0(120000.00, 120000.00) 825 103 605 307 166 376 122 860 813 0(33738.00, 33738.00)
route 23, node_num 8, cost 1180.802000, nodes: 0(120000.00, 120000.00) 833 168 889 652 497 867 199 867 370 159 819 0(35657.00, 35657.00)
route 24, node_num 8, cost 745.696000, nodes: 0(120000.00, 120000.00) 830 662 110 465 491 123 336 891 0(66736.00, 66736.00)
route 25, node_num 7, cost 1512.126000, nodes: 0(120000.00, 120000.00) 830 843 809 179 802 350 792 612 48 849 829 813 0(11991.00, 11991.00)
route 26, node_num 7, cost 1217.244000, nodes: 0(120000.00, 120000.00) 873 820 749 112 231 511 831 6 843 0(33054.00, 33054.00)
route 27, node_num 8, cost 1649.648000, nodes: 0(120000.00, 120000.00) 830 808 819 875 815 876 614 439 229 276 517 13 882 820 873 813 0(2168.00, 2168.00)
route 28, node_num 8, cost 1093.064000, nodes: 0(120000.00, 120000.00) 825 888 415 637 626 739 890 320 534 845 811 813 0(41924.00, 41924.00)
route 29, node_num 8, cost 1361.654000, nodes: 0(120000.00, 120000.00) 830 801 859 113 874 30 795 857 84 594 633 809 820 873 813 0(22739.00, 22739.00)
route 30, node_num 8, cost 1166.004000, nodes: 0(120000.00, 120000.00) 830 225 731 829 385 882 522 829 646 771 829 813 0(36714.00, 36714.00)
route 31, node_num 8, cost 1148.476000, nodes: 0(120000.00, 120000.00) 873 820 685 272 31 304 74 184 890 880 845 811 813 0(37966.00, 37966.00)
route 32, node_num 8, cost 873.838000, nodes: 0(120000.00, 120000.00) 830 257 471 56 581 787 387 0(57583.00, 57583.00)
route 33, node_num 8, cost 1019.606000, nodes: 0(120000.00, 120000.00) 830 808 819 8 505 262 298 422 748 843 0(47171.00, 47171.00)
route 34, node_num 8, cost 946.414000, nodes: 0(120000.00, 120000.00) 833 869 855 797 64 121 95 529 271 855 833 0(52399.00, 52399.00)
route 35, node_num 9, cost 1063.524000, nodes: 0(120000.00, 120000.00) 833 821 137 663 593 824 20 615 824 438 173 894 833 0(44034.00, 44034.00)
route 36, node_num 9, cost 838.978000, nodes: 0(120000.00, 120000.00) 828 140 326 821 538 648 821 869 72 711 156 827 0(60073.00, 60073.00)
route 37, node_num 8, cost 1320.410000, nodes: 0(120000.00, 120000.00) 825 537 393 772 620 250 461 871 888 811 813 0(25685.00, 25685.00)
route 38, node_num 10, cost 1720.530000, nodes: 0(120000.00, 120000.00) 825 888(92473.00, 92473.00) 709 817(69213.00, 69213.00) 553 424 309 584 854(17028.00, 19923.00) 891 0(0.00, 0.00)
route 39, node_num 8, cost 1612.758000, nodes: 0(120000.00, 120000.00) 830 801 859 874 718 433 177 608 582 710 890 880 845 811 813 0(4803.00, 4803.00)
route 40, node_num 8, cost 775.614000, nodes: 0(120000.00, 120000.00) 828 762 897 634 53 187 405 37 855 833 0(64599.00, 64599.00)
route 41, node_num 7, cost 1436.414000, nodes: 0(120000.00, 120000.00) 873 820 885 550 760 780 884 75 94 874 859 820 873 813 0(17399.00, 17399.00)
route 42, node_num 9, cost 926.352000, nodes: 0(120000.00, 120000.00) 464 858 353 893 102 413 255 895 171 473 0(53832.00, 53832.00)
route 43, node_num 8, cost 1417.290000, nodes: 0(120000.00, 120000.00) 830 801 859 874 499 185 743 337 331 729 874 859 820 873 813 0(18765.00, 18765.00)
route 44, node_num 8, cost 1308.874000, nodes: 0(120000.00, 120000.00) 830 801 859 536 386 567 69 803 170 635 820 873 813 0(26509.00, 26509.00)
route 45, node_num 8, cost 1736.602000, nodes: 0(120000.00, 120000.00) 830 801 859 874 857 145 292 613 43 244 890 843(12474.00, 16517.00) 0(0.00, 0.00)
route 46, node_num 7, cost 320.432000, nodes: 0(120000.00, 120000.00) 189 109 135 216 509 0(97112.00, 97112.00)
route 47, node_num 8, cost 1318.002000, nodes: 0(120000.00, 120000.00) 825 888 577 678 242 150 686 890 750 898 845 811 813 0(25857.00, 25857.00)
route 48, node_num 8, cost 1068.284000, nodes: 0(120000.00, 120000.00) 191 676 34 165 779 829 333 833 0(43694.00, 43694.00)
route 49, node_num 8, cost 1456.616000, nodes: 0(120000.00, 120000.00) 848 561 480 437 245 492 428 852 860 813 0(15956.00, 15956.00)
route 50, node_num 8, cost 1437.786000, nodes: 0(120000.00, 120000.00) 830 801 859 874 456 655 100 632 589 744 874 859 820 873 813 0(17301.00, 17301.00)
route 51, node_num 8, cost 703.906000, nodes: 0(120000.00, 120000.00) 306 836 154 296 93 879 241 858 124 813 0(69721.00, 69721.00)
route 52, node_num 8, cost 1297.128000, nodes: 0(120000.00, 120000.00) 498 768 141 436 220 832 454 856 879 0(27348.00, 27348.00)
route 53, node_num 8, cost 1153.516000, nodes: 0(120000.00, 120000.00) 833 821 487 896 516 392 49 400 86 819 0(37606.00, 37606.00)
route 54, node_num 8, cost 1090.236000, nodes: 0(120000.00, 120000.00) 833 869 785 251 554 495 411 722 824 855 833 0(42126.00, 42126.00)
route 55, node_num 8, cost 925.708000, nodes: 0(120000.00, 120000.00) 804 282 164 888 335 871 782 693 55 860 813 0(53878.00, 53878.00)
route 56, node_num 8, cost 1063.090000, nodes: 0(120000.00, 120000.00) 830 843 430 81 126 116 47 778 898 845 811 813 0(44065.00, 44065.00)
route 57, node_num 7, cost 1591.366000, nodes: 0(120000.00, 120000.00) 873 820 882 831 680 99 369 466 252 829 813 0(6331.00, 6331.00)
route 58, node_num 8, cost 534.996000, nodes: 0(120000.00, 120000.00) 833 342 206 314 46 324 757 891 0(81786.00, 81786.00)
route 59, node_num 10, cost 1773.044000, nodes: 0(120000.00, 120000.00) 830 843 898(87889.00, 87889.00) 857 640 842(66591.00, 66591.00) 41 784 794 704 890 843(9871.00, 16517.00) 0(0.00, 0.00)
route 60, node_num 8, cost 1469.412000, nodes: 0(120000.00, 120000.00) 830 801 859 874 756 610 665 274 736 200 890 880 845 811 813 0(15042.00, 15042.00)
route 61, node_num 7, cost 1261.806000, nodes: 0(120000.00, 120000.00) 873 820 882 394 222 442 60 573 819 0(29871.00, 29871.00)
route 62, node_num 8, cost 1331.624000, nodes: 0(120000.00, 120000.00) 618 627 230 66 478 823 523 899 879 0(24884.00, 24884.00)
route 63, node_num 9, cost 916.076000, nodes: 0(120000.00, 120000.00) 812 836 563 695 548 893 773 601 457 825 649 811 813 0(54566.00, 54566.00)
route 64, node_num 6, cost 295.792000, nodes: 0(120000.00, 120000.00) 277 315 812 484 467 0(98872.00, 98872.00)
route 65, node_num 9, cost 1931.790000, nodes: 0(120000.00, 120000.00) 829(89163.00, 91446.00) 866 844 378 162 26 29 769 841 846 884 851 808(0.00, 15702.00) 891 0(0.00, 0.00)
route 66, node_num 9, cost 641.844000, nodes: 0(120000.00, 120000.00) 12 891 475 568 82 441 295 833 221 891 0(74154.00, 74154.00)
route 67, node_num 8, cost 1399.468000, nodes: 0(120000.00, 120000.00) 873 820 882 705 598 15 774 151 214 802 809 820 873 813 0(20038.00, 20038.00)
route 68, node_num 9, cost 864.080000, nodes: 0(120000.00, 120000.00) 545 508 585 558 3 845 691 275 811 813 0(58280.00, 58280.00)
route 69, node_num 8, cost 1375.542000, nodes: 0(120000.00, 120000.00) 825 853 835 157 155 714 377 114 576 816 825 899 879 0(21747.00, 21747.00)
route 70, node_num 9, cost 811.090000, nodes: 0(120000.00, 120000.00) 812 450 854 453 131 205 625 596 117 891 0(62065.00, 62065.00)
route 71, node_num 6, cost 603.778000, nodes: 0(120000.00, 120000.00) 812 21 142 398 462 0(76873.00, 76873.00)
route 72, node_num 7, cost 1450.974000, nodes: 0(120000.00, 120000.00) 830 808 819 702 449 745 746 59 815 875 819 0(16359.00, 16359.00)
route 73, node_num 9, cost 1713.992000, nodes: 0(120000.00, 120000.00) 873 820 882 831 866 143 861 790 546 861 134 198 671 877 807(34996.00, 37424.00) 889 819 0(0.00, 0.00)
route 74, node_num 10, cost 1754.592000, nodes: 0(120000.00, 120000.00) 830 801 859 874 857 846 502 176 355 619 525 847(52065.00, 52065.00) 682 803 885(29961.00, 35289.00) 820 873 813 0(0.00, 0.00)
route 75, node_num 9, cost 698.838000, nodes: 0(120000.00, 120000.00) 833 570 719 375 697 88 63 500 0(70083.00, 70083.00)
route 76, node_num 9, cost 1802.066000, nodes: 0(120000.00, 120000.00) 830 801 859 874 520 775 330 118 427 92 850 806 808(6983.00, 15702.00) 891 0(0.00, 0.00)
route 77, node_num 8, cost 1638.336000, nodes: 0(120000.00, 120000.00) 832 513 781 440 78 322 463 892 816 825 899 879 0(2976.00, 2976.00)
route 78, node_num 8, cost 1543.626000, nodes: 0(120000.00, 120000.00) 830 808 819 867 849 574 208 552 54 325 104 849 829 813 0(9741.00, 9741.00)
route 79, node_num 9, cost 1073.968000, nodes: 0(120000.00, 120000.00) 825 604 446 816 367 50 816 406 382 77 860 813 0(43288.00, 43288.00)
route 80, node_num 8, cost 1355.396000, nodes: 0(120000.00, 120000.00) 830 801 859 874 24 764 193 362 101 248 857 874 859 820 873 813 0(23186.00, 23186.00)
route 81, node_num 8, cost 1125.978000, nodes: 0(120000.00, 120000.00) 833 340 796 443 669 819 510 323 824 855 833 0(39573.00, 39573.00)
route 82, node_num 8, cost 1332.534000, nodes: 0(120000.00, 120000.00) 830 843 887 556 96 687 120 207 363 819 0(24819.00, 24819.00)
route 83, node_num 8, cost 1651.580000, nodes: 0(120000.00, 120000.00) 830 801 859 874 803 452 181 474 543 356 519 806 874 859 820 873 813 0(2030.00, 2030.00)
route 84, node_num 9, cost 668.024000, nodes: 0(120000.00, 120000.00) 111 804 891 830 403 657 115 515 572 42 891 0(72284.00, 72284.00)
route 85, node_num 9, cost 720.174000, nodes: 0(120000.00, 120000.00) 343 858 532 218 266 65 268 360 891 0(68559.00, 68559.00)
route 86, node_num 8, cost 1498.504000, nodes: 0(120000.00, 120000.00) 830 808 819 303 89 485 264 878 408 866 530 854 891 0(12964.00, 12964.00)
route 87, node_num 7, cost 1448.972000, nodes: 0(120000.00, 120000.00) 830 801 859 874 318 260 673 803 62 874 642 859 820 873 813 0(16502.00, 16502.00)
route 88, node_num 8, cost 863.492000, nodes: 0(120000.00, 120000.00) 493 836 36 899 19 864 240 864 192 860 531 860 813 0(58322.00, 58322.00)
route 89, node_num 8, cost 1141.798000, nodes: 0(120000.00, 120000.00) 226 302 539 496 28 283 819 0(38443.00, 38443.00)
route 90, node_num 10, cost 1742.244000, nodes: 0(120000.00, 120000.00) 829(89163.00, 89163.00) 866 368 431 590 215 45 753 863 889(25057.00, 29503.00) 819 0(0.00, 0.00)
route 91, node_num 8, cost 1218.238000, nodes: 0(120000.00, 120000.00) 830 843 883 617 129 172 644 638 269 874 859 820 873 813 0(32983.00, 32983.00)
route 92, node_num 9, cost 971.964000, nodes: 0(120000.00, 120000.00) 830 843 706 696 139 2 410 887 299 679 820 873 813 0(50574.00, 50574.00)
route 93, node_num 8, cost 611.408000, nodes: 0(120000.00, 120000.00) 469 733 359 175 624 694 891 0(76328.00, 76328.00)
route 94, node_num 8, cost 1266.748000, nodes: 0(120000.00, 120000.00) 825 11 163 235 73 524 144 871 888 811 813 0(29518.00, 29518.00)
route 95, node_num 8, cost 1218.294000, nodes: 0(120000.00, 120000.00) 825 444 334 232 183 600 852 791 852 860 813 0(32979.00, 32979.00)
route 96, node_num 8, cost 1495.858000, nodes: 0(120000.00, 120000.00) 830 801 468 490 160 395 197 80 862 831 882 820 873 813 0(13153.00, 13153.00)
route 97, node_num 9, cost 776.706000, nodes: 0(120000.00, 120000.00) 828 61 587 174 897 656 70 838 270 827 512 838 0(64521.00, 64521.00)
route 98, node_num 8, cost 800.660000, nodes: 0(120000.00, 120000.00) 830 629 246 351 586 728 39 819 0(62810.00, 62810.00)
route 99, node_num 9, cost 972.034000, nodes: 0(120000.00, 120000.00) 830 843 317 313 501 504 732 71 35 820 873 813 0(50569.00, 50569.00)
route 100, node_num 8, cost 1568.140000, nodes: 0(120000.00, 120000.00) 873 820 882 16 348 752 476 725 690 843 0(7990.00, 7990.00)
route 101, node_num 8, cost 1644.076000, nodes: 0(120000.00, 120000.00) 873 820 882 831 866 233 847 149 33 847 32 870 426 555 874 859 820 873 813 0(2566.00, 2566.00)
route 102, node_num 9, cost 1886.920000, nodes: 0(120000.00, 120000.00) 829(89163.00, 120000.00) 831 818 870 128 770 291 562 209 834 851(47345.00, 47345.00) 813 0(16057.00, 16057.00)
route 103, node_num 8, cost 993.972000, nodes: 0(120000.00, 120000.00) 833 559 321 256 188 364 645 808 891 0(49002.00, 49002.00)
route 104, node_num 8, cost 1373.344000, nodes: 0(120000.00, 120000.00) 294 224 470 606 412 822 219 823 864 899 879 0(21904.00, 21904.00)
route 105, node_num 6, cost 282.478000, nodes: 0(120000.00, 120000.00) 311 738 684 286 0(99823.00, 99823.00)
route 106, node_num 8, cost 1106.980000, nodes: 0(120000.00, 120000.00) 830 843 211 58 22 730 253 146 833 0(40930.00, 40930.00)
route 107, node_num 8, cost 1242.164000, nodes: 0(120000.00, 120000.00) 830 401 514 243 793 258 372 833 0(31274.00, 31274.00)
route 108, node_num 8, cost 715.974000, nodes: 0(120000.00, 120000.00) 423 650 864 699 701 472 451 0(68859.00, 68859.00)
route 109, node_num 8, cost 596.106000, nodes: 0(120000.00, 120000.00) 828 540 212 381 897 751 897 354 297 827 0(77421.00, 77421.00)
route 110, node_num 8, cost 980.686000, nodes: 0(120000.00, 120000.00) 549 152 786 856 489 40 486 0(49951.00, 49951.00)
route 111, node_num 8, cost 1385.244000, nodes: 0(120000.00, 120000.00) 825 542 90 284 158 892 571 407 823 864 899 879 0(21054.00, 21054.00)
route 112, node_num 8, cost 1561.686000, nodes: 0(120000.00, 120000.00) 825 853 835 420 622 892 735 817 742 67 477 816 825 899 879 0(8451.00, 8451.00)
route 113, node_num 8, cost 1394.918000, nodes: 0(120000.00, 120000.00) 832 716 51 839 647 507 352 832 712 832 899 879 0(20363.00, 20363.00)
route 114, node_num 8, cost 913.710000, nodes: 0(120000.00, 120000.00) 830 17 213 416 169 203 217 843 0(54735.00, 54735.00)
route 115, node_num 7, cost 511.882000, nodes: 0(120000.00, 120000.00) 827 579 23 357 458 737 886 0(83437.00, 83437.00)
route 116, node_num 8, cost 1643.964000, nodes: 0(120000.00, 120000.00) 830 801 859 874 803 623 79 202 703 316 483 803 831 882 820 873 813 0(2574.00, 2574.00)
route 117, node_num 7, cost 1438.612000, nodes: 0(120000.00, 120000.00) 825 853 835 180 708 653 194 799 892 816 825 899 879 0(17242.00, 17242.00)
route 118, node_num 8, cost 740.432000, nodes: 0(120000.00, 120000.00) 830 808 777 603 178 196 434 808 804 741 0(67112.00, 67112.00)
route 119, node_num 8, cost 1656.284000, nodes: 0(120000.00, 120000.00) 873 820 882 831 866 132 107 186 810 877 435 308 814 106 814 882 820 873 813 0(1694.00, 1694.00)
route 120, node_num 8, cost 772.212000, nodes: 0(120000.00, 120000.00) 153 879 254 18 789 312 636 0(64842.00, 64842.00)
route 121, node_num 12, cost 1784.692000, nodes: 0(120000.00, 120000.00) 830 807 878(75834.00, 75834.00) 591 429 881(58702.00, 58702.00) 607 723 881(52474.00, 52474.00) 528 236 810 807 889 819(17272.00, 24750.00) 0(0.00, 0.00)
route 122, node_num 8, cost 1201.648000, nodes: 0(120000.00, 120000.00) 825 860 683 564 557 681 783 597 0(34168.00, 34168.00)
route 123, node_num 8, cost 1204.098000, nodes: 0(120000.00, 120000.00) 833 339 583 305 204 259 349 889 819 0(33993.00, 33993.00)
route 124, node_num 8, cost 1050.756000, nodes: 0(120000.00, 120000.00) 825 108 190 345 668 288 871 479 888 811 813 0(44946.00, 44946.00)
route 125, node_num 7, cost 1576.036000, nodes: 0(120000.00, 120000.00) 830 808 819 1 91 425 85 182 891 0(7426.00, 7426.00)
route 126, node_num 8, cost 1460.368000, nodes: 0(120000.00, 120000.00) 830 801 859 874 857 148 599 727 588 402 52 809 820 873 813 0(15688.00, 15688.00)
route 127, node_num 10, cost 1750.504000, nodes: 0(120000.00, 120000.00) 829(89163.00, 89163.00) 862 846 83 125 329 788 672 281 843 872(3672.00, 8708.00) 0(0.00, 0.00)
route 128, node_num 9, cost 409.920000, nodes: 0(120000.00, 120000.00) 833 338 674 639 133 713 310 445 0(90720.00, 90720.00)
route 129, node_num 7, cost 469.014000, nodes: 0(120000.00, 120000.00) 675 670 767 290 800 813 0(86499.00, 86499.00)
route 130, node_num 8, cost 1098.216000, nodes: 0(120000.00, 120000.00) 873 820 389 809 127 87 239 97 575 873 813 0(41556.00, 41556.00)
route 131, node_num 9, cost 1172.738000, nodes: 0(120000.00, 120000.00) 547 816 371 659 388 890 10 397 885 859 448 820 873 813 0(36233.00, 36233.00)
route 132, node_num 8, cost 1423.296000, nodes: 0(120000.00, 120000.00) 830 801 859 874 527 643 285 279 373 432 809 820 873 813 0(18336.00, 18336.00)
route 133, node_num 8, cost 689.262000, nodes: 0(120000.00, 120000.00) 664 136 595 98 374 7 0(70767.00, 70767.00)
route 134, node_num 8, cost 418.978000, nodes: 0(120000.00, 120000.00) 327 138 569 566 611 14 0(90073.00, 90073.00)
vehicle (route) number: 135
Total cost: 194738.56
196702.08, 25753.42
197240.61, 18827.25
197931.75, 20600.25
196742.52, 25753.27
196459.81, 25456.75
197149.64, 25419.80
197646.77, 14502.62
197558.95, 23076.12
195849.44, 26001.71
194738.56, 25203.38
