Details of the solution:
route 0, node_num 9, cost 1647.324000, nodes: 0(120000.00, 120000.00) 825 853 835 709 622 440 735 817 67 477 868(43401.00, 43401.00) 899 879 0(2334.00, 2334.00)
route 1, node_num 9, cost 1552.026000, nodes: 0(120000.00, 120000.00) 832 513 245 66 742 194 653 892 888(36679.00, 36679.00) 811 813 0(9141.00, 9141.00)
route 2, node_num 8, cost 1471.736000, nodes: 0(120000.00, 120000.00) 294 224 698 470 293 358 0(14876.00, 14876.00)
route 3, node_num 8, cost 1409.674000, nodes: 0(120000.00, 120000.00) 618 627 230 437 158 892 799 892 816 825 899 879 0(19309.00, 19309.00)
route 4, node_num 7, cost 1319.262000, nodes: 0(120000.00, 120000.00) 289 167 606 758 507 0(25767.00, 25767.00)
route 5, node_num 8, cost 1373.232000, nodes: 0(120000.00, 120000.00) 832 716 51 839 647 412 478 822 454 856 879 0(21912.00, 21912.00)
route 6, node_num 8, cost 1147.748000, nodes: 0(120000.00, 120000.00) 848 561 564 557 40 152 486 0(38018.00, 38018.00)
route 7, node_num 8, cost 1221.374000, nodes: 0(120000.00, 120000.00) 825 860 683 334 232 183 600 219 823 864 899 879 0(32759.00, 32759.00)
route 8, node_num 8, cost 1263.668000, nodes: 0(120000.00, 120000.00) 825 319 498 768 141 791 407 823 864 899 879 0(29738.00, 29738.00)
route 9, node_num 8, cost 1376.564000, nodes: 0(120000.00, 120000.00) 825 444 480 436 832 352 832 220 832 712 832 899 879 0(21674.00, 21674.00)
route 10, node_num 8, cost 1372.896000, nodes: 0(120000.00, 120000.00) 825 853 835 180 708 114 576 571 492 879 0(21936.00, 21936.00)
route 11, node_num 8, cost 1069.096000, nodes: 0(120000.00, 120000.00) 812 836 36 899 307 605 681 783 597 0(43636.00, 43636.00)
route 12, node_num 8, cost 1087.912000, nodes: 0(120000.00, 120000.00) 825 103 396 68 287 376 122 860 813 0(42292.00, 42292.00)
route 13, node_num 8, cost 1244.194000, nodes: 0(120000.00, 120000.00) 549 90 163 73 524 479 888 811 813 0(31129.00, 31129.00)
route 14, node_num 7, cost 1356.334000, nodes: 0(120000.00, 120000.00) 825 11 284 235 242 144 871 888 811 813 0(23119.00, 23119.00)
route 15, node_num 9, cost 1010.912000, nodes: 0(120000.00, 120000.00) 423 604 446 166 489 856 786 523 899 879 0(47792.00, 47792.00)
route 16, node_num 9, cost 1017.324000, nodes: 0(120000.00, 120000.00) 825 542 853 720 533 580 754 421 853 267 816 825 899 879 0(47334.00, 47334.00)
route 17, node_num 8, cost 643.972000, nodes: 0(120000.00, 120000.00) 142 296 93 879 241 451 741 0(74002.00, 74002.00)
route 18, node_num 8, cost 621.628000, nodes: 0(120000.00, 120000.00) 828 249 261 813 726 858 124 290 800 813 0(75598.00, 75598.00)
route 19, node_num 9, cost 799.162000, nodes: 0(120000.00, 120000.00) 343 858 879 695 548 18 240 899 789 312 0(62917.00, 62917.00)
route 20, node_num 9, cost 835.940000, nodes: 0(120000.00, 120000.00) 804 532 419 481 895 544 361 596 117 891 0(60290.00, 60290.00)
route 21, node_num 8, cost 855.260000, nodes: 0(120000.00, 120000.00) 812 450 759 328 234 558 9 873 813 0(58910.00, 58910.00)
route 22, node_num 7, cost 628.964000, nodes: 0(120000.00, 120000.00) 830 808 777 603 178 115 515 808 891 0(75074.00, 75074.00)
route 23, node_num 8, cost 689.262000, nodes: 0(120000.00, 120000.00) 664 136 595 98 374 7 0(70767.00, 70767.00)
route 24, node_num 9, cost 588.574000, nodes: 0(120000.00, 120000.00) 469 733 359 266 65 268 360 891 0(77959.00, 77959.00)
route 25, node_num 8, cost 1609.048000, nodes: 0(120000.00, 120000.00) 825 853 835 420 781 424 78 322 463 892 816 825 899 879 0(5068.00, 5068.00)
route 26, node_num 8, cost 957.138000, nodes: 0(120000.00, 120000.00) 306 836 864 650 899 547 192 860 406 860 531 860 813 0(51633.00, 51633.00)
route 27, node_num 9, cost 851.326000, nodes: 0(120000.00, 120000.00) 154 899 472 699 602 825 701 457 825 649 811 813 0(59191.00, 59191.00)
route 28, node_num 9, cost 865.998000, nodes: 0(120000.00, 120000.00) 153 563 282 893 773 601 171 473 0(58143.00, 58143.00)
route 29, node_num 8, cost 1004.094000, nodes: 0(120000.00, 120000.00) 812 21 102 413 255 845 691 275 811 813 0(48279.00, 48279.00)
route 30, node_num 8, cost 1008.980000, nodes: 0(120000.00, 120000.00) 812 879 254 899 19 335 871 367 50 482 0(47930.00, 47930.00)
route 31, node_num 8, cost 1098.916000, nodes: 0(120000.00, 120000.00) 700 659 388 74 184 750 898 845 811 813 0(41506.00, 41506.00)
route 32, node_num 8, cost 1215.242000, nodes: 0(120000.00, 120000.00) 825 353 893 883 565 626 739 890 880 782 888 55 860 813 0(33197.00, 33197.00)
route 33, node_num 9, cost 1019.438000, nodes: 0(120000.00, 120000.00) 545 237 826 190 345 668 871 382 77 860 813 0(47183.00, 47183.00)
route 34, node_num 8, cost 1032.990000, nodes: 0(120000.00, 120000.00) 506 409 366 740 661 880 288 871 888 811 813 0(46215.00, 46215.00)
route 35, node_num 8, cost 1133.188000, nodes: 0(120000.00, 120000.00) 825 164 888 371 772 620 826 320 534 845 811 813 0(39058.00, 39058.00)
route 36, node_num 8, cost 1215.172000, nodes: 0(120000.00, 120000.00) 825 888 577 678 393 150 686 890 161 826 895 811 813 0(33202.00, 33202.00)
route 37, node_num 8, cost 1404.886000, nodes: 0(120000.00, 120000.00) 493 836 864 853 835 157 155 714 377 710 890 880 845 811 813 0(19651.00, 19651.00)
route 38, node_num 8, cost 1193.346000, nodes: 0(120000.00, 120000.00) 825 888 415 113 105 62 397 885 278 898 845 811 813 0(34761.00, 34761.00)
route 39, node_num 9, cost 1095.640000, nodes: 0(120000.00, 120000.00) 830 801 859 536 386 567 535 609 448 642 859 820 873 813 0(41740.00, 41740.00)
route 40, node_num 8, cost 1226.414000, nodes: 0(120000.00, 120000.00) 830 801 859 874 527 129 172 644 638 269 874 859 820 873 813 0(32399.00, 32399.00)
route 41, node_num 8, cost 1064.728000, nodes: 0(120000.00, 120000.00) 825 108 630 578 126 47 820 391 843 0(43948.00, 43948.00)
route 42, node_num 8, cost 932.470000, nodes: 0(120000.00, 120000.00) 833 218 3 560 688 379 551 845 811 813 0(53395.00, 53395.00)
route 43, node_num 8, cost 1181.586000, nodes: 0(120000.00, 120000.00) 825 537 637 332 447 10 399 820 873 813 0(35601.00, 35601.00)
route 44, node_num 9, cost 860.650000, nodes: 0(120000.00, 120000.00) 873 541 131 205 625 755 380 820 346 891 0(58525.00, 58525.00)
route 45, node_num 9, cost 1086.876000, nodes: 0(120000.00, 120000.00) 38 344 707 4 501 116 778 898 845 811 813 0(42366.00, 42366.00)
route 46, node_num 8, cost 1093.050000, nodes: 0(120000.00, 120000.00) 873 820 685 272 31 304 885 27 693 860 813 0(41925.00, 41925.00)
route 47, node_num 6, cost 337.106000, nodes: 0(120000.00, 120000.00) 651 57 201 636 0(95921.00, 95921.00)
route 48, node_num 7, cost 284.620000, nodes: 0(120000.00, 120000.00) 311 738 684 398 462 0(99670.00, 99670.00)
route 49, node_num 7, cost 501.900000, nodes: 0(120000.00, 120000.00) 833 280 747 46 324 757 891 0(84150.00, 84150.00)
route 50, node_num 9, cost 743.022000, nodes: 0(120000.00, 120000.00) 833 654 140 174 869 72 711 270 156 827 0(66927.00, 66927.00)
route 51, node_num 8, cost 613.592000, nodes: 0(120000.00, 120000.00) 827 579 61 587 897 381 897 751 310 0(76172.00, 76172.00)
route 52, node_num 7, cost 475.664000, nodes: 0(120000.00, 120000.00) 828 762 23 357 458 14 0(86024.00, 86024.00)
route 53, node_num 5, cost 169.456000, nodes: 0(120000.00, 120000.00) 675 327 286 0(107896.00, 107896.00)
route 54, node_num 8, cost 628.376000, nodes: 0(120000.00, 120000.00) 804 891 109 475 568 175 624 694 891 0(75116.00, 75116.00)
route 55, node_num 7, cost 226.240000, nodes: 0(120000.00, 120000.00) 277 315 812 484 111 804 628 0(103840.00, 103840.00)
route 56, node_num 9, cost 718.872000, nodes: 0(120000.00, 120000.00) 833 342 206 314 897 656 70 838 354 297 827 0(68652.00, 68652.00)
route 57, node_num 6, cost 271.586000, nodes: 0(120000.00, 120000.00) 138 467 737 509 0(100601.00, 100601.00)
route 58, node_num 8, cost 599.284000, nodes: 0(120000.00, 120000.00) 804 858 798 621 813 858 836 521 858 689 455 347 0(77194.00, 77194.00)
route 59, node_num 9, cost 680.176000, nodes: 0(120000.00, 120000.00) 189 12 891 830 403 459 441 667 833 221 891 0(71416.00, 71416.00)
route 60, node_num 9, cost 461.160000, nodes: 0(120000.00, 120000.00) 833 338 674 639 133 216 713 445 0(87060.00, 87060.00)
route 61, node_num 9, cost 585.858000, nodes: 0(120000.00, 120000.00) 828 540 212 569 566 611 512 724 838 0(78153.00, 78153.00)
route 62, node_num 8, cost 683.396000, nodes: 0(120000.00, 120000.00) 828 761 813 670 767 872 135 123 336 891 0(71186.00, 71186.00)
route 63, node_num 8, cost 734.552000, nodes: 0(120000.00, 120000.00) 833 326 821 634 855 538 648 821 641 869 295 833 0(67532.00, 67532.00)
route 64, node_num 8, cost 627.564000, nodes: 0(120000.00, 120000.00) 300 247 341 82 147 843 384 843 0(75174.00, 75174.00)
route 65, node_num 9, cost 819.966000, nodes: 0(120000.00, 120000.00) 830 808 657 808 375 88 53 227 187 37 855 833 0(61431.00, 61431.00)
route 66, node_num 9, cost 1117.228000, nodes: 0(120000.00, 120000.00) 833 821 487 204 583 554 495 411 722 824 855 833 0(40198.00, 40198.00)
route 67, node_num 8, cost 666.946000, nodes: 0(120000.00, 120000.00) 833 570 719 697 196 491 572 808 891 0(72361.00, 72361.00)
route 68, node_num 8, cost 999.054000, nodes: 0(120000.00, 120000.00) 833 869 855 797 64 721 121 405 271 855 833 0(48639.00, 48639.00)
route 69, node_num 7, cost 1326.164000, nodes: 0(120000.00, 120000.00) 830 808 819 702 745 746 400 383 819 0(25274.00, 25274.00)
route 70, node_num 8, cost 1009.974000, nodes: 0(120000.00, 120000.00) 226 302 539 349 259 159 819 0(47859.00, 47859.00)
route 71, node_num 8, cost 993.972000, nodes: 0(120000.00, 120000.00) 833 559 321 256 188 364 645 808 891 0(49002.00, 49002.00)
route 72, node_num 8, cost 866.950000, nodes: 0(120000.00, 120000.00) 833 821 137 663 593 824 510 529 488 0(58075.00, 58075.00)
route 73, node_num 8, cost 1120.630000, nodes: 0(120000.00, 120000.00) 833 168 889 652 497 669 819 63 500 0(39955.00, 39955.00)
route 74, node_num 8, cost 849.534000, nodes: 0(120000.00, 120000.00) 830 629 246 351 443 728 39 819 0(59319.00, 59319.00)
route 75, node_num 8, cost 1019.606000, nodes: 0(120000.00, 120000.00) 830 808 819 8 505 262 298 422 748 843 0(47171.00, 47171.00)
route 76, node_num 9, cost 1027.292000, nodes: 0(120000.00, 120000.00) 833 658 518 95 20 615 824 438 173 894 833 0(46622.00, 46622.00)
route 77, node_num 7, cost 1108.506000, nodes: 0(120000.00, 120000.00) 830 516 392 49 867 199 867 370 819 0(40821.00, 40821.00)
route 78, node_num 8, cost 1318.086000, nodes: 0(120000.00, 120000.00) 464 574 208 552 59 815 875 217 843 0(25851.00, 25851.00)
route 79, node_num 8, cost 894.544000, nodes: 0(120000.00, 120000.00) 833 340 796 586 434 119 130 855 833 0(56104.00, 56104.00)
route 80, node_num 8, cost 1203.370000, nodes: 0(120000.00, 120000.00) 833 869 785 251 339 305 323 283 819 0(34045.00, 34045.00)
route 81, node_num 7, cost 1267.028000, nodes: 0(120000.00, 120000.00) 494 264 76 496 28 872 0(29498.00, 29498.00)
route 82, node_num 9, cost 752.878000, nodes: 0(120000.00, 120000.00) 301 766 25 616 677 715 666 843 0(66223.00, 66223.00)
route 83, node_num 8, cost 970.970000, nodes: 0(120000.00, 120000.00) 830 662 110 465 390 646 771 829 813 0(50645.00, 50645.00)
route 84, node_num 8, cost 937.440000, nodes: 0(120000.00, 120000.00) 830 843 706 696 139 2 210 843 42 891 0(53040.00, 53040.00)
route 85, node_num 8, cost 931.462000, nodes: 0(120000.00, 120000.00) 830 453 508 585 44 820 417 387 0(53467.00, 53467.00)
route 86, node_num 9, cost 976.542000, nodes: 0(120000.00, 120000.00) 830 257 471 56 581 263 253 146 833 0(50247.00, 50247.00)
route 87, node_num 7, cost 880.740000, nodes: 0(120000.00, 120000.00) 830 17 213 416 169 203 808 891 0(57090.00, 57090.00)
route 88, node_num 8, cost 1152.928000, nodes: 0(120000.00, 120000.00) 830 843 211 58 22 730 207 363 819 0(37648.00, 37648.00)
route 89, node_num 7, cost 1125.250000, nodes: 0(120000.00, 120000.00) 830 763 225 829 793 60 573 819 0(39625.00, 39625.00)
route 90, node_num 8, cost 1172.094000, nodes: 0(120000.00, 120000.00) 830 731 829 401 514 243 372 530 854 891 0(36279.00, 36279.00)
route 91, node_num 8, cost 1068.284000, nodes: 0(120000.00, 120000.00) 191 676 34 165 779 829 333 833 0(43694.00, 43694.00)
route 92, node_num 8, cost 1269.912000, nodes: 0(120000.00, 120000.00) 830 843 430 273 803 69 337 331 52 809 820 873 813 0(29292.00, 29292.00)
route 93, node_num 8, cost 958.468000, nodes: 0(120000.00, 120000.00) 228 317 313 504 732 71 820 873 813 0(51538.00, 51538.00)
route 94, node_num 9, cost 985.152000, nodes: 0(120000.00, 120000.00) 830 808 195 734 631 6 299 410 679 820 873 813 0(49632.00, 49632.00)
route 95, node_num 8, cost 1292.424000, nodes: 0(120000.00, 120000.00) 825 404 112 231 511 279 252 829 813 0(27684.00, 27684.00)
route 96, node_num 12, cost 1628.130000, nodes: 0(120000.00, 120000.00) 829(89163.00, 89163.00) 831 202 149 846 884(52855.00, 52855.00) 673 803(48252.00, 48252.00) 831 522 829(34496.00, 34496.00) 787 843 891(10746.00, 10746.00) 0(3705.00, 3705.00)
route 97, node_num 8, cost 1135.246000, nodes: 0(120000.00, 120000.00) 873 820 81 127 87 239 97 831 633 809 820 873 813 0(38911.00, 38911.00)
route 98, node_num 8, cost 1042.006000, nodes: 0(120000.00, 120000.00) 873 820 882 394 882 385 882 35 503 414 575 873 813 0(45571.00, 45571.00)
route 99, node_num 7, cost 1532.146000, nodes: 0(120000.00, 120000.00) 873 820 882 705 132 186 369 466 803 831 882 820 873 813 0(10561.00, 10561.00)
route 100, node_num 8, cost 1868.440000, nodes: 0(120000.00, 120000.00) 830 801 859 874 857 846 870 378 162 26 769 841 672 846 889 819(11290.00, 24750.00) 0(0.00, 0.00)
route 101, node_num 8, cost 1564.612000, nodes: 0(120000.00, 120000.00) 873 820 389 802 107 725 134 198 690 843 0(8242.00, 8242.00)
route 102, node_num 8, cost 1537.046000, nodes: 0(120000.00, 120000.00) 830 843 809 179 598 425 85 877 325 104 849 829 813 0(10211.00, 10211.00)
route 103, node_num 8, cost 1302.448000, nodes: 0(120000.00, 120000.00) 830 843 887 556 16 442 802 222 258 86 819 0(26968.00, 26968.00)
route 104, node_num 10, cost 1672.342000, nodes: 0(120000.00, 120000.00) 829(89163.00, 89163.00) 831 680 790 546 818(52410.00, 52410.00) 426 555 829 808(16249.00, 16249.00) 891 0(547.00, 547.00)
route 105, node_num 10, cost 1742.244000, nodes: 0(120000.00, 120000.00) 829(89163.00, 89163.00) 866 368 431 590 215 45 753 863 889(25057.00, 29503.00) 819 0(0.00, 0.00)
route 106, node_num 10, cost 1748.698000, nodes: 0(120000.00, 120000.00) 829(89163.00, 89163.00) 862 846 83 125 329 788 29 33 818 819(19843.00, 24750.00) 0(0.00, 0.00)
route 107, node_num 8, cost 1649.648000, nodes: 0(120000.00, 120000.00) 830 808 819 875 815 876 614 439 229 276 517 13 882 820 873 813 0(2168.00, 2168.00)
route 108, node_num 8, cost 1536.766000, nodes: 0(120000.00, 120000.00) 830 801 859 874 803 160 643 285 395 197 80 862 831 882 820 873 813 0(10231.00, 10231.00)
route 109, node_num 8, cost 1470.840000, nodes: 0(120000.00, 120000.00) 873 820 882 831 348 752 476 15 373 432 809 820 873 813 0(14940.00, 14940.00)
route 110, node_num 7, cost 1466.010000, nodes: 0(120000.00, 120000.00) 830 808 819 1 814 350 792 612 48 849 829 813 0(15285.00, 15285.00)
route 111, node_num 8, cost 1376.186000, nodes: 0(120000.00, 120000.00) 873 820 882 831 96 687 120 151 774 214 802 809 820 873 813 0(21701.00, 21701.00)
route 112, node_num 10, cost 1756.174000, nodes: 0(120000.00, 120000.00) 829(89163.00, 89163.00) 831 818 99 818 429 223 692 863 408 776 810 807 889 819(19309.00, 24750.00) 0(0.00, 0.00)
route 113, node_num 10, cost 1666.238000, nodes: 0(120000.00, 120000.00) 830 843(103499.00, 120000.00) 875 449 143 607 528 182 671 877 807(54908.00, 54908.00) 889 819 0(17484.00, 17484.00)
route 114, node_num 9, cost 1802.766000, nodes: 0(120000.00, 120000.00) 830 801 859 874 857 591 765 460 881 723 881 5 236 810 807 889 819(15981.00, 24750.00) 0(0.00, 0.00)
route 115, node_num 8, cost 1307.866000, nodes: 0(120000.00, 120000.00) 660 303 89 485 106 265 833 0(26581.00, 26581.00)
route 116, node_num 8, cost 1528.142000, nodes: 0(120000.00, 120000.00) 873 820 749 831 91 814 54 435 308 878 717 807 889 819 0(10847.00, 10847.00)
route 117, node_num 8, cost 1381.870000, nodes: 0(120000.00, 120000.00) 830 801 859 874 318 550 520 170 75 94 874 859 820 873 813 0(21295.00, 21295.00)
route 118, node_num 8, cost 1419.726000, nodes: 0(120000.00, 120000.00) 830 801 859 874 185 260 84 743 594 729 874 859 820 873 813 0(18591.00, 18591.00)
route 119, node_num 8, cost 1455.384000, nodes: 0(120000.00, 120000.00) 830 801 859 874 857 640 655 193 362 101 248 857 874 859 820 873 813 0(16044.00, 16044.00)
route 120, node_num 9, cost 1675.618000, nodes: 0(120000.00, 120000.00) 830 851(88767.00, 104767.00) 599 727 330 43 837 250 890 843(32830.00, 32830.00) 0(16313.00, 16313.00)
route 121, node_num 10, cost 1711.122000, nodes: 0(120000.00, 120000.00) 830 801 859 874 499 233 32 870(63699.00, 63699.00) 281 356 519 884 851 808(13479.00, 15702.00) 891 0(0.00, 0.00)
route 122, node_num 8, cost 1416.884000, nodes: 0(120000.00, 120000.00) 830 801 468 490 756 274 736 461 871 888 811 813 0(18794.00, 18794.00)
route 123, node_num 8, cost 1605.310000, nodes: 0(120000.00, 120000.00) 830 801 859 874 610 433 177 608 244 704 890 880 845 811 813 0(5335.00, 5335.00)
route 124, node_num 10, cost 1754.592000, nodes: 0(120000.00, 120000.00) 830 801 859 874 857 846 502 176 355 619 525 847(52065.00, 52065.00) 682 803 885(29961.00, 35289.00) 820 873 813 0(0.00, 0.00)
route 125, node_num 8, cost 1604.302000, nodes: 0(120000.00, 120000.00) 830 801 859 874 30 857 148 100 632 427 584 852 860 813 0(5407.00, 5407.00)
route 126, node_num 9, cost 1793.764000, nodes: 0(120000.00, 120000.00) 830 801 859 874 806 41 292 613 784 92 118 850 806 808(7576.00, 15702.00) 891 0(0.00, 0.00)
route 127, node_num 8, cost 1616.972000, nodes: 0(120000.00, 120000.00) 830 801 859 874 456 884 775 238 365 402 483 803 831 882 820 873 813 0(4502.00, 4502.00)
route 128, node_num 8, cost 1566.264000, nodes: 0(120000.00, 120000.00) 830 801 859 874 803 623 760 780 703 316 805 588 834 806 874 859 820 873 813 0(8124.00, 8124.00)
route 129, node_num 9, cost 1886.920000, nodes: 0(120000.00, 120000.00) 829(89163.00, 120000.00) 831 818 870 128 770 291 562 209 834 851(47345.00, 47345.00) 813 0(16057.00, 16057.00)
route 130, node_num 9, cost 1658.594000, nodes: 0(120000.00, 120000.00) 830 801 859 874 79 181 452 589 665 200 890 843(18046.00, 18046.00) 0(1529.00, 1529.00)
route 131, node_num 8, cost 1636.404000, nodes: 0(120000.00, 120000.00) 830 801 859 874 857 145 418 543 474 526 592 857 874 859 820 873 813 0(3114.00, 3114.00)
route 132, node_num 8, cost 1605.492000, nodes: 0(120000.00, 120000.00) 830 801 859 874 718 553 794 309 582 428 852 860 813 0(5322.00, 5322.00)
route 133, node_num 8, cost 1343.888000, nodes: 0(120000.00, 120000.00) 830 843 883 617 795 857 24 764 744 635 820 873 813 0(24008.00, 24008.00)
vehicle (route) number: 134
Total cost: 192848.13
195697.32, 25202.22
195325.36, 25230.13
194971.72, 25230.13
194910.91, 25204.49
193315.36, 25205.73
193751.08, 25211.98
193573.77, 25227.86
193730.10, 25201.49
192848.13, 25205.34
193318.45, 22577.05
