Details of the solution:
route 0, node_num 7, cost 1518.006000, nodes: 0(120000.00, 120000.00) 823 803 348 132 186 369 107 0(11571.00, 11571.00)
route 1, node_num 7, cost 1526.980000, nodes: 0(120000.00, 120000.00) 823 788 91 483 800 521 0(10930.00, 10930.00)
route 2, node_num 8, cost 1673.756000, nodes: 0(120000.00, 120000.00) 823 198 720 143 236 134 425 813 803 0(446.00, 446.00)
route 3, node_num 7, cost 1648.794000, nodes: 0(120000.00, 120000.00) 823 546 13 816 5 504 182 0(2229.00, 2229.00)
route 4, node_num 8, cost 1669.164000, nodes: 0(120000.00, 120000.00) 823 511 408 476 526 466 803(9889.00, 9889.00) 0(774.00, 774.00)
route 5, node_num 8, cost 1486.786000, nodes: 0(120000.00, 120000.00) 126 635 85 435 54 896 385 882 0(13801.00, 13801.00)
route 6, node_num 8, cost 1491.434000, nodes: 0(120000.00, 120000.00) 823 803 585 735 507 637 575 59 0(13469.00, 13469.00)
route 7, node_num 9, cost 1613.640000, nodes: 0(120000.00, 120000.00) 824(78004.00, 120000.00) 669 350 439 794 325 813(95632.00, 95632.00) 803 0(46736.00, 46736.00)
route 8, node_num 7, cost 1300.936000, nodes: 0(120000.00, 120000.00) 823 432 252 729 112 34 803 0(27076.00, 27076.00)
route 9, node_num 8, cost 1273.454000, nodes: 0(120000.00, 120000.00) 823 131 222 120 96 191 165 803 0(29039.00, 29039.00)
route 10, node_num 7, cost 1428.098000, nodes: 0(120000.00, 120000.00) 823 44 681 704 151 802 488 890 0(17993.00, 17993.00)
route 11, node_num 7, cost 1383.452000, nodes: 0(120000.00, 120000.00) 823 492 16 214 179 401 0(21182.00, 21182.00)
route 12, node_num 7, cost 1470.994000, nodes: 0(120000.00, 120000.00) 823 803 442 648 802 15 751 607 868 0(14929.00, 14929.00)
route 13, node_num 8, cost 1271.060000, nodes: 0(120000.00, 120000.00) 823 171 303 1 106 211 770 0(29210.00, 29210.00)
route 14, node_num 7, cost 1470.672000, nodes: 0(120000.00, 120000.00) 824 619 696 208 747 48 845 0(14952.00, 14952.00)
route 15, node_num 10, cost 1642.396000, nodes: 0(120000.00, 120000.00) 823 884(82363.00, 82363.00) 799 719 622 76 741 28 884(41575.00, 41575.00) 803 0(2686.00, 2686.00)
route 16, node_num 8, cost 1615.768000, nodes: 0(120000.00, 120000.00) 857 779 89 308 264 771 530 0(4588.00, 4588.00)
route 17, node_num 8, cost 1500.940000, nodes: 0(120000.00, 120000.00) 824 449 746 104 243 666 265 0(12790.00, 12790.00)
route 18, node_num 7, cost 1516.494000, nodes: 0(120000.00, 120000.00) 824 691 517 49 392 697 0(11679.00, 11679.00)
route 19, node_num 8, cost 1290.282000, nodes: 0(120000.00, 120000.00) 533 220 554 722 785 608 0(27837.00, 27837.00)
route 20, node_num 7, cost 1108.688000, nodes: 0(120000.00, 120000.00) 826 604 569 103 287 122 0(40808.00, 40808.00)
route 21, node_num 10, cost 1550.836000, nodes: 0(120000.00, 120000.00) 823(116496.00, 116496.00) 68 232 334 444 748 668 850 803(18341.00, 18341.00) 0(9226.00, 9226.00)
route 22, node_num 6, cost 1379.588000, nodes: 0(120000.00, 120000.00) 821 245 615 629 180 823 0(21458.00, 21458.00)
route 23, node_num 8, cost 1505.672000, nodes: 0(120000.00, 120000.00) 289 293 167 609 484 307 0(12452.00, 12452.00)
route 24, node_num 8, cost 1380.904000, nodes: 0(120000.00, 120000.00) 672 843 235 163 11 486 192 0(21364.00, 21364.00)
route 25, node_num 8, cost 1574.846000, nodes: 0(120000.00, 120000.00) 294 482 620 358 412 219 0(7511.00, 7511.00)
route 26, node_num 9, cost 1407.574000, nodes: 0(120000.00, 120000.00) 821(81946.00, 85946.00) 478 407 319 632 493 803(32574.00, 32574.00) 0(23459.00, 23459.00)
route 27, node_num 8, cost 1084.034000, nodes: 0(120000.00, 120000.00) 539 183 836 617 836 508 371 77 823 0(42569.00, 42569.00)
route 28, node_num 10, cost 1403.318000, nodes: 0(120000.00, 120000.00) 821(81946.00, 81946.00) 593 706 680 900(73684.00, 120000.00) 428 66 823(70593.00, 70593.00) 0(66079.00, 66079.00)
route 29, node_num 8, cost 1587.110000, nodes: 0(120000.00, 120000.00) 821 230 437 683 477 194 878 836 803(15750.00, 15750.00) 0(6635.00, 6635.00)
route 30, node_num 7, cost 1238.874000, nodes: 0(120000.00, 120000.00) 826 841 454 481 592 550 152 861 0(31509.00, 31509.00)
route 31, node_num 7, cost 1613.318000, nodes: 0(120000.00, 120000.00) 797 470 584 829 572 436 0(4763.00, 4763.00)
route 32, node_num 6, cost 1253.812000, nodes: 0(120000.00, 120000.00) 651 352 726 649 0(30442.00, 30442.00)
route 33, node_num 8, cost 1304.086000, nodes: 0(120000.00, 120000.00) 166 40 777 396 376 631 0(26851.00, 26851.00)
route 34, node_num 8, cost 1591.842000, nodes: 0(120000.00, 120000.00) 821(81946.00, 101946.00) 485 700 750 51 224 0(26297.00, 26297.00)
route 35, node_num 8, cost 1332.114000, nodes: 0(120000.00, 120000.00) 821 141 158 489 518 889 580 50 861 0(24849.00, 24849.00)
route 36, node_num 7, cost 1202.936000, nodes: 0(120000.00, 120000.00) 826 446 90 421 645 889 687 864 0(34076.00, 34076.00)
route 37, node_num 8, cost 1135.484000, nodes: 0(120000.00, 120000.00) 857 119 576 438 121 20 95 818 0(38894.00, 38894.00)
route 38, node_num 7, cost 1005.942000, nodes: 0(120000.00, 120000.00) 823 769 17 169 203 577 0(48147.00, 48147.00)
route 39, node_num 8, cost 915.040000, nodes: 0(120000.00, 120000.00) 823 123 246 351 505 781 434 874 0(54640.00, 54640.00)
route 40, node_num 7, cost 967.498000, nodes: 0(120000.00, 120000.00) 857 762 340 63 479 590 0(50893.00, 50893.00)
route 41, node_num 8, cost 1079.792000, nodes: 0(120000.00, 120000.00) 133 653 168 500 271 53 880 0(42872.00, 42872.00)
route 42, node_num 9, cost 1243.466000, nodes: 0(120000.00, 120000.00) 7 715 259 780 283 693 853 898(49024.00, 49024.00) 0(31181.00, 31181.00)
route 43, node_num 8, cost 1173.648000, nodes: 0(120000.00, 120000.00) 823 465 664 537 630 611 159 823 0(36168.00, 36168.00)
route 44, node_num 8, cost 1395.030000, nodes: 0(120000.00, 120000.00) 135 793 199 549 226 661 809 0(20355.00, 20355.00)
route 45, node_num 8, cost 1460.886000, nodes: 0(120000.00, 120000.00) 823 591 596 349 302 506 256 897 0(15651.00, 15651.00)
route 46, node_num 8, cost 1756.146000, nodes: 0(120000.00, 120000.00) 204 305 795 251 227 898(12404.00, 17843.00) 0(0.00, 0.00)
route 47, node_num 7, cost 1449.224000, nodes: 0(120000.00, 120000.00) 411 137 339 323 405 0(16484.00, 16484.00)
route 48, node_num 7, cost 1306.620000, nodes: 0(120000.00, 120000.00) 823 146 321 383 60 111 0(26670.00, 26670.00)
route 49, node_num 8, cost 1224.314000, nodes: 0(120000.00, 120000.00) 823 175 8 443 39 650 207 0(32549.00, 32549.00)
route 50, node_num 7, cost 1246.364000, nodes: 0(120000.00, 120000.00) 823 213 725 606 225 263 873 0(30974.00, 30974.00)
route 51, node_num 8, cost 1118.250000, nodes: 0(120000.00, 120000.00) 823 178 86 790 22 416 253 0(40125.00, 40125.00)
route 52, node_num 8, cost 1228.080000, nodes: 0(120000.00, 120000.00) 823 147 400 676 665 639 884 363 884 803 0(32280.00, 32280.00)
route 53, node_num 8, cost 1233.974000, nodes: 0(120000.00, 120000.00) 823 422 627 298 262 600 714 0(31859.00, 31859.00)
route 54, node_num 8, cost 1450.806000, nodes: 0(120000.00, 120000.00) 823 803 565 732 188 364 370 638 897 0(16371.00, 16371.00)
route 55, node_num 8, cost 1502.410000, nodes: 0(120000.00, 120000.00) 823 480 101 560 402 365 148 819 803 0(12685.00, 12685.00)
route 56, node_num 8, cost 1692.446000, nodes: 0(120000.00, 120000.00) 828 534 238 145 292 41 823(3625.00, 4514.00) 0(0.00, 0.00)
route 57, node_num 11, cost 1859.746000, nodes: 0(120000.00, 120000.00) 828(89498.00, 93498.00) 316 852(67666.00, 67666.00) 755 162 128 709 378 851 803(276.00, 9115.00) 0(0.00, 0.00)
route 58, node_num 8, cost 1742.972000, nodes: 0(120000.00, 120000.00) 823 356 418 329 851 181 315 842(35608.00, 40106.00) 0(0.00, 0.00)
route 59, node_num 10, cost 1691.676000, nodes: 0(120000.00, 120000.00) 823 877(100490.00, 100490.00) 160 149 33 29 701 176 856(22544.00, 23378.00) 0(0.00, 0.00)
route 60, node_num 9, cost 1709.120000, nodes: 0(120000.00, 120000.00) 823 877(100490.00, 100490.00) 694 99 710 233 32 811(43912.00, 45992.00) 803 0(0.00, 0.00)
route 61, node_num 10, cost 1697.570000, nodes: 0(120000.00, 120000.00) 823(116496.00, 116496.00) 564 744 452 474 281 656 852 811(44737.00, 45992.00) 803 0(0.00, 0.00)
route 62, node_num 8, cost 1680.952000, nodes: 0(120000.00, 120000.00) 757 555 686 79 730 847(48746.00, 48814.00) 803 0(0.00, 0.00)
route 63, node_num 7, cost 1579.326000, nodes: 0(120000.00, 120000.00) 823 395 610 426 197 667 811 803 0(7191.00, 7191.00)
route 64, node_num 9, cost 1794.982000, nodes: 0(120000.00, 120000.00) 828(89498.00, 120000.00) 100 601 512 613 209 847(71103.00, 71103.00) 803 0(22289.00, 22289.00)
route 65, node_num 9, cost 1859.522000, nodes: 0(120000.00, 120000.00) 823 803 355 26 291 684 125 83 828(19798.00, 32621.00) 803 0(0.00, 0.00)
route 66, node_num 7, cost 1474.172000, nodes: 0(120000.00, 120000.00) 823 84 318 185 527 491 0(14702.00, 14702.00)
route 67, node_num 8, cost 1811.992000, nodes: 0(120000.00, 120000.00) 823 791 223 429 743 503 877(10211.00, 19639.00) 803 0(0.00, 0.00)
route 68, node_num 10, cost 1846.838000, nodes: 0(120000.00, 120000.00) 823(116496.00, 120000.00) 368 431 45 215 460 652 811(37579.00, 45992.00) 803 0(0.00, 0.00)
route 69, node_num 7, cost 1397.312000, nodes: 0(120000.00, 120000.00) 823 231 834 331 337 525 695 896 0(20192.00, 20192.00)
route 70, node_num 8, cost 1428.490000, nodes: 0(120000.00, 120000.00) 823 587 768 616 717 170 456 842 0(17965.00, 17965.00)
route 71, node_num 9, cost 1587.950000, nodes: 0(120000.00, 120000.00) 828(89498.00, 109498.00) 193 819 625 202 260 761 877(46214.00, 46214.00) 803 0(26575.00, 26575.00)
route 72, node_num 8, cost 1258.992000, nodes: 0(120000.00, 120000.00) 823 87 69 623 586 129 113 0(30072.00, 30072.00)
route 73, node_num 8, cost 1175.692000, nodes: 0(120000.00, 120000.00) 823 52 386 690 699 172 75 0(36022.00, 36022.00)
route 74, node_num 8, cost 887.110000, nodes: 0(120000.00, 120000.00) 823 558 25 471 685 257 390 803 0(56635.00, 56635.00)
route 75, node_num 8, cost 804.566000, nodes: 0(120000.00, 120000.00) 823 621 195 387 490 573 98 0(62531.00, 62531.00)
route 76, node_num 8, cost 902.958000, nodes: 0(120000.00, 120000.00) 823 333 210 642 110 115 42 823 0(55503.00, 55503.00)
route 77, node_num 7, cost 1023.666000, nodes: 0(120000.00, 120000.00) 823 56 258 372 58 464 0(46881.00, 46881.00)
route 78, node_num 7, cost 846.944000, nodes: 0(120000.00, 120000.00) 823 453 581 563 628 724 803 0(59504.00, 59504.00)
route 79, node_num 8, cost 1005.018000, nodes: 0(120000.00, 120000.00) 823 228 6 81 548 414 71 823 0(48213.00, 48213.00)
route 80, node_num 8, cost 1031.506000, nodes: 0(120000.00, 120000.00) 543 239 389 831 127 660 205 856 0(46321.00, 46321.00)
route 81, node_num 8, cost 978.530000, nodes: 0(120000.00, 120000.00) 823 328 708 4 734 641 663 0(50105.00, 50105.00)
route 82, node_num 8, cost 1130.150000, nodes: 0(120000.00, 120000.00) 823 139 767 394 528 552 721 873 0(39275.00, 39275.00)
route 83, node_num 7, cost 888.426000, nodes: 0(120000.00, 120000.00) 823 646 430 759 540 35 0(56541.00, 56541.00)
route 84, node_num 7, cost 1103.830000, nodes: 0(120000.00, 120000.00) 823 817 536 689 711 399 647 815 0(41155.00, 41155.00)
route 85, node_num 8, cost 912.800000, nodes: 0(120000.00, 120000.00) 823 266 745 136 313 410 346 803 0(54800.00, 54800.00)
route 86, node_num 7, cost 847.966000, nodes: 0(120000.00, 120000.00) 823 38 391 636 417 599 803 0(59431.00, 59431.00)
route 87, node_num 7, cost 1070.034000, nodes: 0(120000.00, 120000.00) 823 739 522 882 579 516 97 0(43569.00, 43569.00)
route 88, node_num 7, cost 1420.888000, nodes: 0(120000.00, 120000.00) 566 80 285 373 279 844 803 0(18508.00, 18508.00)
route 89, node_num 8, cost 1237.978000, nodes: 0(120000.00, 120000.00) 823 102 633 567 273 718 269 812 0(31573.00, 31573.00)
route 90, node_num 8, cost 1017.156000, nodes: 0(120000.00, 120000.00) 823 692 27 272 397 448 278 815 0(47346.00, 47346.00)
route 91, node_num 8, cost 1011.444000, nodes: 0(120000.00, 120000.00) 823 614 845 2 618 299 538 317 876 0(47754.00, 47754.00)
route 92, node_num 6, cost 617.512000, nodes: 0(120000.00, 120000.00) 296 142 347 455 0(75892.00, 75892.00)
route 93, node_num 7, cost 510.930000, nodes: 0(120000.00, 120000.00) 765 502 247 469 336 0(83505.00, 83505.00)
route 94, node_num 7, cost 639.576000, nodes: 0(120000.00, 120000.00) 823 326 46 295 314 216 0(74316.00, 74316.00)
route 95, node_num 9, cost 570.178000, nodes: 0(120000.00, 120000.00) 671 357 23 784 467 14 138 0(79273.00, 79273.00)
route 96, node_num 7, cost 775.642000, nodes: 0(120000.00, 120000.00) 895 703 557 187 130 707 0(64597.00, 64597.00)
route 97, node_num 8, cost 636.762000, nodes: 0(120000.00, 120000.00) 24 612 270 297 354 381 0(74517.00, 74517.00)
route 98, node_num 8, cost 553.378000, nodes: 0(120000.00, 120000.00) 760 544 514 459 758 324 0(80473.00, 80473.00)
route 99, node_num 7, cost 314.972000, nodes: 0(120000.00, 120000.00) 716 338 445 556 857 277 0(97502.00, 97502.00)
route 100, node_num 6, cost 583.716000, nodes: 0(120000.00, 120000.00) 659 441 82 117 823 0(78306.00, 78306.00)
route 101, node_num 7, cost 657.902000, nodes: 0(120000.00, 120000.00) 823 341 403 384 602 895 342 0(73007.00, 73007.00)
route 102, node_num 6, cost 295.050000, nodes: 0(120000.00, 120000.00) 583 398 311 201 0(98925.00, 98925.00)
route 103, node_num 7, cost 841.918000, nodes: 0(120000.00, 120000.00) 823 217 196 874 88 375 37 857 0(59863.00, 59863.00)
route 104, node_num 6, cost 235.032000, nodes: 0(120000.00, 120000.00) 731 603 327 286 0(103212.00, 103212.00)
route 105, node_num 7, cost 575.134000, nodes: 0(120000.00, 120000.00) 823 532 640 789 109 462 0(78919.00, 78919.00)
route 106, node_num 8, cost 810.502000, nodes: 0(120000.00, 120000.00) 857 174 796 880 156 72 880 670 61 803 0(62107.00, 62107.00)
route 107, node_num 7, cost 472.836000, nodes: 0(120000.00, 120000.00) 57 568 498 189 12 0(86226.00, 86226.00)
route 108, node_num 8, cost 755.944000, nodes: 0(120000.00, 120000.00) 857 778 675 280 221 70 634 0(66004.00, 66004.00)
route 109, node_num 8, cost 1025.304000, nodes: 0(120000.00, 120000.00) 857 64 173 206 140 458 212 0(46764.00, 46764.00)
route 110, node_num 7, cost 528.654000, nodes: 0(120000.00, 120000.00) 823 268 582 561 310 501 0(82239.00, 82239.00)
route 111, node_num 7, cost 1658.566000, nodes: 0(120000.00, 120000.00) 823 362 427 43 118 854 248 842 0(1531.00, 1531.00)
route 112, node_num 8, cost 1262.730000, nodes: 0(120000.00, 120000.00) 826 875 55 754 304 74 184 487 815 0(29805.00, 29805.00)
route 113, node_num 8, cost 1232.112000, nodes: 0(120000.00, 120000.00) 823 657 62 738 842 94 688 812 47 876 0(31992.00, 31992.00)
route 114, node_num 9, cost 1515.010000, nodes: 0(120000.00, 120000.00) 756 67 78 570 698 463 839 803(20900.00, 20900.00) 0(11785.00, 11785.00)
route 115, node_num 7, cost 1334.984000, nodes: 0(120000.00, 120000.00) 823 571 662 250 242 157 0(24644.00, 24644.00)
route 116, node_num 9, cost 1647.982000, nodes: 0(120000.00, 120000.00) 826 841 284 753 523 677 114 589 881(39153.00, 39153.00) 803 0(2287.00, 2287.00)
route 117, node_num 9, cost 1564.682000, nodes: 0(120000.00, 120000.00) 823 475 803 594 177 433 529 679 828 803(17352.00, 17352.00) 0(8237.00, 8237.00)
route 118, node_num 7, cost 1198.736000, nodes: 0(120000.00, 120000.00) 822 393 515 822 150 773 712 822 803 0(34376.00, 34376.00)
route 119, node_num 8, cost 1427.776000, nodes: 0(120000.00, 120000.00) 823 595 828 461 519 200 274 752 828 803 0(18016.00, 18016.00)
route 120, node_num 8, cost 1088.948000, nodes: 0(120000.00, 120000.00) 823 31 626 468 447 10 105 0(42218.00, 42218.00)
route 121, node_num 9, cost 1690.696000, nodes: 0(120000.00, 120000.00) 822(83916.00, 83916.00) 513 92 330 742 835 624 828(31857.00, 32621.00) 803 0(0.00, 0.00)
route 122, node_num 7, cost 1290.086000, nodes: 0(120000.00, 120000.00) 823 737 377 542 155 73 828 803 0(27851.00, 27851.00)
route 123, node_num 8, cost 1257.928000, nodes: 0(120000.00, 120000.00) 823 267 678 144 547 379 380 817 0(30148.00, 30148.00)
route 124, node_num 9, cost 1509.844000, nodes: 0(120000.00, 120000.00) 822(83916.00, 83916.00) 424 322 531 440 309 839 803(21269.00, 21269.00) 0(12154.00, 12154.00)
route 125, node_num 8, cost 985.208000, nodes: 0(120000.00, 120000.00) 823 415 409 510 366 597 164 0(49628.00, 49628.00)
route 126, node_num 8, cost 1242.864000, nodes: 0(120000.00, 120000.00) 828 388 727 332 764 766 30 842 0(31224.00, 31224.00)
route 127, node_num 9, cost 1645.686000, nodes: 0(120000.00, 120000.00) 823(116496.00, 116496.00) 367 588 574 244 782 881(39317.00, 39317.00) 803 0(2451.00, 2451.00)
route 128, node_num 9, cost 1651.454000, nodes: 0(120000.00, 120000.00) 823(116496.00, 116496.00) 553 682 420 723 787 864(21373.00, 21373.00) 0(2039.00, 2039.00)
route 129, node_num 8, cost 1875.804000, nodes: 0(120000.00, 120000.00) 824 886 229 644 494 276 562 813(34910.00, 48896.00) 803 0(0.00, 0.00)
route 130, node_num 7, cost 519.050000, nodes: 0(120000.00, 120000.00) 823 261 249 124 654 559 803 0(82925.00, 82925.00)
route 131, node_num 7, cost 659.260000, nodes: 0(120000.00, 120000.00) 541 218 867 419 499 65 823 0(72910.00, 72910.00)
route 132, node_num 8, cost 1012.872000, nodes: 0(120000.00, 120000.00) 826 551 473 655 353 864 705 733 0(47652.00, 47652.00)
route 133, node_num 8, cost 1121.610000, nodes: 0(120000.00, 120000.00) 673 832 736 19 240 36 763 0(39885.00, 39885.00)
route 134, node_num 6, cost 878.920000, nodes: 0(120000.00, 120000.00) 823 382 524 108 413 867 803 0(57220.00, 57220.00)
route 135, node_num 8, cost 1032.696000, nodes: 0(120000.00, 120000.00) 826 154 282 775 605 275 404 864 0(46236.00, 46236.00)
route 136, node_num 6, cost 593.824000, nodes: 0(120000.00, 120000.00) 823 545 374 578 360 803 0(77584.00, 77584.00)
route 137, node_num 7, cost 918.988000, nodes: 0(120000.00, 120000.00) 21 93 153 312 674 0(54358.00, 54358.00)
route 138, node_num 8, cost 567.574000, nodes: 0(120000.00, 120000.00) 823 290 728 451 343 241 306 0(79459.00, 79459.00)
route 139, node_num 7, cost 859.740000, nodes: 0(120000.00, 120000.00) 823 497 776 535 301 300 0(58590.00, 58590.00)
route 140, node_num 6, cost 735.378000, nodes: 0(120000.00, 120000.00) 823 772 786 3 359 803 0(67473.00, 67473.00)
route 141, node_num 8, cost 1148.182000, nodes: 0(120000.00, 120000.00) 826 841 713 832 472 423 18 254 783 0(37987.00, 37987.00)
route 142, node_num 8, cost 1228.570000, nodes: 0(120000.00, 120000.00) 826 841 774 792 495 406 457 643 0(32245.00, 32245.00)
route 143, node_num 8, cost 1007.132000, nodes: 0(120000.00, 120000.00) 823 450 823 344 815 116 520 658 361 867 803 0(48062.00, 48062.00)
route 144, node_num 8, cost 866.460000, nodes: 0(120000.00, 120000.00) 823 255 496 598 509 234 892 798 892 803 0(58110.00, 58110.00)
route 145, node_num 7, cost 1007.048000, nodes: 0(120000.00, 120000.00) 823 288 335 161 877 9 702 803 0(48068.00, 48068.00)
route 146, node_num 8, cost 977.816000, nodes: 0(120000.00, 120000.00) 823 740 190 345 237 320 749 803 0(50156.00, 50156.00)
vehicle (route) number: 147
Total cost: 222333.51
226839.16, 25203.64
223966.75, 25201.99
224901.78, 25235.98
224000.46, 25206.67
223057.77, 25206.49
223026.87, 25207.57
223055.74, 25239.07
222333.51, 25213.22
222759.27, 25213.21
222911.07, 25212.14
