Details of the solution:
route 0, node_num 7, cost 859.754000, nodes: 0(120000.00, 120000.00) 723 874 883 341 552 528 784 883 893 0(58589.00, 58589.00)
route 1, node_num 9, cost 1718.598000, nodes: 0(120000.00, 120000.00) 891 881(92093.00, 120000.00) 52 887 373 16 201 737 888 809(60256.00, 60256.00) 816 891 882 0(25150.00, 25150.00)
route 2, node_num 7, cost 917.028000, nodes: 0(120000.00, 120000.00) 833 889 816 716 98 843 560 574 843 782 803 858 0(54498.00, 54498.00)
route 3, node_num 8, cost 756.602000, nodes: 0(120000.00, 120000.00) 813 540 613 659 556 34 856 243 0(65957.00, 65957.00)
route 4, node_num 7, cost 1059.562000, nodes: 0(120000.00, 120000.00) 833 889 816 651 876 133 25 804 741 370 804 816 891 882 0(44317.00, 44317.00)
route 5, node_num 8, cost 868.700000, nodes: 0(120000.00, 120000.00) 17 858 360 569 120 209 843 626 816 891 882 0(57950.00, 57950.00)
route 6, node_num 8, cost 1078.602000, nodes: 0(120000.00, 120000.00) 891 817 876 510 247 345 513 474 647 811 851 0(42957.00, 42957.00)
route 7, node_num 8, cost 1518.146000, nodes: 0(120000.00, 120000.00) 833 889 816 843 801 655 839 447 176 202 839 343 739 833 0(11561.00, 11561.00)
route 8, node_num 7, cost 781.802000, nodes: 0(120000.00, 120000.00) 363 268 147 639 817 543 817 813 0(64157.00, 64157.00)
route 9, node_num 7, cost 1361.990000, nodes: 0(120000.00, 120000.00) 833 889 816 843 350 853 809 757 76 380 184 888 833 0(22715.00, 22715.00)
route 10, node_num 8, cost 1410.626000, nodes: 0(120000.00, 120000.00) 892 756 579 286 497 389 887 673 833 0(19241.00, 19241.00)
route 11, node_num 8, cost 1572.970000, nodes: 0(120000.00, 120000.00) 869 413 726 141 390 835 696 854 714 883 893 0(7645.00, 7645.00)
route 12, node_num 6, cost 340.746000, nodes: 0(120000.00, 120000.00) 226 364 288 593 864 0(95661.00, 95661.00)
route 13, node_num 8, cost 1143.926000, nodes: 0(120000.00, 120000.00) 892 400 742 86 703 251 254 858 0(38291.00, 38291.00)
route 14, node_num 9, cost 2093.028000, nodes: 0(120000.00, 120000.00) 891 817 876 822(84065.00, 88065.00) 862 406 731 794 432 873 624 808 839 801(7703.00, 33205.00) 843 816 891 882 0(0.00, 0.00)
route 15, node_num 8, cost 1542.492000, nodes: 0(120000.00, 120000.00) 892 831 419 814 637 502 440 832 112 435 879 892 0(9822.00, 9822.00)
route 16, node_num 8, cost 1595.916000, nodes: 0(120000.00, 120000.00) 892 852 238 250 287 276 401 325 843 816 891 882 0(6006.00, 6006.00)
route 17, node_num 8, cost 848.596000, nodes: 0(120000.00, 120000.00) 430 488 208 881 383 881 515 896 119 813 0(59386.00, 59386.00)
route 18, node_num 8, cost 1025.052000, nodes: 0(120000.00, 120000.00) 891 881 64 356 605 594 409 433 833 0(46782.00, 46782.00)
route 19, node_num 8, cost 940.786000, nodes: 0(120000.00, 120000.00) 709 817 322 576 301 310 299 828 838 0(52801.00, 52801.00)
route 20, node_num 9, cost 1914.920000, nodes: 0(120000.00, 120000.00) 891 881(92093.00, 120000.00) 807 850 841 506 525 207 548 11 850(60621.00, 60621.00) 807 883 893 0(11127.00, 11127.00)
route 21, node_num 9, cost 1549.730000, nodes: 0(120000.00, 120000.00) 885(97648.00, 97648.00) 484 509 392 90 500 888 881(32417.00, 32417.00) 0(9305.00, 9305.00)
route 22, node_num 8, cost 1037.218000, nodes: 0(120000.00, 120000.00) 833 418 397 108 152 553 110 846 891 882 0(45913.00, 45913.00)
route 23, node_num 8, cost 1047.746000, nodes: 0(120000.00, 120000.00) 338 811 412 159 329 536 811 885 182 838 0(45161.00, 45161.00)
route 24, node_num 8, cost 777.980000, nodes: 0(120000.00, 120000.00) 18 833 702 24 817 351 670 191 896 813 0(64430.00, 64430.00)
route 25, node_num 7, cost 1141.532000, nodes: 0(120000.00, 120000.00) 833 889 816 269 625 853 131 764 258 889 833 0(38462.00, 38462.00)
route 26, node_num 7, cost 460.110000, nodes: 0(120000.00, 120000.00) 477 516 823 89 425 489 0(87135.00, 87135.00)
route 27, node_num 7, cost 1165.332000, nodes: 0(120000.00, 120000.00) 260 394 897 462 735 57 0(36762.00, 36762.00)
route 28, node_num 7, cost 468.468000, nodes: 0(120000.00, 120000.00) 687 533 586 348 164 0(86538.00, 86538.00)
route 29, node_num 8, cost 651.392000, nodes: 0(120000.00, 120000.00) 580 4 695 629 384 126 0(73472.00, 73472.00)
route 30, node_num 8, cost 1157.772000, nodes: 0(120000.00, 120000.00) 833 752 818 890 43 486 136 890 652 278 842 802 859 893 0(37302.00, 37302.00)
route 31, node_num 8, cost 1128.750000, nodes: 0(120000.00, 120000.00) 833 889 199 817 787 21 688 705 41 804 816 891 882 0(39375.00, 39375.00)
route 32, node_num 8, cost 1231.076000, nodes: 0(120000.00, 120000.00) 689 77 137 869 818 653 753 375 859 893 0(32066.00, 32066.00)
route 33, node_num 8, cost 1463.070000, nodes: 0(120000.00, 120000.00) 892 775 169 852 554 886 156 846 313 84 886 0(15495.00, 15495.00)
route 34, node_num 8, cost 1216.278000, nodes: 0(120000.00, 120000.00) 857 798 285 865 831 679 831 66 698 831 819 180 0(33123.00, 33123.00)
route 35, node_num 8, cost 1647.576000, nodes: 0(120000.00, 120000.00) 892 832 518 898 840 620 549 69 575 840 493 832 892 0(2316.00, 2316.00)
route 36, node_num 9, cost 1712.102000, nodes: 0(120000.00, 120000.00) 892 772 27 839(66715.00, 66715.00) 352 669 503 835 804 881(20819.00, 23112.00) 0(0.00, 0.00)
route 37, node_num 9, cost 589.022000, nodes: 0(120000.00, 120000.00) 823 262 451 215 690 606 396 566 823 0(77927.00, 77927.00)
route 38, node_num 6, cost 318.192000, nodes: 0(120000.00, 120000.00) 473 291 900 279 359 0(97272.00, 97272.00)
route 39, node_num 8, cost 1376.886000, nodes: 0(120000.00, 120000.00) 891 817 876 822 520 788 685 531 884 252 257 836 843 816 891 882 0(21651.00, 21651.00)
route 40, node_num 7, cost 580.328000, nodes: 0(120000.00, 120000.00) 439 443 718 751 837 39 0(78548.00, 78548.00)
route 41, node_num 8, cost 1302.602000, nodes: 0(120000.00, 120000.00) 892 376 683 648 722 344 846 30 833 0(26957.00, 26957.00)
route 42, node_num 8, cost 1466.444000, nodes: 0(120000.00, 120000.00) 869 537 680 872 734 19 555 799 883 893 0(15254.00, 15254.00)
route 43, node_num 7, cost 505.750000, nodes: 0(120000.00, 120000.00) 31 744 662 472 398 864 0(83875.00, 83875.00)
route 44, node_num 7, cost 1240.848000, nodes: 0(120000.00, 120000.00) 892 846 192 174 809 640 239 229 836 843 816 891 882 0(31368.00, 31368.00)
route 45, node_num 8, cost 988.176000, nodes: 0(120000.00, 120000.00) 197 845 328 845 682 234 601 863 171 859 893 0(49416.00, 49416.00)
route 46, node_num 8, cost 912.058000, nodes: 0(120000.00, 120000.00) 781 59 876 300 759 587 889 668 891 882 0(54853.00, 54853.00)
route 47, node_num 6, cost 994.728000, nodes: 0(120000.00, 120000.00) 892 428 162 490 881 15 858 0(48948.00, 48948.00)
route 48, node_num 7, cost 1288.322000, nodes: 0(120000.00, 120000.00) 857 611 892 75 61 770 892 541 833 0(27977.00, 27977.00)
route 49, node_num 8, cost 946.400000, nodes: 0(120000.00, 120000.00) 712 436 297 236 492 769 883 893 0(52400.00, 52400.00)
route 50, node_num 8, cost 1202.684000, nodes: 0(120000.00, 120000.00) 891 817 876 822 139 190 127 758 800 545 876 816 891 882 0(34094.00, 34094.00)
route 51, node_num 8, cost 1286.474000, nodes: 0(120000.00, 120000.00) 892 846 724 420 82 888 715 853 2 28 843 816 891 882 0(28109.00, 28109.00)
route 52, node_num 7, cost 1546.650000, nodes: 0(120000.00, 120000.00) 892 852 834 671 728 654 706 45 821 852 846 891 882 0(9525.00, 9525.00)
route 53, node_num 7, cost 1399.692000, nodes: 0(120000.00, 120000.00) 138 878 354 485 87 869 603 818 878 802 859 893 0(20022.00, 20022.00)
route 54, node_num 8, cost 1293.362000, nodes: 0(120000.00, 120000.00) 848 628 263 42 71 774 762 883 893 0(27617.00, 27617.00)
route 55, node_num 8, cost 1464.750000, nodes: 0(120000.00, 120000.00) 892 113 464 213 524 666 581 877 852 846 891 882 0(15375.00, 15375.00)
route 56, node_num 7, cost 507.458000, nodes: 0(120000.00, 120000.00) 124 713 591 450 393 864 0(83753.00, 83753.00)
route 57, node_num 7, cost 1363.572000, nodes: 0(120000.00, 120000.00) 765 878 861 105 173 861 564 508 859 893 0(22602.00, 22602.00)
route 58, node_num 8, cost 1293.026000, nodes: 0(120000.00, 120000.00) 833 889 816 843 151 804 149 836 253 154 163 381 884 801 843 816 891 882 0(27641.00, 27641.00)
route 59, node_num 9, cost 1775.424000, nodes: 0(120000.00, 120000.00) 891 881(92093.00, 108093.00) 806 371 868 643 868 667 730 527 862 839 836(42453.00, 42453.00) 843 816 891 882 0(9184.00, 9184.00)
route 60, node_num 11, cost 1956.220000, nodes: 0(120000.00, 120000.00) 885(97648.00, 97648.00) 877 70 314 887(66006.00, 66006.00) 547 453 862(42812.00, 48487.00) 519 808 811 851(0.00, 14055.00) 0(0.00, 0.00)
route 61, node_num 7, cost 1483.832000, nodes: 0(120000.00, 120000.00) 600 872 246 157 94 872 785 883 893 0(14012.00, 14012.00)
route 62, node_num 7, cost 803.292000, nodes: 0(120000.00, 120000.00) 617 290 893 649 91 838 273 838 0(62622.00, 62622.00)
route 63, node_num 7, cost 633.458000, nodes: 0(120000.00, 120000.00) 205 130 745 72 719 0(74753.00, 74753.00)
route 64, node_num 7, cost 1573.936000, nodes: 0(120000.00, 120000.00) 892 14 877 116 638 444 821 675 833 0(7576.00, 7576.00)
route 65, node_num 8, cost 907.690000, nodes: 0(120000.00, 120000.00) 813 896 158 889 816 8 544 618 10 876 694 816 891 882 0(55165.00, 55165.00)
route 66, node_num 10, cost 1862.448000, nodes: 0(120000.00, 120000.00) 833 811 773 802 878 818 36 871(61268.00, 61268.00) 196 847(50676.00, 50676.00) 307 346 895(41662.00, 54694.00) 871 855 807 883 893 0(0.00, 0.00)
route 67, node_num 8, cost 413.378000, nodes: 0(120000.00, 120000.00) 65 92 95 203 570 495 0(90473.00, 90473.00)
route 68, node_num 7, cost 1188.236000, nodes: 0(120000.00, 120000.00) 891 817 876 822 890 362 218 340 880 827 529 598 859 893 0(35126.00, 35126.00)
route 69, node_num 9, cost 2026.080000, nodes: 0(120000.00, 120000.00) 885(97648.00, 97648.00) 802 878 818 854 855 427 592 160 128 308 871 855(21172.00, 45892.00) 807 883 893 0(0.00, 0.00)
route 70, node_num 7, cost 1399.832000, nodes: 0(120000.00, 120000.00) 892 530 339 892 630 179 109 832 892 0(20012.00, 20012.00)
route 71, node_num 7, cost 1589.952000, nodes: 0(120000.00, 120000.00) 892 832 898 282 898 663 369 125 155 887 852 846 891 882 0(6432.00, 6432.00)
route 72, node_num 8, cost 466.746000, nodes: 0(120000.00, 120000.00) 900 615 656 460 522 96 867 501 0(86661.00, 86661.00)
route 73, node_num 7, cost 1436.008000, nodes: 0(120000.00, 120000.00) 869 259 103 565 807 539 463 883 893 0(17428.00, 17428.00)
route 74, node_num 8, cost 898.884000, nodes: 0(120000.00, 120000.00) 864 35 793 622 562 51 142 864 0(55794.00, 55794.00)
route 75, node_num 10, cost 1575.364000, nodes: 0(120000.00, 120000.00) 885(97648.00, 97648.00) 802 878 818 122 132 446 382 855 875(53687.00, 53687.00) 212 805(31548.00, 31548.00) 864 0(7474.00, 7474.00)
route 76, node_num 8, cost 757.680000, nodes: 0(120000.00, 120000.00) 58 237 79 635 365 748 0(65880.00, 65880.00)
route 77, node_num 7, cost 1071.938000, nodes: 0(120000.00, 120000.00) 848 511 778 894 797 295 779 805 864 0(43433.00, 43433.00)
route 78, node_num 10, cost 1553.104000, nodes: 0(120000.00, 120000.00) 885(97648.00, 97648.00) 801 584 595 261 678 54 275 888 843(35699.00, 35699.00) 816 891 882 0(9064.00, 9064.00)
route 79, node_num 8, cost 1772.680000, nodes: 0(120000.00, 120000.00) 255 623 50 467 526 861 891(7804.00, 14424.00) 882 0(0.00, 0.00)
route 80, node_num 8, cost 829.108000, nodes: 0(120000.00, 120000.00) 227 863 608 166 736 145 13 859 893 0(60778.00, 60778.00)
route 81, node_num 8, cost 574.000000, nodes: 0(120000.00, 120000.00) 864 459 181 309 74 334 790 864 0(79000.00, 79000.00)
route 82, node_num 7, cost 851.998000, nodes: 0(120000.00, 120000.00) 833 710 857 284 557 857 385 857 532 0(59143.00, 59143.00)
route 83, node_num 8, cost 895.734000, nodes: 0(120000.00, 120000.00) 813 499 885 377 349 67 828 664 641 859 893 0(56019.00, 56019.00)
route 84, node_num 7, cost 1231.076000, nodes: 0(120000.00, 120000.00) 62 143 776 684 831 865 572 865 0(32066.00, 32066.00)
route 85, node_num 8, cost 1372.238000, nodes: 0(120000.00, 120000.00) 892 831 693 814 660 645 9 747 194 814 831 892 0(21983.00, 21983.00)
route 86, node_num 8, cost 1326.346000, nodes: 0(120000.00, 120000.00) 848 305 6 321 175 63 848 416 883 893 0(25261.00, 25261.00)
route 87, node_num 7, cost 1026.396000, nodes: 0(120000.00, 120000.00) 849 789 632 849 355 849 691 597 883 893 0(46686.00, 46686.00)
route 88, node_num 7, cost 1247.736000, nodes: 0(120000.00, 120000.00) 848 312 599 402 37 221 883 893 0(30876.00, 30876.00)
route 89, node_num 8, cost 1377.250000, nodes: 0(120000.00, 120000.00) 892 415 612 786 188 821 466 232 852 846 891 882 0(21625.00, 21625.00)
route 90, node_num 9, cost 1895.656000, nodes: 0(120000.00, 120000.00) 885(97648.00, 97648.00) 802 878 818 854 855 871 230 404 755 754 871 60 871(33808.00, 49212.00) 855 807 883 893 0(0.00, 0.00)
route 91, node_num 8, cost 1109.304000, nodes: 0(120000.00, 120000.00) 833 889 644 738 5 642 512 431 876 816 891 882 0(40764.00, 40764.00)
route 92, node_num 7, cost 1656.116000, nodes: 0(120000.00, 120000.00) 892 832 898 78 578 840 665 810 56 167 879 892 0(1706.00, 1706.00)
route 93, node_num 7, cost 1059.254000, nodes: 0(120000.00, 120000.00) 891 225 550 146 387 843 610 833 0(44339.00, 44339.00)
route 94, node_num 7, cost 686.056000, nodes: 0(120000.00, 120000.00) 542 813 206 749 26 677 833 0(70996.00, 70996.00)
route 95, node_num 8, cost 753.228000, nodes: 0(120000.00, 120000.00) 97 83 68 403 708 106 858 0(66198.00, 66198.00)
route 96, node_num 7, cost 502.194000, nodes: 0(120000.00, 120000.00) 585 874 44 727 874 153 134 864 0(84129.00, 84129.00)
route 97, node_num 8, cost 619.864000, nodes: 0(120000.00, 120000.00) 813 256 20 298 546 121 32 0(75724.00, 75724.00)
route 98, node_num 7, cost 1384.852000, nodes: 0(120000.00, 120000.00) 833 889 816 274 809 740 590 884 211 884 378 843 816 891 882 0(21082.00, 21082.00)
route 99, node_num 8, cost 1729.308000, nodes: 0(120000.00, 120000.00) 885(97648.00, 101170.00) 828 827 494 855 621 561 302 899 248 895 871 855 807 883 893 0(0.00, 0.00)
route 100, node_num 8, cost 1627.556000, nodes: 0(120000.00, 120000.00) 892 832 898 449 395 840 750 879 342 214 73 814 831 892 0(3746.00, 3746.00)
route 101, node_num 8, cost 946.554000, nodes: 0(120000.00, 120000.00) 813 729 813 833 891 803 303 107 424 271 135 833 0(52389.00, 52389.00)
route 102, node_num 9, cost 1764.098000, nodes: 0(120000.00, 120000.00) 885(97648.00, 97648.00) 801 272 326 422 414 391 836(27262.00, 33269.00) 843 816 891 882 0(0.00, 0.00)
route 103, node_num 9, cost 1958.880000, nodes: 0(120000.00, 120000.00) 885(97648.00, 97648.00) 811 117 456 563 504 496 888 809(15186.00, 35106.00) 816 891 882 0(0.00, 0.00)
route 104, node_num 9, cost 1731.982000, nodes: 0(120000.00, 120000.00) 869 429 835 330 423 421 899 483 233 835 804 881(19399.00, 23112.00) 0(0.00, 0.00)
route 105, node_num 8, cost 544.908000, nodes: 0(120000.00, 120000.00) 228 763 551 491 7 692 0(81078.00, 81078.00)
route 106, node_num 9, cost 1666.168000, nodes: 0(120000.00, 120000.00) 885(97648.00, 97648.00) 802 878 818 854 405 357 280 358 583 118 895 871 855 807 883 893 0(988.00, 988.00)
route 107, node_num 10, cost 1819.328000, nodes: 0(120000.00, 120000.00) 885(97648.00, 97648.00) 828 827 880 582 808 148 481 808(55574.00, 55574.00) 505 841 410 859(6115.00, 16067.00) 893 0(0.00, 0.00)
route 108, node_num 7, cost 1514.198000, nodes: 0(120000.00, 120000.00) 102 849 807 523 277 475 12 807 883 893 0(11843.00, 11843.00)
route 109, node_num 8, cost 1016.946000, nodes: 0(120000.00, 120000.00) 891 845 372 114 454 306 244 178 845 811 851 0(47361.00, 47361.00)
route 110, node_num 9, cost 465.906000, nodes: 0(120000.00, 120000.00) 294 88 367 837 48 636 627 900 507 0(86721.00, 86721.00)
route 111, node_num 9, cost 577.766000, nodes: 0(120000.00, 120000.00) 900 707 317 204 465 361 311 725 867 823 0(78731.00, 78731.00)
route 112, node_num 8, cost 1307.866000, nodes: 0(120000.00, 120000.00) 833 889 816 843 853 332 796 1 296 101 743 833 0(26581.00, 26581.00)
route 113, node_num 7, cost 1404.004000, nodes: 0(120000.00, 120000.00) 535 761 875 458 53 880 470 880 843 816 891 882 0(19714.00, 19714.00)
route 114, node_num 7, cost 921.984000, nodes: 0(120000.00, 120000.00) 891 471 478 417 816 646 323 0(54144.00, 54144.00)
route 115, node_num 9, cost 1677.774000, nodes: 0(120000.00, 120000.00) 891 881(92093.00, 92093.00) 407 455 720 830 824 521 824 316 833(13097.00, 13097.00) 0(159.00, 159.00)
route 116, node_num 8, cost 1769.628000, nodes: 0(120000.00, 120000.00) 892 852 834 821 877 568 426 304 241 222 808 811 851(7653.00, 14055.00) 0(0.00, 0.00)
route 117, node_num 11, cost 1656.466000, nodes: 0(120000.00, 120000.00) 892(87550.00, 87550.00) 480 898(71638.00, 71638.00) 281 820 441 596 760 771 826 886 858(19720.00, 19720.00) 0(1681.00, 1681.00)
route 118, node_num 9, cost 1850.744000, nodes: 0(120000.00, 120000.00) 885(97648.00, 97648.00) 802 878 818 854 855 871 186 847 661 3 711 249 850(37298.00, 49494.00) 807 883 893 0(0.00, 0.00)
route 119, node_num 6, cost 425.040000, nodes: 0(120000.00, 120000.00) 498 150 55 609 0(89640.00, 89640.00)
route 120, node_num 6, cost 690.102000, nodes: 0(120000.00, 120000.00) 874 38 140 893 674 619 851 0(70707.00, 70707.00)
route 121, node_num 7, cost 855.694000, nodes: 0(120000.00, 120000.00) 857 386 216 700 658 858 434 891 882 0(58879.00, 58879.00)
route 122, node_num 7, cost 1441.104000, nodes: 0(120000.00, 120000.00) 616 115 438 331 872 869 818 559 878 802 859 893 0(17064.00, 17064.00)
route 123, node_num 7, cost 896.756000, nodes: 0(120000.00, 120000.00) 445 368 863 198 802 379 235 859 893 0(55946.00, 55946.00)
route 124, node_num 7, cost 634.662000, nodes: 0(120000.00, 120000.00) 823 219 144 93 829 183 47 0(74667.00, 74667.00)
route 125, node_num 7, cost 1499.862000, nodes: 0(120000.00, 120000.00) 891 803 634 853 809 336 514 33 217 884 801 843 816 891 882 0(12867.00, 12867.00)
route 126, node_num 8, cost 1182.524000, nodes: 0(120000.00, 120000.00) 857 469 865 265 189 633 886 170 892 347 858 0(35534.00, 35534.00)
route 127, node_num 7, cost 1002.064000, nodes: 0(120000.00, 120000.00) 874 123 571 224 805 29 353 883 893 0(48424.00, 48424.00)
route 128, node_num 8, cost 1024.142000, nodes: 0(120000.00, 120000.00) 891 791 881 768 210 319 697 889 882 289 833 0(46847.00, 46847.00)
route 129, node_num 7, cost 1033.074000, nodes: 0(120000.00, 120000.00) 185 874 320 366 894 267 85 848 893 0(46209.00, 46209.00)
route 130, node_num 7, cost 1534.680000, nodes: 0(120000.00, 120000.00) 869 315 854 607 854 411 46 292 854 880 843 816 891 882 0(10380.00, 10380.00)
route 131, node_num 7, cost 1350.118000, nodes: 0(120000.00, 120000.00) 848 732 40 701 534 681 894 893 0(23563.00, 23563.00)
route 132, node_num 8, cost 1355.718000, nodes: 0(120000.00, 120000.00) 892 448 177 452 172 327 826 266 891 882 0(23163.00, 23163.00)
route 133, node_num 9, cost 1760.794000, nodes: 0(120000.00, 120000.00) 891 881(92093.00, 108093.00) 852 834 168 887 264 111 538 780 811(33425.00, 33425.00) 851 0(10229.00, 10229.00)
route 134, node_num 8, cost 476.658000, nodes: 0(120000.00, 120000.00) 333 165 573 337 487 721 0(85953.00, 85953.00)
route 135, node_num 7, cost 1418.214000, nodes: 0(120000.00, 120000.00) 892 80 826 270 676 457 821 686 833 0(18699.00, 18699.00)
route 136, node_num 8, cost 1024.716000, nodes: 0(120000.00, 120000.00) 374 104 704 324 856 242 614 829 0(46806.00, 46806.00)
route 137, node_num 6, cost 361.438000, nodes: 0(120000.00, 120000.00) 631 717 293 240 0(94183.00, 94183.00)
route 138, node_num 9, cost 1983.982000, nodes: 0(120000.00, 120000.00) 885(97648.00, 97648.00) 876 853 187 672 22 49 602 888 881(1399.00, 23112.00) 0(0.00, 0.00)
route 139, node_num 7, cost 1391.082000, nodes: 0(120000.00, 120000.00) 869 875 699 399 783 854 99 482 883 893 0(20637.00, 20637.00)
route 140, node_num 9, cost 457.226000, nodes: 0(120000.00, 120000.00) 220 23 767 408 231 866 195 81 866 0(87341.00, 87341.00)
route 141, node_num 10, cost 1662.122000, nodes: 0(120000.00, 120000.00) 892 846 193 577 826 812(62355.00, 62355.00) 650 318 657 476 812 825 886 858(19316.00, 19316.00) 0(1277.00, 1277.00)
route 142, node_num 10, cost 1595.034000, nodes: 0(120000.00, 120000.00) 892 733 824 223 588 824(62799.00, 62799.00) 245 746 766 826 881(29181.00, 29181.00) 0(6069.00, 6069.00)
route 143, node_num 7, cost 1241.212000, nodes: 0(120000.00, 120000.00) 891 803 567 335 604 852 834 437 821 852 517 833 0(31342.00, 31342.00)
route 144, node_num 8, cost 591.766000, nodes: 0(120000.00, 120000.00) 589 813 129 283 100 844 479 200 0(77731.00, 77731.00)
route 145, node_num 5, cost 121.142000, nodes: 0(120000.00, 120000.00) 461 777 442 0(111347.00, 111347.00)
route 146, node_num 8, cost 513.170000, nodes: 0(120000.00, 120000.00) 468 558 792 388 795 161 0(83345.00, 83345.00)
vehicle (route) number: 147
Total cost: 216194.15
216194.15, 27103.90
218102.44, 19296.11
216364.67, 20240.55
218007.57, 25559.06
217794.65, 25356.36
216851.62, 19662.13
218620.63, 25435.25
217985.10, 13308.54
217506.51, 11730.61
216997.27, 12611.93
