Details of the solution:
route 0, node_num 8, cost 1048.362000, nodes: 0(120000.00, 120000.00) 813 499 885 300 876 576 329 301 545 876 816 891 882 0(45117.00, 45117.00)
route 1, node_num 8, cost 964.082000, nodes: 0(120000.00, 120000.00) 833 889 644 738 114 244 845 753 641 859 893 0(51137.00, 51137.00)
route 2, node_num 8, cost 755.342000, nodes: 0(120000.00, 120000.00) 58 237 79 635 646 182 838 0(66047.00, 66047.00)
route 3, node_num 7, cost 961.156000, nodes: 0(120000.00, 120000.00) 874 320 123 224 562 591 864 0(51346.00, 51346.00)
route 4, node_num 8, cost 1079.372000, nodes: 0(120000.00, 120000.00) 848 511 778 894 366 295 779 805 450 874 864 0(42902.00, 42902.00)
route 5, node_num 8, cost 885.262000, nodes: 0(120000.00, 120000.00) 445 863 608 166 863 379 235 598 859 893 0(56767.00, 56767.00)
route 6, node_num 8, cost 978.502000, nodes: 0(120000.00, 120000.00) 535 341 622 528 784 859 479 0(50107.00, 50107.00)
route 7, node_num 8, cost 898.520000, nodes: 0(120000.00, 120000.00) 44 727 893 797 681 267 85 848 893 0(55820.00, 55820.00)
route 8, node_num 8, cost 1061.900000, nodes: 0(120000.00, 120000.00) 793 571 552 29 597 353 883 893 0(44150.00, 44150.00)
route 9, node_num 7, cost 1166.270000, nodes: 0(120000.00, 120000.00) 848 305 6 508 564 664 859 893 0(36695.00, 36695.00)
route 10, node_num 7, cost 853.076000, nodes: 0(120000.00, 120000.00) 712 436 297 736 145 883 893 0(59066.00, 59066.00)
route 11, node_num 8, cost 860.244000, nodes: 0(120000.00, 120000.00) 227 368 863 691 236 492 13 859 893 0(58554.00, 58554.00)
route 12, node_num 8, cost 940.954000, nodes: 0(120000.00, 120000.00) 617 290 893 198 802 828 845 682 234 601 859 893 0(52789.00, 52789.00)
route 13, node_num 7, cost 816.704000, nodes: 0(120000.00, 120000.00) 765 377 349 67 536 811 851 0(61664.00, 61664.00)
route 14, node_num 7, cost 724.794000, nodes: 0(120000.00, 120000.00) 124 713 674 619 273 838 0(68229.00, 68229.00)
route 15, node_num 8, cost 854.854000, nodes: 0(120000.00, 120000.00) 874 38 140 893 649 91 375 838 126 0(58939.00, 58939.00)
route 16, node_num 8, cost 910.112000, nodes: 0(120000.00, 120000.00) 813 896 158 365 816 147 639 817 543 817 668 891 882 0(54992.00, 54992.00)
route 17, node_num 7, cost 894.418000, nodes: 0(120000.00, 120000.00) 338 811 328 845 299 310 653 811 851 0(56113.00, 56113.00)
route 18, node_num 8, cost 1464.918000, nodes: 0(120000.00, 120000.00) 892 428 886 742 80 344 886 170 84 886 0(15363.00, 15363.00)
route 19, node_num 8, cost 1208.592000, nodes: 0(120000.00, 120000.00) 892 831 419 693 814 502 66 698 831 865 57 0(33672.00, 33672.00)
route 20, node_num 8, cost 1082.760000, nodes: 0(120000.00, 120000.00) 833 189 633 400 554 886 156 846 266 891 882 0(42660.00, 42660.00)
route 21, node_num 7, cost 1356.516000, nodes: 0(120000.00, 120000.00) 62 265 892 630 179 109 832 892 0(23106.00, 23106.00)
route 22, node_num 8, cost 1021.146000, nodes: 0(120000.00, 120000.00) 891 881 64 356 162 541 251 254 858 0(47061.00, 47061.00)
route 23, node_num 7, cost 1189.398000, nodes: 0(120000.00, 120000.00) 892 143 679 776 770 892 347 858 0(35043.00, 35043.00)
route 24, node_num 8, cost 1343.286000, nodes: 0(120000.00, 120000.00) 892 448 376 177 86 703 316 886 0(24051.00, 24051.00)
route 25, node_num 7, cost 1193.458000, nodes: 0(120000.00, 120000.00) 18 833 891 193 806 113 213 806 673 833 0(34753.00, 34753.00)
route 26, node_num 8, cost 1246.616000, nodes: 0(120000.00, 120000.00) 857 798 897 660 645 9 747 814 572 865 0(30956.00, 30956.00)
route 27, node_num 8, cost 1374.170000, nodes: 0(120000.00, 120000.00) 857 104 892 75 61 832 684 214 342 832 892 0(21845.00, 21845.00)
route 28, node_num 7, cost 1299.816000, nodes: 0(120000.00, 120000.00) 857 469 865 339 530 735 462 819 823 0(27156.00, 27156.00)
route 29, node_num 10, cost 1675.296000, nodes: 0(120000.00, 120000.00) 857(94699.00, 94699.00) 832 879 395 840 820 281 820 441 596 825(46569.00, 46569.00) 766 826 881(23448.00, 23448.00) 0(336.00, 336.00)
route 30, node_num 8, cost 1477.868000, nodes: 0(120000.00, 120000.00) 892 831 637 860 518 750 879 860 440 73 194 814 831 892 0(14438.00, 14438.00)
route 31, node_num 8, cost 1420.930000, nodes: 0(120000.00, 120000.00) 892 648 683 452 172 722 493 832 892 0(18505.00, 18505.00)
route 32, node_num 9, cost 1623.846000, nodes: 0(120000.00, 120000.00) 892 832 898 449 840 620 665 810(56680.00, 56680.00) 549 575 840 832 858(22050.00, 22050.00) 0(4011.00, 4011.00)
route 33, node_num 9, cost 1633.492000, nodes: 0(120000.00, 120000.00) 892 832 898 78 578 69 245 327 771 826 886 858(21361.00, 21361.00) 0(3322.00, 3322.00)
route 34, node_num 8, cost 1478.792000, nodes: 0(120000.00, 120000.00) 892 480 282 898 56 167 112 435 879 892 0(14372.00, 14372.00)
route 35, node_num 10, cost 1571.794000, nodes: 0(120000.00, 120000.00) 892 733 824(67950.00, 67950.00) 223 588 521 824 760 746 898 856(27607.00, 27607.00) 0(7729.00, 7729.00)
route 36, node_num 9, cost 363.062000, nodes: 0(120000.00, 120000.00) 473 317 204 867 501 636 627 900 507 0(94067.00, 94067.00)
route 37, node_num 9, cost 510.552000, nodes: 0(120000.00, 120000.00) 723 288 364 593 393 153 134 864 0(83532.00, 83532.00)
route 38, node_num 7, cost 326.074000, nodes: 0(120000.00, 120000.00) 580 226 585 293 240 0(96709.00, 96709.00)
route 39, node_num 7, cost 437.416000, nodes: 0(120000.00, 120000.00) 333 144 165 337 47 0(88756.00, 88756.00)
route 40, node_num 7, cost 468.468000, nodes: 0(120000.00, 120000.00) 687 533 586 348 164 0(86538.00, 86538.00)
route 41, node_num 8, cost 961.856000, nodes: 0(120000.00, 120000.00) 185 874 360 107 424 271 135 833 0(51296.00, 51296.00)
route 42, node_num 3, cost 15.596000, nodes: 0(120000.00, 120000.00) 461 0(118886.00, 118886.00)
route 43, node_num 8, cost 736.736000, nodes: 0(120000.00, 120000.00) 31 864 4 695 629 323 384 0(67376.00, 67376.00)
route 44, node_num 7, cost 458.038000, nodes: 0(120000.00, 120000.00) 900 707 656 89 425 489 0(87283.00, 87283.00)
route 45, node_num 7, cost 404.208000, nodes: 0(120000.00, 120000.00) 631 717 864 777 442 609 0(91128.00, 91128.00)
route 46, node_num 9, cost 520.352000, nodes: 0(120000.00, 120000.00) 477 516 183 93 231 866 195 81 866 0(82832.00, 82832.00)
route 47, node_num 7, cost 578.774000, nodes: 0(120000.00, 120000.00) 864 35 744 662 472 398 864 0(78659.00, 78659.00)
route 48, node_num 7, cost 597.296000, nodes: 0(120000.00, 120000.00) 439 443 334 74 51 864 0(77336.00, 77336.00)
route 49, node_num 7, cost 486.276000, nodes: 0(120000.00, 120000.00) 864 459 181 309 790 142 864 0(85266.00, 85266.00)
route 50, node_num 7, cost 633.458000, nodes: 0(120000.00, 120000.00) 205 130 745 72 719 0(74753.00, 74753.00)
route 51, node_num 9, cost 503.888000, nodes: 0(120000.00, 120000.00) 220 291 460 522 96 867 725 867 48 0(84008.00, 84008.00)
route 52, node_num 8, cost 469.112000, nodes: 0(120000.00, 120000.00) 294 88 367 718 751 837 39 0(86492.00, 86492.00)
route 53, node_num 6, cost 545.664000, nodes: 0(120000.00, 120000.00) 813 729 129 844 279 359 0(81024.00, 81024.00)
route 54, node_num 9, cost 502.460000, nodes: 0(120000.00, 120000.00) 23 615 767 465 361 311 408 866 0(84110.00, 84110.00)
route 55, node_num 7, cost 926.114000, nodes: 0(120000.00, 120000.00) 374 557 704 857 490 881 782 803 858 0(53849.00, 53849.00)
route 56, node_num 8, cost 570.248000, nodes: 0(120000.00, 120000.00) 228 763 283 32 100 844 200 0(79268.00, 79268.00)
route 57, node_num 8, cost 505.862000, nodes: 0(120000.00, 120000.00) 468 558 792 203 495 692 0(83867.00, 83867.00)
route 58, node_num 9, cost 586.236000, nodes: 0(120000.00, 120000.00) 260 451 215 690 606 396 566 823 0(78126.00, 78126.00)
route 59, node_num 8, cost 539.658000, nodes: 0(120000.00, 120000.00) 823 262 95 573 570 487 721 0(81453.00, 81453.00)
route 60, node_num 8, cost 1003.954000, nodes: 0(120000.00, 120000.00) 823 219 394 285 865 324 34 856 180 0(48289.00, 48289.00)
route 61, node_num 8, cost 618.996000, nodes: 0(120000.00, 120000.00) 813 256 20 298 546 121 896 119 813 0(75786.00, 75786.00)
route 62, node_num 7, cost 913.696000, nodes: 0(120000.00, 120000.00) 891 471 418 881 634 383 881 515 896 813 0(54736.00, 54736.00)
route 63, node_num 8, cost 838.950000, nodes: 0(120000.00, 120000.00) 857 611 613 68 708 403 243 0(60075.00, 60075.00)
route 64, node_num 7, cost 747.964000, nodes: 0(120000.00, 120000.00) 17 540 208 434 891 882 289 833 0(66574.00, 66574.00)
route 65, node_num 7, cost 890.526000, nodes: 0(120000.00, 120000.00) 857 386 216 700 15 106 858 0(56391.00, 56391.00)
route 66, node_num 8, cost 794.416000, nodes: 0(120000.00, 120000.00) 363 478 417 816 351 670 191 896 813 0(63256.00, 63256.00)
route 67, node_num 7, cost 855.540000, nodes: 0(120000.00, 120000.00) 833 710 857 284 856 659 385 857 658 858 0(58890.00, 58890.00)
route 68, node_num 7, cost 689.584000, nodes: 0(120000.00, 120000.00) 430 488 833 749 26 677 833 0(70744.00, 70744.00)
route 69, node_num 6, cost 509.852000, nodes: 0(120000.00, 120000.00) 498 551 491 7 0(83582.00, 83582.00)
route 70, node_num 3, cost 91.588000, nodes: 0(120000.00, 120000.00) 55 0(113458.00, 113458.00)
route 71, node_num 8, cost 965.034000, nodes: 0(120000.00, 120000.00) 97 83 556 856 388 242 614 829 0(51069.00, 51069.00)
route 72, node_num 7, cost 780.444000, nodes: 0(120000.00, 120000.00) 589 542 813 206 24 610 833 0(64254.00, 64254.00)
route 73, node_num 8, cost 359.786000, nodes: 0(120000.00, 120000.00) 65 92 150 795 161 532 0(94301.00, 94301.00)
route 74, node_num 8, cost 1293.362000, nodes: 0(120000.00, 120000.00) 848 628 263 42 71 774 762 883 893 0(27617.00, 27617.00)
route 75, node_num 8, cost 1498.042000, nodes: 0(120000.00, 120000.00) 869 875 699 854 855 494 446 382 855 292 854 714 883 893 0(12997.00, 12997.00)
route 76, node_num 7, cost 1490.790000, nodes: 0(120000.00, 120000.00) 102 849 761 783 854 390 835 696 883 893 0(13515.00, 13515.00)
route 77, node_num 9, cost 1536.290000, nodes: 0(120000.00, 120000.00) 885(97648.00, 101648.00) 802 878 818 36 157 94 467 526 861 891(28689.00, 28689.00) 882 0(14265.00, 14265.00)
route 78, node_num 8, cost 1459.696000, nodes: 0(120000.00, 120000.00) 600 872 246 734 19 785 799 883 893 0(15736.00, 15736.00)
route 79, node_num 7, cost 1513.974000, nodes: 0(120000.00, 120000.00) 122 354 485 87 869 652 883 893 0(11859.00, 11859.00)
route 80, node_num 7, cost 1395.898000, nodes: 0(120000.00, 120000.00) 869 259 103 565 53 880 470 880 843 816 891 882 0(20293.00, 20293.00)
route 81, node_num 7, cost 1286.866000, nodes: 0(120000.00, 120000.00) 891 817 876 822 890 362 218 458 99 482 883 893 0(28081.00, 28081.00)
route 82, node_num 8, cost 1875.174000, nodes: 0(120000.00, 120000.00) 255 623 621 302 899 483 871(35271.00, 49212.00) 855 807 883 893 0(0.00, 0.00)
route 83, node_num 11, cost 1446.396000, nodes: 0(120000.00, 120000.00) 885(97648.00, 97648.00) 811 845 105 861(74071.00, 74071.00) 173 115 555 848(51308.00, 51308.00) 416 805(40760.00, 40760.00) 864 0(16686.00, 16686.00)
route 84, node_num 10, cost 1524.054000, nodes: 0(120000.00, 120000.00) 885(97648.00, 97648.00) 811 845 616 732 438 872(62958.00, 62958.00) 331 872 212 805(35213.00, 35213.00) 864 0(11139.00, 11139.00)
route 85, node_num 7, cost 1247.736000, nodes: 0(120000.00, 120000.00) 848 312 599 402 37 221 883 893 0(30876.00, 30876.00)
route 86, node_num 8, cost 1245.580000, nodes: 0(120000.00, 120000.00) 689 77 137 869 818 559 878 529 769 883 893 0(31030.00, 31030.00)
route 87, node_num 7, cost 1171.128000, nodes: 0(120000.00, 120000.00) 849 789 632 849 40 701 534 894 893 0(36348.00, 36348.00)
route 88, node_num 8, cost 1179.444000, nodes: 0(120000.00, 120000.00) 833 752 818 890 520 890 486 43 890 306 178 845 811 851 0(35754.00, 35754.00)
route 89, node_num 8, cost 1047.830000, nodes: 0(120000.00, 120000.00) 138 321 355 175 63 848 171 859 893 0(45155.00, 45155.00)
route 90, node_num 8, cost 1202.558000, nodes: 0(120000.00, 120000.00) 197 454 827 340 136 890 818 603 818 278 842 802 859 893 0(34103.00, 34103.00)
route 91, node_num 8, cost 2045.246000, nodes: 0(120000.00, 120000.00) 833 889 816 843 801 584 839 427 592 432 391 836(7180.00, 33269.00) 843 816 891 882 0(0.00, 0.00)
route 92, node_num 7, cost 1428.196000, nodes: 0(120000.00, 120000.00) 833 889 816 843 801 788 531 884 211 539 463 883 893 0(17986.00, 17986.00)
route 93, node_num 8, cost 1641.528000, nodes: 0(120000.00, 120000.00) 892 852 238 850 352 250 33 401 325 843 816 891 882 0(2748.00, 2748.00)
route 94, node_num 9, cost 1736.000000, nodes: 0(120000.00, 120000.00) 885(97648.00, 105648.00) 828 822 655 326 207 548 11 850(53494.00, 53494.00) 807 883 893 0(4000.00, 4000.00)
route 95, node_num 9, cost 1660.134000, nodes: 0(120000.00, 120000.00) 885(97648.00, 97648.00) 828 827 880 582 808 481 264 111 222 808 811 851(15474.00, 15474.00) 0(1419.00, 1419.00)
route 96, node_num 9, cost 1679.524000, nodes: 0(120000.00, 120000.00) 885(97648.00, 97648.00) 802 422 148 304 241 414 808 811 851(14089.00, 14089.00) 0(34.00, 34.00)
route 97, node_num 7, cost 1559.642000, nodes: 0(120000.00, 120000.00) 833 889 816 274 809 336 287 276 514 801 843 816 891 882 0(8597.00, 8597.00)
route 98, node_num 9, cost 1962.604000, nodes: 0(120000.00, 120000.00) 885(97648.00, 99795.00) 811 117 456 563 504 794 888 803 858(0.00, 18039.00) 0(0.00, 0.00)
route 99, node_num 8, cost 1453.900000, nodes: 0(120000.00, 120000.00) 891 817 876 822 139 884 447 176 202 839 217 884 381 884 801 843 816 891 882 0(16150.00, 16150.00)
route 100, node_num 9, cost 1935.668000, nodes: 0(120000.00, 120000.00) 885(97648.00, 109648.00) 802 878 818 854 855 871 230 525 160 128 346 895(48432.00, 54694.00) 871 855 807 883 893 0(0.00, 0.00)
route 101, node_num 9, cost 1943.928000, nodes: 0(120000.00, 120000.00) 885(97648.00, 97648.00) 802 878 818 854 855 871 186 847 404 272 505 841 249 850(30642.00, 49494.00) 807 883 893 0(0.00, 0.00)
route 102, node_num 9, cost 1844.710000, nodes: 0(120000.00, 120000.00) 891 881(92093.00, 92093.00) 807 850 841 506 661 3 711 308 871 855(34127.00, 45892.00) 807 883 893 0(0.00, 0.00)
route 103, node_num 9, cost 1709.582000, nodes: 0(120000.00, 120000.00) 891 817(93479.00, 95592.00) 843 801 429 835 330 423 421 895 503 233 855 807 883 893 0(0.00, 0.00)
route 104, node_num 10, cost 1743.210000, nodes: 0(120000.00, 120000.00) 869 875 132 315 411 46 871(60278.00, 60278.00) 754 755 871 855 807(37515.00, 42030.00) 883 893 0(0.00, 0.00)
route 105, node_num 9, cost 1666.168000, nodes: 0(120000.00, 120000.00) 885(97648.00, 97648.00) 802 878 818 854 405 357 280 358 583 118 895 871 855 807 883 893 0(988.00, 988.00)
route 106, node_num 10, cost 1694.574000, nodes: 0(120000.00, 120000.00) 885(97648.00, 97648.00) 802 878 818 869 537 680 50 561 899(56092.00, 56092.00) 248 895 871(48171.00, 49212.00) 855 807 883 893 0(0.00, 0.00)
route 107, node_num 7, cost 1522.948000, nodes: 0(120000.00, 120000.00) 869 875 399 607 669 141 410 855 807 883 893 0(11218.00, 11218.00)
route 108, node_num 7, cost 1449.840000, nodes: 0(120000.00, 120000.00) 891 845 372 822 890 523 277 475 12 807 883 893 0(16440.00, 16440.00)
route 109, node_num 10, cost 1778.546000, nodes: 0(120000.00, 120000.00) 885(97648.00, 97648.00) 802 878 818 854 413 726 841 196 847(55011.00, 55011.00) 307 60 871(42173.00, 49212.00) 855 807 883 893 0(0.00, 0.00)
route 110, node_num 8, cost 989.520000, nodes: 0(120000.00, 120000.00) 891 803 303 397 108 152 553 30 833 0(49320.00, 49320.00)
route 111, node_num 7, cost 1446.116000, nodes: 0(120000.00, 120000.00) 892 826 52 270 676 457 821 686 833 0(16706.00, 16706.00)
route 112, node_num 8, cost 1966.832000, nodes: 0(120000.00, 120000.00) 892 852 834 821 877 643 868 731 406 22 496 888 809(14618.00, 35106.00) 816 891 882 0(0.00, 0.00)
route 113, node_num 8, cost 1393.420000, nodes: 0(120000.00, 120000.00) 892 415 188 671 437 821 466 232 852 846 891 882 0(20470.00, 20470.00)
route 114, node_num 8, cost 1490.202000, nodes: 0(120000.00, 120000.00) 892 775 852 464 14 524 666 581 877 852 846 891 882 0(13557.00, 13557.00)
route 115, node_num 9, cost 1787.338000, nodes: 0(120000.00, 120000.00) 891 881(92093.00, 120000.00) 852 834 168 314 887 667 730 527 862 839 836(53509.00, 53509.00) 843 816 891 882 0(20240.00, 20240.00)
route 116, node_num 9, cost 2009.812000, nodes: 0(120000.00, 120000.00) 891 881(92093.00, 100093.00) 806 371 868 672 453 49 602 888 881(7554.00, 23112.00) 0(0.00, 0.00)
route 117, node_num 7, cost 1502.578000, nodes: 0(120000.00, 120000.00) 892 852 834 821 877 70 579 286 497 389 887 852 846 891 882 0(12673.00, 12673.00)
route 118, node_num 10, cost 1687.882000, nodes: 0(120000.00, 120000.00) 891 881(92093.00, 92093.00) 407 455 720 830 812 657 887(42898.00, 42898.00) 675 833(12375.00, 12938.00) 0(0.00, 0.00)
route 119, node_num 8, cost 1742.580000, nodes: 0(120000.00, 120000.00) 892 577 826 812 650 547 868 318 476 812 825 886 858(13569.00, 18039.00) 0(0.00, 0.00)
route 120, node_num 7, cost 1523.718000, nodes: 0(120000.00, 120000.00) 892 756 369 663 825 125 155 887 852 846 891 882 0(11163.00, 11163.00)
route 121, node_num 8, cost 1320.004000, nodes: 0(120000.00, 120000.00) 833 889 816 843 350 853 612 786 500 184 743 833 0(25714.00, 25714.00)
route 122, node_num 7, cost 1560.412000, nodes: 0(120000.00, 120000.00) 892 852 834 821 484 728 654 706 45 821 852 846 891 882 0(8542.00, 8542.00)
route 123, node_num 7, cost 1676.178000, nodes: 0(120000.00, 120000.00) 892 852 834 821 877 509 373 16 201 444 888 833 0(273.00, 273.00)
route 124, node_num 11, cost 1625.414000, nodes: 0(120000.00, 120000.00) 885(97648.00, 97648.00) 811 773 884(77692.00, 77692.00) 595 392 538 90 737 888 809(39005.00, 39005.00) 816 891 882 0(3899.00, 3899.00)
route 125, node_num 7, cost 1533.644000, nodes: 0(120000.00, 120000.00) 833 889 816 843 804 133 884 116 638 343 739 833 0(10454.00, 10454.00)
route 126, node_num 9, cost 1613.178000, nodes: 0(120000.00, 120000.00) 892 772 27 839 261 678 54 275 888 843(31408.00, 31408.00) 816 891 882 0(4773.00, 4773.00)
route 127, node_num 9, cost 1892.996000, nodes: 0(120000.00, 120000.00) 885(97648.00, 97648.00) 828 827 808 568 426 519 187 624 808 839 801(17991.00, 33205.00) 843 816 891 882 0(0.00, 0.00)
route 128, node_num 7, cost 995.512000, nodes: 0(120000.00, 120000.00) 891 225 550 335 605 517 833 0(48892.00, 48892.00)
route 129, node_num 7, cost 1274.518000, nodes: 0(120000.00, 120000.00) 833 889 146 169 852 594 313 110 846 891 882 0(28963.00, 28963.00)
route 130, node_num 8, cost 1257.970000, nodes: 0(120000.00, 120000.00) 892 846 192 174 809 640 239 888 2 28 843 816 891 882 0(30145.00, 30145.00)
route 131, node_num 7, cost 1372.952000, nodes: 0(120000.00, 120000.00) 833 889 816 269 853 809 757 76 380 101 888 833 0(21932.00, 21932.00)
route 132, node_num 8, cost 1278.018000, nodes: 0(120000.00, 120000.00) 892 846 724 420 82 888 604 409 433 833 0(28713.00, 28713.00)
route 133, node_num 8, cost 1299.508000, nodes: 0(120000.00, 120000.00) 833 889 816 843 853 332 796 1 296 888 252 257 836 843 816 891 882 0(27178.00, 27178.00)
route 134, node_num 8, cost 1073.450000, nodes: 0(120000.00, 120000.00) 833 889 816 159 412 801 151 25 804 370 41 804 816 891 882 0(43325.00, 43325.00)
route 135, node_num 8, cost 1078.518000, nodes: 0(120000.00, 120000.00) 833 889 816 322 787 741 804 642 512 431 876 816 891 882 0(42963.00, 42963.00)
route 136, node_num 8, cost 1025.220000, nodes: 0(120000.00, 120000.00) 891 803 567 768 210 764 587 626 816 891 882 0(46770.00, 46770.00)
route 137, node_num 8, cost 921.368000, nodes: 0(120000.00, 120000.00) 833 889 816 98 716 560 574 120 697 833 0(54188.00, 54188.00)
route 138, node_num 8, cost 879.396000, nodes: 0(120000.00, 120000.00) 833 889 199 268 569 319 209 258 889 833 0(57186.00, 57186.00)
route 139, node_num 8, cost 1101.786000, nodes: 0(120000.00, 120000.00) 781 59 876 131 345 705 474 801 843 816 891 882 0(41301.00, 41301.00)
route 140, node_num 9, cost 899.150000, nodes: 0(120000.00, 120000.00) 709 817 8 544 759 618 10 876 694 816 891 882 0(55775.00, 55775.00)
route 141, node_num 8, cost 1087.954000, nodes: 0(120000.00, 120000.00) 891 791 881 510 513 688 21 229 836 843 816 891 882 0(42289.00, 42289.00)
route 142, node_num 7, cost 1182.202000, nodes: 0(120000.00, 120000.00) 702 881 247 715 853 387 843 748 0(35557.00, 35557.00)
route 143, node_num 8, cost 1356.852000, nodes: 0(120000.00, 120000.00) 833 889 816 651 876 149 836 253 154 163 780 833 0(23082.00, 23082.00)
route 144, node_num 7, cost 1214.094000, nodes: 0(120000.00, 120000.00) 891 817 876 822 190 127 5 378 800 811 851 0(33279.00, 33279.00)
route 145, node_num 8, cost 1310.064000, nodes: 0(120000.00, 120000.00) 833 889 816 843 625 809 740 590 685 758 880 647 811 851 0(26424.00, 26424.00)
vehicle (route) number: 146
Total cost: 213065.47
215898.14, 25248.45
214242.09, 25224.11
213735.35, 25207.16
215054.34, 25225.49
213146.55, 25240.50
214052.08, 25203.02
215529.84, 25210.52
214092.75, 25205.21
213065.47, 25203.08
213472.78, 25205.85
