Details of the solution:
route 0, node_num 7, cost 996.912000, nodes: 0(120000.00, 120000.00) 1030 766 827 1020 385 1082 44 715 1043 0(48792.00, 48792.00)
route 1, node_num 9, cost 830.410000, nodes: 0(120000.00, 120000.00) 469 541 131 205 625 946 171 1045 1011 1013 0(60685.00, 60685.00)
route 2, node_num 8, cost 798.868000, nodes: 0(120000.00, 120000.00) 1030 629 246 982 586 728 39 1019 0(62938.00, 62938.00)
route 3, node_num 8, cost 1145.242000, nodes: 0(120000.00, 120000.00) 1025 537 886 772 620 596 360 1091 0(38197.00, 38197.00)
route 4, node_num 8, cost 802.228000, nodes: 0(120000.00, 120000.00) 154 296 93 1079 805 933 275 1011 1013 0(62698.00, 62698.00)
route 5, node_num 7, cost 1179.122000, nodes: 0(120000.00, 120000.00) 1030 1008 1019 702 745 746 400 809 1008 1091 0(35777.00, 35777.00)
route 6, node_num 10, cost 1748.698000, nodes: 0(120000.00, 120000.00) 1029(89163.00, 89163.00) 1062 1046 83 125 329 788 29 33 1018 1019(19843.00, 24750.00) 0(0.00, 0.00)
route 7, node_num 8, cost 1670.788000, nodes: 0(120000.00, 120000.00) 1073 1020 1082 1031 849 143 607 723 1081 5 236 1010 1062 1031 1082 1020 1073 1013 0(658.00, 658.00)
route 8, node_num 8, cost 1301.580000, nodes: 0(120000.00, 120000.00) 877 480 984 976 810 492 1079 0(27030.00, 27030.00)
route 9, node_num 8, cost 906.486000, nodes: 0(120000.00, 120000.00) 997 1058 353 1093 255 1095 923 1011 691 1011 473 0(55251.00, 55251.00)
route 10, node_num 9, cost 1601.516000, nodes: 0(120000.00, 120000.00) 1030 1001 1059 1074 520 760 780 703 818 316 1005 1006 1008(21308.00, 21308.00) 1091 0(5606.00, 5606.00)
route 11, node_num 9, cost 780.584000, nodes: 0(120000.00, 120000.00) 1027 579 61 587 1097 656 1038 512 1027 270 1000 1027 0(64244.00, 64244.00)
route 12, node_num 8, cost 1659.784000, nodes: 0(120000.00, 120000.00) 1025 11 781 440 309 962 463 1092 1016 1025 1099 1079 0(1444.00, 1444.00)
route 13, node_num 7, cost 1420.762000, nodes: 0(120000.00, 120000.00) 660 264 1078 872 612 48 1049 1029 1013 0(18517.00, 18517.00)
route 14, node_num 8, cost 1358.812000, nodes: 0(120000.00, 120000.00) 289 167 879 806 815 1032 122 1060 1013 0(22942.00, 22942.00)
route 15, node_num 9, cost 955.864000, nodes: 0(120000.00, 120000.00) 1033 340 801 121 95 529 405 271 1055 1033 0(51724.00, 51724.00)
route 16, node_num 8, cost 1633.604000, nodes: 0(120000.00, 120000.00) 1073 1020 1082 1031 1066 132 1010 956 546 1061 873 408 690 1043 0(3314.00, 3314.00)
route 17, node_num 8, cost 1152.928000, nodes: 0(120000.00, 120000.00) 1030 1043 565 105 304 937 397 1085 278 1098 1045 1011 1013 0(37648.00, 37648.00)
route 18, node_num 8, cost 999.376000, nodes: 0(120000.00, 120000.00) 549 396 557 352 1032 712 486 0(48616.00, 48616.00)
route 19, node_num 8, cost 1040.984000, nodes: 0(120000.00, 120000.00) 1025 542 1053 720 533 366 50 479 1088 1011 1013 0(45644.00, 45644.00)
route 20, node_num 8, cost 1654.576000, nodes: 0(120000.00, 120000.00) 1030 1001 1059 1074 1003 452 181 281 1044 32 1070 426 1018 592 1057 1074 1059 1020 1073 1013 0(1816.00, 1816.00)
route 21, node_num 8, cost 1089.578000, nodes: 0(120000.00, 120000.00) 1012 1036 36 1099 489 1056 68 152 40 783 0(42173.00, 42173.00)
route 22, node_num 9, cost 938.294000, nodes: 0(120000.00, 120000.00) 545 926 925 413 1025 999 382 77 1060 1013 0(52979.00, 52979.00)
route 23, node_num 7, cost 1676.808000, nodes: 0(120000.00, 120000.00) 1030 1001 1059 1074 1006 330 41 238 632 744 1074 1059 1020 1073 1013 0(228.00, 228.00)
route 24, node_num 7, cost 191.604000, nodes: 0(120000.00, 120000.00) 277 315 1012 484 111 1004 948 0(106314.00, 106314.00)
route 25, node_num 7, cost 1122.898000, nodes: 0(120000.00, 120000.00) 1025 1053 899 932 284 754 482 0(39793.00, 39793.00)
route 26, node_num 8, cost 1638.154000, nodes: 0(120000.00, 120000.00) 1073 1020 1082 1031 1066 233 1070 99 955 395 197 80 1062 1031 1082 1020 1073 1013 0(2989.00, 2989.00)
route 27, node_num 8, cost 1203.034000, nodes: 0(120000.00, 120000.00) 700 819 851 1090 447 1057 75 94 1074 1059 1020 1073 1013 0(34069.00, 34069.00)
route 28, node_num 8, cost 1615.908000, nodes: 0(120000.00, 120000.00) 1030 1001 1059 1074 718 553 917 794 905 576 1016 1025 1099 1079 0(4578.00, 4578.00)
route 29, node_num 8, cost 1297.002000, nodes: 0(120000.00, 120000.00) 547 1060 90 163 73 826 965 1080 1045 1011 1013 0(27357.00, 27357.00)
route 30, node_num 8, cost 732.452000, nodes: 0(120000.00, 120000.00) 1012 21 862 1079 1013 621 1013 124 290 800 1013 0(67682.00, 67682.00)
route 31, node_num 11, cost 1705.494000, nodes: 0(120000.00, 120000.00) 1030 1007(82589.00, 82589.00) 614 439 229 276 856 1065(57259.00, 57259.00) 835 1077 1007 1089 1019(22929.00, 24750.00) 0(0.00, 0.00)
route 32, node_num 9, cost 833.938000, nodes: 0(120000.00, 120000.00) 189 850 1091 1030 403 351 188 364 645 1008 1091 0(60433.00, 60433.00)
route 33, node_num 8, cost 937.594000, nodes: 0(120000.00, 120000.00) 493 1036 103 287 446 406 1016 977 1060 1013 0(53029.00, 53029.00)
route 34, node_num 8, cost 1477.742000, nodes: 0(120000.00, 120000.00) 963 842 742 194 799 1092 158 1064 1099 1079 0(14447.00, 14447.00)
route 35, node_num 8, cost 1366.456000, nodes: 0(120000.00, 120000.00) 1030 1001 1059 1074 456 764 673 1003 170 635 729 1074 1059 1020 1073 1013 0(22396.00, 22396.00)
route 36, node_num 8, cost 1328.418000, nodes: 0(120000.00, 120000.00) 1025 1060 683 334 232 183 791 428 1052 1060 1013 0(25113.00, 25113.00)
route 37, node_num 7, cost 953.806000, nodes: 0(120000.00, 120000.00) 1025 650 1064 820 166 928 347 0(51871.00, 51871.00)
route 38, node_num 9, cost 1095.290000, nodes: 0(120000.00, 120000.00) 343 1058 404 113 1074 272 27 609 448 1020 1073 1013 0(41765.00, 41765.00)
route 39, node_num 8, cost 1010.870000, nodes: 0(120000.00, 120000.00) 1025 602 1025 102 578 1098 755 380 677 1073 1013 0(47795.00, 47795.00)
route 40, node_num 7, cost 1050.546000, nodes: 0(120000.00, 120000.00) 38 1083 617 626 739 1090 531 1060 1013 0(44961.00, 44961.00)
route 41, node_num 8, cost 1450.134000, nodes: 0(120000.00, 120000.00) 1030 1001 468 756 828 980 736 710 1090 1080 1045 1011 1013 0(16419.00, 16419.00)
route 42, node_num 7, cost 431.172000, nodes: 0(120000.00, 120000.00) 1028 540 212 381 1097 751 1097 737 1086 0(89202.00, 89202.00)
route 43, node_num 9, cost 1101.912000, nodes: 0(120000.00, 120000.00) 1073 834 560 930 31 74 184 975 1090 1080 1045 1011 1013 0(41292.00, 41292.00)
route 44, node_num 8, cost 1517.936000, nodes: 0(120000.00, 120000.00) 1030 1001 1059 536 655 100 365 526 682 1003 1031 1082 1020 1073 1013 0(11576.00, 11576.00)
route 45, node_num 8, cost 1479.604000, nodes: 0(120000.00, 120000.00) 226 449 54 435 198 13 1082 1020 1073 1013 0(14314.00, 14314.00)
route 46, node_num 8, cost 1278.452000, nodes: 0(120000.00, 120000.00) 1030 1043 430 907 1100 231 511 97 1031 633 1009 1020 1073 1013 0(28682.00, 28682.00)
route 47, node_num 8, cost 1517.418000, nodes: 0(120000.00, 120000.00) 1030 1008 1019 303 425 958 725 134 840 1014 1082 1020 1073 1013 0(11613.00, 11613.00)
route 48, node_num 8, cost 1399.454000, nodes: 0(120000.00, 120000.00) 1025 1088 415 944 714 377 524 144 1071 1088 1011 1013 0(20039.00, 20039.00)
route 49, node_num 7, cost 565.670000, nodes: 0(120000.00, 120000.00) 306 521 1079 142 201 636 0(79595.00, 79595.00)
route 50, node_num 8, cost 1323.910000, nodes: 0(120000.00, 120000.00) 1025 1053 1035 157 155 461 150 686 1090 161 1026 1095 1011 1013 0(25435.00, 25435.00)
route 51, node_num 8, cost 1308.902000, nodes: 0(120000.00, 120000.00) 1025 1053 1035 180 708 836 235 421 1053 267 1016 1025 1099 1079 0(26507.00, 26507.00)
route 52, node_num 8, cost 1227.352000, nodes: 0(120000.00, 120000.00) 1025 1088 577 678 859 242 991 802 1016 1025 1099 1079 0(32332.00, 32332.00)
route 53, node_num 9, cost 1688.106000, nodes: 0(120000.00, 120000.00) 1030 1001 1059 1074 1006 967 418 996 543 919 356 1084 1051(30709.00, 31288.00) 1013 0(0.00, 0.00)
route 54, node_num 8, cost 1080.296000, nodes: 0(120000.00, 120000.00) 1033 658 518 64 721 1094 871 173 1094 1033 0(42836.00, 42836.00)
route 55, node_num 9, cost 1906.772000, nodes: 0(120000.00, 120000.00) 1029(89163.00, 89659.00) 1031 1018 1070 128 770 954 209 938 1057 1008(0.00, 15702.00) 1091 0(0.00, 0.00)
route 56, node_num 7, cost 1548.218000, nodes: 0(120000.00, 120000.00) 1073 1020 1082 1031 1066 752 107 186 476 1062 986 1051 1013 0(9413.00, 9413.00)
route 57, node_num 9, cost 1821.694000, nodes: 0(120000.00, 120000.00) 1029(89163.00, 90576.00) 1066 1044 378 162 26 291 922 1026 1095 1011 1072(0.00, 8708.00) 0(0.00, 0.00)
route 58, node_num 8, cost 1180.746000, nodes: 0(120000.00, 120000.00) 191 676 821 522 1029 646 771 1029 1013 0(35661.00, 35661.00)
route 59, node_num 8, cost 1026.984000, nodes: 0(120000.00, 120000.00) 1030 1043 854 211 581 263 957 117 1091 0(46644.00, 46644.00)
route 60, node_num 8, cost 1619.492000, nodes: 0(120000.00, 120000.00) 1030 1043 1087 556 687 91 85 182 671 1065 1031 1082 1020 1073 1013 0(4322.00, 4322.00)
route 61, node_num 7, cost 1024.520000, nodes: 0(120000.00, 120000.00) 1033 559 321 256 573 146 1033 0(46820.00, 46820.00)
route 62, node_num 8, cost 1641.304000, nodes: 0(120000.00, 120000.00) 1030 1001 1059 1074 1006 966 145 519 978 857 588 1034 1006 1074 1059 1020 1073 1013 0(2764.00, 2764.00)
route 63, node_num 8, cost 559.062000, nodes: 0(120000.00, 120000.00) 300 733 359 624 135 878 1072 0(80067.00, 80067.00)
route 64, node_num 8, cost 1002.470000, nodes: 0(120000.00, 120000.00) 959 505 422 924 496 28 1072 0(48395.00, 48395.00)
route 65, node_num 8, cost 951.104000, nodes: 0(120000.00, 120000.00) 1073 1020 825 344 707 688 379 853 1073 1013 0(52064.00, 52064.00)
route 66, node_num 8, cost 1374.422000, nodes: 0(120000.00, 120000.00) 1073 1020 442 96 120 151 774 214 1002 1009 1020 1073 1013 0(21827.00, 21827.00)
route 67, node_num 8, cost 677.670000, nodes: 0(120000.00, 120000.00) 1033 326 1021 634 53 227 119 130 1055 1033 0(71595.00, 71595.00)
route 68, node_num 8, cost 1416.506000, nodes: 0(120000.00, 120000.00) 969 698 606 412 478 903 1023 1064 1099 1079 0(18821.00, 18821.00)
route 69, node_num 8, cost 706.188000, nodes: 0(120000.00, 120000.00) 1004 1058 798 914 175 341 864 42 1091 0(69558.00, 69558.00)
route 70, node_num 8, cost 1242.178000, nodes: 0(120000.00, 120000.00) 1025 444 1052 951 141 935 600 1023 523 1099 1079 0(31273.00, 31273.00)
route 71, node_num 8, cost 1532.734000, nodes: 0(120000.00, 120000.00) 1025 1053 1035 420 622 1092 653 735 1017 67 477 1016 1025 1099 1079 0(10519.00, 10519.00)
route 72, node_num 8, cost 1147.034000, nodes: 0(120000.00, 120000.00) 1073 1020 81 916 567 630 1001 551 616 1043 0(38069.00, 38069.00)
route 73, node_num 7, cost 1016.204000, nodes: 0(120000.00, 120000.00) 506 409 848 580 1016 192 1060 1013 0(47414.00, 47414.00)
route 74, node_num 9, cost 1041.250000, nodes: 0(120000.00, 120000.00) 1025 108 861 659 388 896 1026 320 534 1045 1011 1013 0(45625.00, 45625.00)
route 75, node_num 8, cost 1350.608000, nodes: 0(120000.00, 120000.00) 618 627 230 437 571 407 1023 1064 1099 1079 0(23528.00, 23528.00)
route 76, node_num 9, cost 1727.180000, nodes: 0(120000.00, 120000.00) 1029(89163.00, 89163.00) 1031 775 292 613 784 118 1050 1006 1008(12332.00, 15702.00) 1091 0(0.00, 0.00)
route 77, node_num 9, cost 409.920000, nodes: 0(120000.00, 120000.00) 1033 338 674 639 133 713 310 445 0(90720.00, 90720.00)
route 78, node_num 9, cost 790.356000, nodes: 0(120000.00, 120000.00) 1030 989 719 697 891 572 187 37 1055 1033 0(63546.00, 63546.00)
route 79, node_num 9, cost 1088.430000, nodes: 0(120000.00, 120000.00) 1033 1021 487 204 583 305 495 968 411 1069 0(42255.00, 42255.00)
route 80, node_num 8, cost 689.262000, nodes: 0(120000.00, 120000.00) 664 136 595 98 374 7 0(70767.00, 70767.00)
route 81, node_num 10, cost 1688.890000, nodes: 0(120000.00, 120000.00) 1030 1007(82589.00, 82589.00) 790 1061 860 1061(61415.00, 61415.00) 900 1061 528 517 1049 1075(38185.00, 38820.00) 1019 0(0.00, 0.00)
route 82, node_num 8, cost 1370.642000, nodes: 0(120000.00, 120000.00) 1025 319 498 768 1052 912 843 376 0(22097.00, 22097.00)
route 83, node_num 8, cost 1168.608000, nodes: 0(120000.00, 120000.00) 1030 1043 1090 883 490 332 637 10 391 1043 0(36528.00, 36528.00)
route 84, node_num 8, cost 844.256000, nodes: 0(120000.00, 120000.00) 1033 570 812 1008 823 443 669 1019 510 0(59696.00, 59696.00)
route 85, node_num 8, cost 1572.830000, nodes: 0(120000.00, 120000.00) 1025 393 433 177 608 1042 427 1037 988 1090 1080 1045 1011 1013 0(7655.00, 7655.00)
route 86, node_num 7, cost 1611.862000, nodes: 0(120000.00, 120000.00) 1030 1001 1059 1074 643 680 369 466 265 1033 0(4867.00, 4867.00)
route 87, node_num 8, cost 1028.944000, nodes: 0(120000.00, 120000.00) 1025 164 1088 1026 237 1026 190 345 668 693 1060 1013 0(46504.00, 46504.00)
route 88, node_num 9, cost 1217.286000, nodes: 0(120000.00, 120000.00) 1030 1001 1059 644 527 129 172 931 638 269 1074 1059 1020 1073 1013 0(33051.00, 33051.00)
route 89, node_num 8, cost 1388.114000, nodes: 0(120000.00, 120000.00) 1030 1008 1019 1 89 485 846 308 1014 106 1014 1082 1020 1073 1013 0(20849.00, 20849.00)
route 90, node_num 8, cost 823.592000, nodes: 0(120000.00, 120000.00) 1030 910 759 328 234 558 9 1073 1013 0(61172.00, 61172.00)
route 91, node_num 10, cost 1939.448000, nodes: 0(120000.00, 120000.00) 1030 1043 1098(87889.00, 87889.00) 1057 640 876 1042 961 1042 92 1050 562 869 1084(27723.00, 46255.00) 1020 1073 1013 0(0.00, 0.00)
route 92, node_num 9, cost 709.394000, nodes: 0(120000.00, 120000.00) 1030 662 777 178 1043 147 1043 858 123 336 1091 0(69329.00, 69329.00)
route 93, node_num 8, cost 258.832000, nodes: 0(120000.00, 120000.00) 994 12 973 970 216 509 0(101512.00, 101512.00)
route 94, node_num 8, cost 1455.902000, nodes: 0(120000.00, 120000.00) 1030 1001 1059 1074 30 599 727 1034 402 589 250 1093 1072 0(16007.00, 16007.00)
route 95, node_num 8, cost 711.004000, nodes: 0(120000.00, 120000.00) 1004 888 375 88 459 221 757 1091 0(69214.00, 69214.00)
route 96, node_num 8, cost 836.388000, nodes: 0(120000.00, 120000.00) 1030 257 471 390 465 491 203 1008 1091 0(60258.00, 60258.00)
route 97, node_num 8, cost 915.684000, nodes: 0(120000.00, 120000.00) 228 706 139 2 210 333 1033 0(54594.00, 54594.00)
route 98, node_num 9, cost 964.292000, nodes: 0(120000.00, 120000.00) 301 893 313 299 410 679 35 1020 1073 1013 0(51122.00, 51122.00)
route 99, node_num 8, cost 1465.268000, nodes: 0(120000.00, 120000.00) 294 224 470 293 758 358 0(15338.00, 15338.00)
route 100, node_num 8, cost 928.956000, nodes: 0(120000.00, 120000.00) 1012 1079 695 282 1093 773 601 985 1093 863 1091 0(53646.00, 53646.00)
route 101, node_num 6, cost 210.854000, nodes: 0(120000.00, 120000.00) 327 906 689 455 0(104939.00, 104939.00)
route 102, node_num 8, cost 1278.284000, nodes: 0(120000.00, 120000.00) 1030 1043 1009 179 112 34 165 779 1029 787 1019 0(28694.00, 28694.00)
route 103, node_num 7, cost 1344.882000, nodes: 0(120000.00, 120000.00) 1032 513 66 245 920 1068 786 1056 1079 0(23937.00, 23937.00)
route 104, node_num 8, cost 1324.862000, nodes: 0(120000.00, 120000.00) 921 16 898 1002 222 814 258 1033 0(25367.00, 25367.00)
route 105, node_num 6, cost 284.816000, nodes: 0(120000.00, 120000.00) 651 57 902 628 0(99656.00, 99656.00)
route 106, node_num 9, cost 762.076000, nodes: 0(120000.00, 120000.00) 153 563 18 548 240 1099 789 312 0(65566.00, 65566.00)
route 107, node_num 8, cost 926.800000, nodes: 0(120000.00, 120000.00) 1028 761 1013 419 481 3 361 346 1091 0(53800.00, 53800.00)
route 108, node_num 8, cost 774.844000, nodes: 0(120000.00, 120000.00) 1033 168 796 981 434 63 500 0(64654.00, 64654.00)
route 109, node_num 9, cost 1599.178000, nodes: 0(120000.00, 120000.00) 1030 1001 1059 1074 1003 623 79 803 474 594 279 1043(22290.00, 22290.00) 0(5773.00, 5773.00)
route 110, node_num 10, cost 1710.408000, nodes: 0(120000.00, 120000.00) 1030 1007 1078(75834.00, 75834.00) 591 692 223 590 215 776 1010 1007 1089 1019(22578.00, 24750.00) 0(0.00, 0.00)
route 111, node_num 9, cost 1242.752000, nodes: 0(120000.00, 120000.00) 1048 561 564 1022 880 971 436 219 454 1056 1079 0(31232.00, 31232.00)
route 112, node_num 9, cost 779.646000, nodes: 0(120000.00, 120000.00) 1012 824 1099 19 472 699 701 457 1025 649 1011 1013 0(64311.00, 64311.00)
route 113, node_num 8, cost 1421.154000, nodes: 0(120000.00, 120000.00) 1030 1001 1059 1074 318 550 260 337 904 870 1074 1059 1020 1073 1013 0(18489.00, 18489.00)
route 114, node_num 8, cost 1466.052000, nodes: 0(120000.00, 120000.00) 1030 603 574 792 350 325 104 1049 1029 1013 0(15282.00, 15282.00)
route 115, node_num 7, cost 1324.162000, nodes: 0(120000.00, 120000.00) 1032 716 51 1039 890 647 507 0(25417.00, 25417.00)
route 116, node_num 7, cost 284.620000, nodes: 0(120000.00, 120000.00) 311 738 684 398 462 0(99670.00, 99670.00)
route 117, node_num 7, cost 1535.254000, nodes: 0(120000.00, 120000.00) 1030 1001 1059 1074 1057 148 1084 160 992 822 483 1003 1031 1082 1020 1073 1013 0(10339.00, 10339.00)
route 118, node_num 8, cost 672.938000, nodes: 0(120000.00, 120000.00) 1028 881 838 72 711 156 1027 724 1038 0(71933.00, 71933.00)
route 119, node_num 8, cost 1082.816000, nodes: 0(120000.00, 120000.00) 1073 1020 882 749 901 4 501 6 1043 0(42656.00, 42656.00)
route 120, node_num 8, cost 1083.348000, nodes: 0(120000.00, 120000.00) 1030 763 225 22 1029 1020 417 666 841 1091 0(42618.00, 42618.00)
route 121, node_num 8, cost 1372.770000, nodes: 0(120000.00, 120000.00) 1030 731 1029 855 401 514 852 717 1007 1089 1019 0(21945.00, 21945.00)
route 122, node_num 8, cost 906.318000, nodes: 0(120000.00, 120000.00) 1030 817 734 56 631 387 748 1043 0(55263.00, 55263.00)
route 123, node_num 8, cost 548.912000, nodes: 0(120000.00, 120000.00) 1028 1097 1038 808 23 357 458 1038 70 1038 995 0(80792.00, 80792.00)
route 124, node_num 9, cost 1685.236000, nodes: 0(120000.00, 120000.00) 1030 1043 1087(88725.00, 88725.00) 837 875 43 244 704 1090 1043(16143.00, 16517.00) 0(0.00, 0.00)
route 125, node_num 8, cost 1365.224000, nodes: 0(120000.00, 120000.00) 1073 1020 1082 394 1082 705 598 15 373 432 1009 1020 1073 1013 0(22484.00, 22484.00)
route 126, node_num 8, cost 1152.116000, nodes: 0(120000.00, 120000.00) 1033 1069 785 251 554 615 889 722 1024 1055 1033 0(37706.00, 37706.00)
route 127, node_num 10, cost 1714.020000, nodes: 0(120000.00, 120000.00) 1029(89163.00, 89163.00) 1031 202 149 1047 672 929 525 947 1029 1008(13272.00, 15702.00) 1091 0(0.00, 0.00)
route 128, node_num 7, cost 1366.932000, nodes: 0(120000.00, 120000.00) 1030 1001 1059 1074 499 185 84 743 252 1029 1013 0(22362.00, 22362.00)
route 129, node_num 8, cost 1424.164000, nodes: 0(120000.00, 120000.00) 1030 1001 1059 1074 610 845 665 274 915 200 1090 1080 1045 1011 1013 0(18274.00, 18274.00)
route 130, node_num 8, cost 1311.590000, nodes: 0(120000.00, 120000.00) 1030 1008 1019 302 652 497 1007 76 383 86 1019 0(26315.00, 26315.00)
route 131, node_num 9, cost 1836.170000, nodes: 0(120000.00, 120000.00) 1030 1001 1059 1074 1057 1046 765 429 936 940 45 753 1063 1089(18348.00, 29503.00) 1019 0(0.00, 0.00)
route 132, node_num 8, cost 1304.786000, nodes: 0(120000.00, 120000.00) 1030 1001 1059 1074 866 895 795 62 1074 897 642 1059 1020 1073 1013 0(26801.00, 26801.00)
route 133, node_num 8, cost 715.764000, nodes: 0(120000.00, 120000.00) 1030 453 508 585 266 65 268 1091 0(68874.00, 68874.00)
route 134, node_num 7, cost 1172.164000, nodes: 0(120000.00, 120000.00) 1033 1069 832 974 539 349 259 1096 1086 0(36274.00, 36274.00)
route 135, node_num 8, cost 1188.978000, nodes: 0(120000.00, 120000.00) 1012 1079 254 1099 307 605 681 220 597 0(35073.00, 35073.00)
route 136, node_num 8, cost 808.164000, nodes: 0(120000.00, 120000.00) 1033 1069 1055 797 885 538 648 1021 641 1069 295 1033 0(62274.00, 62274.00)
route 137, node_num 8, cost 1150.786000, nodes: 0(120000.00, 120000.00) 1030 1043 964 793 243 60 372 530 1054 1091 0(37801.00, 37801.00)
route 138, node_num 9, cost 1081.206000, nodes: 0(120000.00, 120000.00) 1033 1069 990 1024 663 593 1024 20 438 847 283 1019 0(42771.00, 42771.00)
route 139, node_num 8, cost 1404.900000, nodes: 0(120000.00, 120000.00) 1073 1020 389 941 1062 348 1066 285 918 555 1074 1059 1020 1073 1013 0(19650.00, 19650.00)
route 140, node_num 8, cost 1045.954000, nodes: 0(120000.00, 120000.00) 1025 1060 804 1016 371 998 740 661 1080 288 1071 1088 1011 1013 0(45289.00, 45289.00)
route 141, node_num 8, cost 429.128000, nodes: 0(120000.00, 120000.00) 839 247 568 82 441 908 0(89348.00, 89348.00)
route 142, node_num 9, cost 1762.446000, nodes: 0(120000.00, 120000.00) 1029(89163.00, 89163.00) 1066 368 431 460 1070 1018 331 239 1082(27805.00, 33694.00) 1020 1073 1013 0(0.00, 0.00)
route 143, node_num 9, cost 926.758000, nodes: 0(120000.00, 120000.00) 423 604 1071 335 1071 782 367 829 1088 55 1060 1013 0(53803.00, 53803.00)
route 144, node_num 8, cost 1136.170000, nodes: 0(120000.00, 120000.00) 1030 1043 953 887 58 730 253 972 1033 0(38845.00, 38845.00)
route 145, node_num 9, cost 1098.244000, nodes: 0(120000.00, 120000.00) 1073 1020 685 1085 386 1059 867 535 399 949 750 1098 1045 1011 1013 0(41554.00, 41554.00)
route 146, node_num 8, cost 1524.152000, nodes: 0(120000.00, 120000.00) 884 1026 960 833 78 322 584 1052 1060 1013 0(11132.00, 11132.00)
route 147, node_num 8, cost 712.796000, nodes: 0(120000.00, 120000.00) 675 1072 196 657 943 515 115 1008 1091 0(69086.00, 69086.00)
route 148, node_num 6, cost 510.804000, nodes: 0(120000.00, 120000.00) 1028 762 1097 342 314 1097 467 0(83514.00, 83514.00)
route 149, node_num 8, cost 681.828000, nodes: 0(120000.00, 120000.00) 1012 450 1013 532 913 544 942 694 1091 0(71298.00, 71298.00)
route 150, node_num 8, cost 1089.732000, nodes: 0(120000.00, 120000.00) 1030 1008 1019 8 262 952 298 207 363 1019 0(42162.00, 42162.00)
route 151, node_num 8, cost 1248.618000, nodes: 0(120000.00, 120000.00) 1030 1043 1009 273 811 69 868 865 52 1009 1020 1073 1013 0(30813.00, 30813.00)
route 152, node_num 8, cost 606.396000, nodes: 0(120000.00, 120000.00) 1028 249 261 1013 993 726 1058 1036 241 451 0(76686.00, 76686.00)
route 153, node_num 8, cost 1366.442000, nodes: 0(120000.00, 120000.00) 1030 1001 1059 1074 24 950 193 362 101 248 1057 1074 1059 1020 1073 1013 0(22397.00, 22397.00)
route 154, node_num 8, cost 1108.506000, nodes: 0(120000.00, 120000.00) 1030 516 392 49 1067 199 1067 370 159 1019 0(40821.00, 40821.00)
route 155, node_num 7, cost 1629.110000, nodes: 0(120000.00, 120000.00) 1025 1053 1035 709 1017 424 979 582 114 1060 1013 0(3635.00, 3635.00)
route 156, node_num 8, cost 1268.218000, nodes: 0(120000.00, 120000.00) 1033 1021 137 339 894 844 807 323 1024 1055 1033 0(29413.00, 29413.00)
route 157, node_num 5, cost 282.576000, nodes: 0(120000.00, 120000.00) 911 670 767 0(99816.00, 99816.00)
route 158, node_num 9, cost 947.142000, nodes: 0(120000.00, 120000.00) 1030 1043 317 696 504 732 813 71 892 1045 1011 1013 0(52347.00, 52347.00)
route 159, node_num 9, cost 1045.128000, nodes: 0(120000.00, 120000.00) 464 218 1045 934 126 116 47 778 1098 1045 1011 1013 0(45348.00, 45348.00)
route 160, node_num 11, cost 1831.970000, nodes: 0(120000.00, 120000.00) 1029(89163.00, 89163.00) 1062 1046 502 176 355 619 769 1041(52015.00, 52015.00) 927 1047 1046 1084 1051 1008(4847.00, 15702.00) 1091 0(0.00, 0.00)
route 161, node_num 8, cost 789.376000, nodes: 0(120000.00, 120000.00) 1030 1008 195 110 25 816 1043 384 1030 1004 741 0(63616.00, 63616.00)
route 162, node_num 8, cost 522.914000, nodes: 0(120000.00, 120000.00) 1033 280 987 747 46 488 667 1033 0(82649.00, 82649.00)
route 163, node_num 9, cost 672.658000, nodes: 0(120000.00, 120000.00) 1033 654 206 174 140 324 354 297 1027 0(71953.00, 71953.00)
route 164, node_num 8, cost 928.620000, nodes: 0(120000.00, 120000.00) 1030 17 213 416 169 830 217 1043 0(53670.00, 53670.00)
route 165, node_num 8, cost 438.984000, nodes: 0(120000.00, 120000.00) 138 831 569 566 611 14 0(88644.00, 88644.00)
route 166, node_num 6, cost 370.608000, nodes: 0(120000.00, 120000.00) 1004 1091 109 475 1072 983 1004 286 0(93528.00, 93528.00)
route 167, node_num 9, cost 1055.698000, nodes: 0(120000.00, 120000.00) 1073 1020 939 127 87 874 503 414 575 1073 1013 0(44593.00, 44593.00)
route 168, node_num 8, cost 1336.160000, nodes: 0(120000.00, 120000.00) 494 945 552 208 59 1015 1075 909 1019 0(24560.00, 24560.00)
vehicle (route) number: 169
Total cost: 243354.91
246196.04, 16234.48
245518.83, 16282.35
246077.50, 22969.45
243503.93, 21379.64
243402.95, 18339.93
244763.03, 17030.24
244713.20, 16669.50
243960.20, 16669.32
243354.91, 16983.09
246589.44, 12968.56
