Details of the solution:
route 0, node_num 5, cost 402.458000, nodes: 0(120000.00, 120000.00) 631 972 1037 777 0(91253.00, 91253.00)
route 1, node_num 7, cost 626.598000, nodes: 0(120000.00, 120000.00) 1023 219 92 95 203 495 0(75243.00, 75243.00)
route 2, node_num 9, cost 527.632000, nodes: 0(120000.00, 120000.00) 1100 707 888 93 1029 815 231 1066 195 81 1066 0(82312.00, 82312.00)
route 3, node_num 8, cost 370.818000, nodes: 0(120000.00, 120000.00) 473 291 460 522 636 1100 39 0(93513.00, 93513.00)
route 4, node_num 8, cost 327.012000, nodes: 0(120000.00, 120000.00) 886 993 317 204 985 1067 489 0(96642.00, 96642.00)
route 5, node_num 8, cost 379.512000, nodes: 0(120000.00, 120000.00) 65 477 573 570 487 721 0(92892.00, 92892.00)
route 6, node_num 6, cost 300.678000, nodes: 0(120000.00, 120000.00) 944 580 279 359 0(98523.00, 98523.00)
route 7, node_num 7, cost 437.416000, nodes: 0(120000.00, 120000.00) 333 144 165 337 47 0(88756.00, 88756.00)
route 8, node_num 9, cost 552.818000, nodes: 0(120000.00, 120000.00) 294 88 367 1037 96 899 1067 627 1100 507 0(80513.00, 80513.00)
route 9, node_num 9, cost 491.918000, nodes: 0(120000.00, 120000.00) 960 1100 615 656 725 819 1067 501 929 0(84863.00, 84863.00)
route 10, node_num 9, cost 494.732000, nodes: 0(120000.00, 120000.00) 889 23 767 465 361 311 408 1066 0(84662.00, 84662.00)
route 11, node_num 8, cost 415.520000, nodes: 0(120000.00, 120000.00) 516 824 183 980 978 425 0(90320.00, 90320.00)
route 12, node_num 6, cost 211.470000, nodes: 0(120000.00, 120000.00) 461 220 89 442 0(104895.00, 104895.00)
route 13, node_num 9, cost 586.236000, nodes: 0(120000.00, 120000.00) 260 451 215 690 606 396 566 1023 0(78126.00, 78126.00)
route 14, node_num 7, cost 415.506000, nodes: 0(120000.00, 120000.00) 498 150 912 795 161 0(90321.00, 90321.00)
route 15, node_num 8, cost 496.342000, nodes: 0(120000.00, 120000.00) 468 558 792 388 852 692 0(84547.00, 84547.00)
route 16, node_num 8, cost 533.106000, nodes: 0(120000.00, 120000.00) 228 763 551 491 7 532 0(81921.00, 81921.00)
route 17, node_num 6, cost 476.756000, nodes: 0(120000.00, 120000.00) 1013 857 129 1044 55 609 0(85946.00, 85946.00)
route 18, node_num 8, cost 492.044000, nodes: 0(120000.00, 120000.00) 851 744 443 718 751 1037 48 0(84854.00, 84854.00)
route 19, node_num 6, cost 436.590000, nodes: 0(120000.00, 120000.00) 363 997 72 719 0(88815.00, 88815.00)
route 20, node_num 7, cost 715.750000, nodes: 0(120000.00, 120000.00) 1074 38 970 947 884 846 1093 0(68875.00, 68875.00)
route 21, node_num 8, cost 482.468000, nodes: 0(120000.00, 120000.00) 723 288 364 835 479 200 0(85538.00, 85538.00)
route 22, node_num 7, cost 939.330000, nodes: 0(120000.00, 120000.00) 439 571 963 1005 450 393 1064 0(52905.00, 52905.00)
route 23, node_num 7, cost 798.826000, nodes: 0(120000.00, 120000.00) 1064 35 793 622 591 953 1064 0(62941.00, 62941.00)
route 24, node_num 8, cost 736.848000, nodes: 0(120000.00, 120000.00) 617 290 1093 926 562 803 51 1064 0(67368.00, 67368.00)
route 25, node_num 7, cost 551.978000, nodes: 0(120000.00, 120000.00) 969 459 842 74 334 1064 0(80573.00, 80573.00)
route 26, node_num 7, cost 513.786000, nodes: 0(120000.00, 120000.00) 1037 971 181 309 790 142 1064 0(83301.00, 83301.00)
route 27, node_num 9, cost 757.246000, nodes: 0(120000.00, 120000.00) 205 130 745 1038 895 629 323 384 0(65911.00, 65911.00)
route 28, node_num 8, cost 664.748000, nodes: 0(120000.00, 120000.00) 585 1064 989 674 619 273 1038 126 0(72518.00, 72518.00)
route 29, node_num 7, cost 892.612000, nodes: 0(120000.00, 120000.00) 1074 320 123 224 1005 153 134 1064 0(56242.00, 56242.00)
route 30, node_num 7, cost 531.356000, nodes: 0(120000.00, 120000.00) 124 713 988 914 593 1064 0(82046.00, 82046.00)
route 31, node_num 7, cost 402.052000, nodes: 0(120000.00, 120000.00) 31 808 662 472 398 1064 0(91282.00, 91282.00)
route 32, node_num 7, cost 397.754000, nodes: 0(120000.00, 120000.00) 226 717 1064 845 293 240 0(91589.00, 91589.00)
route 33, node_num 8, cost 1144.164000, nodes: 0(120000.00, 120000.00) 1023 262 1019 284 1056 394 937 1019 242 614 1029 0(38274.00, 38274.00)
route 34, node_num 7, cost 495.222000, nodes: 0(120000.00, 120000.00) 868 533 586 348 164 0(84627.00, 84627.00)
route 35, node_num 8, cost 421.708000, nodes: 0(120000.00, 120000.00) 908 729 283 32 100 1044 941 0(89878.00, 89878.00)
route 36, node_num 8, cost 1095.010000, nodes: 0(120000.00, 120000.00) 1048 511 931 366 681 827 1048 956 1048 1093 0(41785.00, 41785.00)
route 37, node_num 11, cost 1548.078000, nodes: 0(120000.00, 120000.00) 1085(97648.00, 97648.00) 1002 1078 1018 1069 537 680 1072(68236.00, 68236.00) 734 1072(64446.00, 64446.00) 87 1069 416 1005(33497.00, 33497.00) 1064 0(9423.00, 9423.00)
route 38, node_num 8, cost 999.488000, nodes: 0(120000.00, 120000.00) 1049 789 1049 355 321 175 63 1048 171 1059 1093 0(48608.00, 48608.00)
route 39, node_num 7, cost 1339.380000, nodes: 0(120000.00, 120000.00) 866 399 607 99 1075 603 1018 1078 1002 1059 1093 0(24330.00, 24330.00)
route 40, node_num 9, cost 1599.276000, nodes: 0(120000.00, 120000.00) 1085(97648.00, 97648.00) 1011 1045 105 1061 865 50 467 526 1061 1091(20190.00, 20190.00) 1082 0(5766.00, 5766.00)
route 41, node_num 7, cost 1368.458000, nodes: 0(120000.00, 120000.00) 1049 6 1069 1075 699 783 1054 936 534 1094 1093 0(22253.00, 22253.00)
route 42, node_num 8, cost 1202.054000, nodes: 0(120000.00, 120000.00) 138 1078 1018 486 43 950 652 278 1042 1002 1059 1093 0(34139.00, 34139.00)
route 43, node_num 8, cost 847.756000, nodes: 0(120000.00, 120000.00) 1059 975 341 976 528 987 784 1083 1093 0(59446.00, 59446.00)
route 44, node_num 8, cost 1278.130000, nodes: 0(120000.00, 120000.00) 1091 1017 1076 1022 1090 362 218 340 685 1080 244 178 1045 1011 1051 0(28705.00, 28705.00)
route 45, node_num 10, cost 1475.838000, nodes: 0(120000.00, 120000.00) 1085(97648.00, 97648.00) 732 173 115 438 1061(65974.00, 65974.00) 212 1005(38657.00, 38657.00) 1064 0(14583.00, 14583.00)
route 46, node_num 7, cost 1179.066000, nodes: 0(120000.00, 120000.00) 77 137 689 37 221 1083 1093 0(35781.00, 35781.00)
route 47, node_num 7, cost 1179.934000, nodes: 0(120000.00, 120000.00) 1049 599 945 40 701 938 1094 1093 0(35719.00, 35719.00)
route 48, node_num 8, cost 1306.228000, nodes: 0(120000.00, 120000.00) 712 1048 354 402 267 85 928 1048 1093 0(26698.00, 26698.00)
route 49, node_num 7, cost 980.714000, nodes: 0(120000.00, 120000.00) 1059 812 797 295 878 779 1005 1064 0(49949.00, 49949.00)
route 50, node_num 8, cost 1431.584000, nodes: 0(120000.00, 120000.00) 122 485 967 19 882 1072 785 1083 1093 0(17744.00, 17744.00)
route 51, node_num 8, cost 1293.362000, nodes: 0(120000.00, 120000.00) 1048 628 263 42 71 774 762 1083 1093 0(27617.00, 27617.00)
route 52, node_num 7, cost 1416.954000, nodes: 0(120000.00, 120000.00) 1069 965 1072 844 858 1072 331 1072 964 1083 1093 0(18789.00, 18789.00)
route 53, node_num 8, cost 1165.780000, nodes: 0(120000.00, 120000.00) 1048 312 778 1094 552 29 597 353 1083 1093 0(36730.00, 36730.00)
route 54, node_num 8, cost 1415.638000, nodes: 0(120000.00, 120000.00) 616 869 909 555 799 949 1083 1093 0(18883.00, 18883.00)
route 55, node_num 8, cost 712.642000, nodes: 0(120000.00, 120000.00) 1091 471 418 208 994 434 1091 1082 289 1033 0(69097.00, 69097.00)
route 56, node_num 8, cost 1018.962000, nodes: 0(120000.00, 120000.00) 1091 1081 64 335 605 594 409 433 1033 0(47217.00, 47217.00)
route 57, node_num 8, cost 1065.582000, nodes: 0(120000.00, 120000.00) 430 1081 951 356 156 1046 84 266 1091 1082 0(43887.00, 43887.00)
route 58, node_num 8, cost 1079.344000, nodes: 0(120000.00, 120000.00) 1092 428 922 162 554 251 254 1058 0(42904.00, 42904.00)
route 59, node_num 8, cost 730.492000, nodes: 0(120000.00, 120000.00) 4 206 870 351 670 191 1096 1013 0(67822.00, 67822.00)
route 60, node_num 8, cost 565.432000, nodes: 0(120000.00, 120000.00) 921 542 1013 1096 298 1000 121 546 1096 1013 0(79612.00, 79612.00)
route 61, node_num 7, cost 970.214000, nodes: 0(120000.00, 120000.00) 1057 932 1081 397 634 108 152 1081 0(50699.00, 50699.00)
route 62, node_num 8, cost 676.760000, nodes: 0(120000.00, 120000.00) 1013 256 20 749 26 1091 515 1096 119 1013 0(71660.00, 71660.00)
route 63, node_num 8, cost 912.338000, nodes: 0(120000.00, 120000.00) 702 107 424 319 209 1043 1017 838 1033 0(54833.00, 54833.00)
route 64, node_num 7, cost 763.364000, nodes: 0(120000.00, 120000.00) 1033 811 488 1091 905 828 1017 677 1033 0(65474.00, 65474.00)
route 65, node_num 7, cost 777.938000, nodes: 0(120000.00, 120000.00) 1013 540 613 659 385 1057 658 1058 0(64433.00, 64433.00)
route 66, node_num 7, cost 926.114000, nodes: 0(120000.00, 120000.00) 374 557 704 1057 490 1081 782 1003 1058 0(53849.00, 53849.00)
route 67, node_num 8, cost 858.690000, nodes: 0(120000.00, 120000.00) 97 83 1056 833 556 1056 324 1056 243 0(58665.00, 58665.00)
route 68, node_num 7, cost 902.748000, nodes: 0(120000.00, 120000.00) 1057 386 216 942 700 15 1058 0(55518.00, 55518.00)
route 69, node_num 8, cost 1067.668000, nodes: 0(120000.00, 120000.00) 1091 1003 567 768 210 862 1017 543 1017 668 1091 1082 0(43738.00, 43738.00)
route 70, node_num 7, cost 1011.738000, nodes: 0(120000.00, 120000.00) 17 1058 1003 303 383 553 610 1033 0(47733.00, 47733.00)
route 71, node_num 8, cost 730.730000, nodes: 0(120000.00, 120000.00) 589 1013 611 68 403 708 106 1058 0(67805.00, 67805.00)
route 72, node_num 8, cost 919.436000, nodes: 0(120000.00, 120000.00) 781 1089 984 1016 268 1017 24 934 135 1033 0(54326.00, 54326.00)
route 73, node_num 7, cost 1477.406000, nodes: 0(120000.00, 120000.00) 1033 1089 1016 1043 1001 531 1084 463 277 973 539 1083 1093 0(14471.00, 14471.00)
route 74, node_num 10, cost 2035.642000, nodes: 0(120000.00, 120000.00) 1085(97648.00, 120000.00) 1028 1027 1007 1050 592 1073(72401.00, 72401.00) 456 563 496 624 1008 1039 1001(30154.00, 33205.00) 1043 1016 1091 1082 0(0.00, 0.00)
route 75, node_num 8, cost 1190.014000, nodes: 0(120000.00, 120000.00) 1091 1017 1076 1022 190 127 910 758 891 830 1011 1051 0(34999.00, 34999.00)
route 76, node_num 8, cost 1521.702000, nodes: 0(120000.00, 120000.00) 600 1072 246 157 46 94 849 1083 1093 0(11307.00, 11307.00)
route 77, node_num 10, cost 1854.258000, nodes: 0(120000.00, 120000.00) 255 623 621 302 1099 248 1095(42399.00, 42399.00) 118 1095 1071(36765.00, 49212.00) 1055 1007 1083 1093 0(0.00, 0.00)
route 78, node_num 10, cost 1773.702000, nodes: 0(120000.00, 120000.00) 1085(97648.00, 97648.00) 1002 1078 1018 1054 405 357 280 881 1099(51385.00, 51385.00) 780 1011(16503.00, 23196.00) 1051 0(0.00, 0.00)
route 79, node_num 8, cost 1547.868000, nodes: 0(120000.00, 120000.00) 1069 1075 132 315 1054 446 382 1055 475 1007 470 1080 1043 1016 1091 1082 0(9438.00, 9438.00)
route 80, node_num 8, cost 1605.982000, nodes: 0(120000.00, 120000.00) 1048 305 1069 523 669 141 861 410 1055 1007 1083 1093 0(5287.00, 5287.00)
route 81, node_num 10, cost 1872.962000, nodes: 0(120000.00, 120000.00) 1085(97648.00, 97648.00) 1028 1027 494 1055(70337.00, 110337.00) 525 160 128 346 1095(80911.00, 80911.00) 1071 1055 1007 1083 1093 0(26217.00, 26217.00)
route 82, node_num 8, cost 1874.530000, nodes: 0(120000.00, 120000.00) 1069 1075 1055 1071 230 661 3 918 308 1071 1055(31997.00, 45892.00) 1007 1083 1093 0(0.00, 0.00)
route 83, node_num 10, cost 1786.246000, nodes: 0(120000.00, 120000.00) 1085(97648.00, 97648.00) 1002 1078 1018 1054 413 1041(63685.00, 87685.00) 404 711 754 755 1071 1055 1007(58441.00, 58441.00) 1083 1093 0(16411.00, 16411.00)
route 84, node_num 9, cost 1708.616000, nodes: 0(120000.00, 120000.00) 1091 1003(93007.00, 95051.00) 1043 1001 801 954 561 358 583 60 1071 1055 1007 1083 1093 0(0.00, 0.00)
route 85, node_num 10, cost 1753.402000, nodes: 0(120000.00, 120000.00) 1085(97648.00, 120000.00) 1002 1078 1018 1054 1055 1071 186 1047 196 1047(78790.00, 78790.00) 307 483 233 1035 1004 1081(40221.00, 40221.00) 0(17109.00, 17109.00)
route 86, node_num 8, cost 1687.672000, nodes: 0(120000.00, 120000.00) 1091 1003(93007.00, 93555.00) 1043 1080 1054 1055 726 330 423 421 1095 503 1055 1007 1083 1093 0(0.00, 0.00)
route 87, node_num 11, cost 1710.884000, nodes: 0(120000.00, 120000.00) 1069 429 1055(67915.00, 67915.00) 855 1055(65960.00, 65960.00) 352 250 505 933 1004 1081(20906.00, 23112.00) 0(0.00, 0.00)
route 88, node_num 8, cost 1378.076000, nodes: 0(120000.00, 120000.00) 1091 1017 1076 1022 1090 761 1075 458 907 53 696 1054 482 1083 1093 0(21566.00, 21566.00)
route 89, node_num 7, cost 1349.824000, nodes: 0(120000.00, 120000.00) 927 1069 259 565 103 823 1083 1093 0(23584.00, 23584.00)
route 90, node_num 8, cost 1515.108000, nodes: 0(120000.00, 120000.00) 1033 752 1018 36 411 1055 390 1035 292 1054 714 1083 1093 0(11778.00, 11778.00)
route 91, node_num 8, cost 816.606000, nodes: 0(120000.00, 120000.00) 44 727 140 1093 198 1002 379 235 1059 1093 0(61671.00, 61671.00)
route 92, node_num 7, cost 679.602000, nodes: 0(120000.00, 120000.00) 1074 837 924 649 885 13 1059 1093 0(71457.00, 71457.00)
route 93, node_num 8, cost 1002.932000, nodes: 0(120000.00, 120000.00) 18 1033 1091 1017 1076 883 159 874 925 647 1011 1051 0(48362.00, 48362.00)
route 94, node_num 8, cost 964.894000, nodes: 0(120000.00, 120000.00) 1013 499 1085 1011 906 576 301 310 299 1028 1038 0(51079.00, 51079.00)
route 95, node_num 8, cost 871.948000, nodes: 0(120000.00, 120000.00) 58 904 875 67 753 641 1059 1093 0(57718.00, 57718.00)
route 96, node_num 8, cost 965.524000, nodes: 0(120000.00, 120000.00) 1033 1089 946 1076 322 300 879 653 1011 854 1051 0(51034.00, 51034.00)
route 97, node_num 8, cost 814.506000, nodes: 0(120000.00, 120000.00) 765 377 349 804 1011 91 664 1059 1093 0(61821.00, 61821.00)
route 98, node_num 8, cost 1021.370000, nodes: 0(120000.00, 120000.00) 1091 1045 372 454 1027 916 913 306 820 1011 1051 0(47045.00, 47045.00)
route 99, node_num 8, cost 957.782000, nodes: 0(120000.00, 120000.00) 1033 1011 773 1002 328 1045 738 940 329 536 1011 1051 0(51587.00, 51587.00)
route 100, node_num 8, cost 1229.494000, nodes: 0(120000.00, 120000.00) 197 1022 520 136 1090 564 508 375 1059 1093 0(32179.00, 32179.00)
route 101, node_num 7, cost 950.054000, nodes: 0(120000.00, 120000.00) 185 478 417 759 258 1089 1033 0(52139.00, 52139.00)
route 102, node_num 8, cost 757.666000, nodes: 0(120000.00, 120000.00) 338 237 79 635 365 748 0(65881.00, 65881.00)
route 103, node_num 9, cost 682.500000, nodes: 0(120000.00, 120000.00) 687 158 974 695 646 892 182 1038 0(71250.00, 71250.00)
route 104, node_num 7, cost 844.354000, nodes: 0(120000.00, 120000.00) 535 436 297 736 145 1083 1093 0(59689.00, 59689.00)
route 105, node_num 8, cost 898.856000, nodes: 0(120000.00, 120000.00) 445 368 1063 691 236 492 769 1083 1093 0(55796.00, 55796.00)
route 106, node_num 8, cost 1068.018000, nodes: 0(120000.00, 120000.00) 102 831 632 1049 559 1078 529 598 1059 1093 0(43713.00, 43713.00)
route 107, node_num 8, cost 970.676000, nodes: 0(120000.00, 120000.00) 227 1063 608 166 1063 682 234 601 1059 1093 0(50666.00, 50666.00)
route 108, node_num 9, cost 1906.268000, nodes: 0(120000.00, 120000.00) 1085(97648.00, 97648.00) 1009 1088 643 1068 406 977 22 794 1088 1003 1058(1877.00, 18039.00) 0(0.00, 0.00)
route 109, node_num 8, cost 1789.214000, nodes: 0(120000.00, 120000.00) 1092 1052 1034 1021 1077 568 426 304 414 222 1008 1011 1051(6254.00, 14055.00) 0(0.00, 0.00)
route 110, node_num 9, cost 2030.980000, nodes: 0(120000.00, 120000.00) 1091 1081(92093.00, 103108.00) 1007 1050 1041 506 427 504 432 898 1011 1051(0.00, 14055.00) 0(0.00, 0.00)
route 111, node_num 8, cost 1454.194000, nodes: 0(120000.00, 120000.00) 1033 1089 1016 651 1076 1022 1090 238 961 33 401 325 1043 1016 1091 1082 0(16129.00, 16129.00)
route 112, node_num 9, cost 1674.036000, nodes: 0(120000.00, 120000.00) 1085(97648.00, 97648.00) 1028 1027 1080 582 326 983 207 548 1004 1081(23538.00, 23538.00) 0(426.00, 426.00)
route 113, node_num 11, cost 1789.228000, nodes: 0(120000.00, 120000.00) 1091(100789.00, 100789.00) 935 1081 1004(82683.00, 82683.00) 133 272 391 249 11 1050(41692.00, 49494.00) 1007 1083 1093 0(0.00, 0.00)
route 114, node_num 7, cost 1530.424000, nodes: 0(120000.00, 120000.00) 959 1084 336 287 276 514 1001 1043 1016 1091 1082 0(10684.00, 10684.00)
route 115, node_num 9, cost 1914.682000, nodes: 0(120000.00, 120000.00) 1085(97648.00, 97648.00) 1009 1062 999 672 187 49 602 1088 1081(6349.00, 23112.00) 0(0.00, 0.00)
route 116, node_num 8, cost 1596.504000, nodes: 0(120000.00, 120000.00) 1092 1046 192 1009 447 176 202 1039 343 739 1033 0(5964.00, 5964.00)
route 117, node_num 10, cost 2049.194000, nodes: 0(120000.00, 120000.00) 1085(97648.00, 97648.00) 1011 117 841 731 453 1062(36171.00, 48487.00) 519 1008 1011 1051(0.00, 14055.00) 0(0.00, 0.00)
route 118, node_num 10, cost 1561.966000, nodes: 0(120000.00, 120000.00) 1085(97648.00, 97648.00) 1028 1022 595 832 261 678 54 275 1088 1043(35066.00, 35066.00) 1016 1091 1082 0(8431.00, 8431.00)
route 119, node_num 11, cost 1667.778000, nodes: 0(120000.00, 120000.00) 1085(97648.00, 97648.00) 1028 1022 27 1039 264 481 241 1008(57698.00, 57698.00) 968 737 1088 1009(35979.00, 35979.00) 1016 1091 1082 0(873.00, 873.00)
route 120, node_num 10, cost 1669.178000, nodes: 0(120000.00, 120000.00) 1085(97648.00, 120000.00) 1028 1022 740 655 1039(93143.00, 93143.00) 816 111 990 1089(43465.00, 43465.00) 1033 0(23125.00, 23125.00)
route 121, node_num 8, cost 1378.174000, nodes: 0(120000.00, 120000.00) 1033 1089 1016 1043 1001 788 896 863 211 217 1084 252 1009 1016 1091 1082 0(21559.00, 21559.00)
route 122, node_num 9, cost 1682.366000, nodes: 0(120000.00, 120000.00) 1085(97648.00, 97648.00) 1002 422 148 853 903 856 1004(32338.00, 32507.00) 1016 1091 1082 0(0.00, 0.00)
route 123, node_num 8, cost 1366.064000, nodes: 0(120000.00, 120000.00) 1033 1089 1016 274 1009 757 76 500 184 743 1033 0(22424.00, 22424.00)
route 124, node_num 8, cost 1479.786000, nodes: 0(120000.00, 120000.00) 1033 1089 1016 1043 625 1009 590 1084 802 864 12 1007 962 1059 1093 0(14301.00, 14301.00)
route 125, node_num 9, cost 1535.114000, nodes: 0(120000.00, 120000.00) 1085(97648.00, 120000.00) 484 509 201 444 900 1088 1009(67807.00, 67807.00) 1016 1091 1082 0(32701.00, 32701.00)
route 126, node_num 7, cost 1490.104000, nodes: 0(120000.00, 120000.00) 1092 1052 1034 1021 991 116 638 380 101 1088 1033 0(13564.00, 13564.00)
route 127, node_num 8, cost 1062.474000, nodes: 0(120000.00, 120000.00) 1033 1082 860 1016 787 901 513 512 431 1076 1016 1091 1082 0(44109.00, 44109.00)
route 128, node_num 8, cost 1101.478000, nodes: 0(120000.00, 120000.00) 709 1017 995 412 1001 741 1004 642 1001 1043 626 1016 1091 1082 0(41323.00, 41323.00)
route 129, node_num 8, cost 921.368000, nodes: 0(120000.00, 120000.00) 1033 1089 1016 98 716 560 574 120 697 1033 0(54188.00, 54188.00)
route 130, node_num 8, cost 1077.216000, nodes: 0(120000.00, 120000.00) 1091 791 1081 510 902 345 705 41 1004 1016 1091 1082 0(43056.00, 43056.00)
route 131, node_num 9, cost 942.466000, nodes: 0(120000.00, 120000.00) 1033 1089 939 876 59 544 618 10 958 0(52681.00, 52681.00)
route 132, node_num 8, cost 1074.472000, nodes: 0(120000.00, 120000.00) 1033 1089 1016 8 1076 822 25 1004 131 474 1076 694 1016 1091 1082 0(43252.00, 43252.00)
route 133, node_num 9, cost 979.748000, nodes: 0(120000.00, 120000.00) 1033 1089 199 1017 843 764 948 834 943 930 1043 1016 1091 1082 0(50018.00, 50018.00)
route 134, node_num 7, cost 1109.752000, nodes: 0(120000.00, 120000.00) 1033 1089 1016 1043 350 247 688 21 1004 370 1004 1016 1091 1082 0(40732.00, 40732.00)
route 135, node_num 8, cost 1264.396000, nodes: 0(120000.00, 120000.00) 1033 1089 644 114 1022 139 5 800 877 0(29686.00, 29686.00)
route 136, node_num 8, cost 1299.256000, nodes: 0(120000.00, 120000.00) 1033 1089 1016 1043 1001 584 772 981 966 378 545 1076 1016 1091 1082 0(27196.00, 27196.00)
route 137, node_num 8, cost 1210.706000, nodes: 0(120000.00, 120000.00) 1033 1089 1016 269 174 1009 640 239 229 257 1036 1043 1016 1091 1082 0(33521.00, 33521.00)
route 138, node_num 8, cost 899.220000, nodes: 0(120000.00, 120000.00) 1033 893 360 569 147 639 587 1033 0(55770.00, 55770.00)
route 139, node_num 7, cost 1058.400000, nodes: 0(120000.00, 120000.00) 1091 225 550 146 387 836 1033 0(44400.00, 44400.00)
route 140, node_num 8, cost 1300.124000, nodes: 0(120000.00, 120000.00) 1092 1046 724 825 169 1052 604 1052 850 1052 271 1043 1016 1091 1082 0(27134.00, 27134.00)
route 141, node_num 8, cost 1264.256000, nodes: 0(120000.00, 120000.00) 1092 775 420 82 1088 715 1053 2 28 1043 1016 1091 1082 0(29696.00, 29696.00)
route 142, node_num 8, cost 1293.026000, nodes: 0(120000.00, 120000.00) 1033 1089 1016 1043 151 1004 149 1036 253 154 163 381 1084 1001 1043 1016 1091 1082 0(27641.00, 27641.00)
route 143, node_num 7, cost 1231.174000, nodes: 0(120000.00, 120000.00) 1033 1089 1016 1043 1053 332 796 1 296 1088 517 1033 0(32059.00, 32059.00)
route 144, node_num 7, cost 1183.154000, nodes: 0(120000.00, 120000.00) 1092 809 143 61 1032 684 1031 1065 57 0(35489.00, 35489.00)
route 145, node_num 8, cost 1678.670000, nodes: 0(120000.00, 120000.00) 1092 1032 518 1098 1040 620 665 1010 817 1010 1040 1098 435 1060 1056(19973.00, 19973.00) 0(95.00, 95.00)
route 146, node_num 8, cost 1225.252000, nodes: 0(120000.00, 120000.00) 1092 887 742 80 867 344 1046 30 1033 0(32482.00, 32482.00)
route 147, node_num 8, cost 1158.794000, nodes: 0(120000.00, 120000.00) 1092 1031 920 915 502 66 698 1031 1019 180 0(37229.00, 37229.00)
route 148, node_num 8, cost 1250.074000, nodes: 0(120000.00, 120000.00) 1033 189 633 400 415 1052 313 110 1046 1091 1082 0(30709.00, 30709.00)
route 149, node_num 8, cost 1251.460000, nodes: 0(120000.00, 120000.00) 1092 448 992 452 979 493 1032 34 1056 0(30610.00, 30610.00)
route 150, node_num 8, cost 1231.678000, nodes: 0(120000.00, 120000.00) 1057 469 1065 660 645 9 747 1014 572 1065 0(32023.00, 32023.00)
route 151, node_num 7, cost 1344.238000, nodes: 0(120000.00, 120000.00) 1057 798 871 285 1065 1031 923 179 1032 1092 0(23983.00, 23983.00)
route 152, node_num 8, cost 1272.558000, nodes: 0(120000.00, 120000.00) 62 339 530 735 1092 170 316 1086 0(29103.00, 29103.00)
route 153, node_num 8, cost 1310.582000, nodes: 0(120000.00, 120000.00) 1092 648 683 897 172 722 982 1033 0(26387.00, 26387.00)
route 154, node_num 9, cost 1608.306000, nodes: 0(120000.00, 120000.00) 1092 1032 1098 78 578 1040 596 441 1020 245 746 1098 1056(24999.00, 24999.00) 0(5121.00, 5121.00)
route 155, node_num 8, cost 1376.242000, nodes: 0(120000.00, 120000.00) 1092 1031 419 693 1014 917 750 957 1079 214 1032 1092 0(21697.00, 21697.00)
route 156, node_num 7, cost 1437.968000, nodes: 0(120000.00, 120000.00) 1033 710 1057 265 1092 776 770 462 1019 1023 0(17288.00, 17288.00)
route 157, node_num 8, cost 1489.978000, nodes: 0(120000.00, 120000.00) 1092 480 282 1098 56 167 112 1079 342 1032 1092 0(13573.00, 13573.00)
route 158, node_num 7, cost 1259.048000, nodes: 0(120000.00, 120000.00) 1092 376 177 859 848 1026 541 1033 0(30068.00, 30068.00)
route 159, node_num 8, cost 1148.966000, nodes: 0(120000.00, 120000.00) 1057 807 75 109 86 703 1086 813 1033 0(37931.00, 37931.00)
route 160, node_num 8, cost 1412.320000, nodes: 0(120000.00, 120000.00) 1023 829 1019 1031 637 440 911 73 194 1014 1031 1092 0(19120.00, 19120.00)
route 161, node_num 8, cost 1324.498000, nodes: 0(120000.00, 120000.00) 986 104 814 1092 679 1031 630 1032 1057 347 1058 0(25393.00, 25393.00)
route 162, node_num 9, cost 1689.394000, nodes: 0(120000.00, 120000.00) 1091 1081(92093.00, 92093.00) 1006 650 455 720 847 890 1030 1024(43916.00, 44587.00) 1058 0(0.00, 0.00)
route 163, node_num 8, cost 1363.250000, nodes: 0(120000.00, 120000.00) 1092 577 873 113 213 457 1021 686 1033 0(22625.00, 22625.00)
route 164, node_num 8, cost 1644.762000, nodes: 0(120000.00, 120000.00) 1092 1032 1098 449 395 549 69 575 840 1040 1032 1092 0(2517.00, 2517.00)
route 165, node_num 7, cost 1381.016000, nodes: 0(120000.00, 120000.00) 1092 1026 52 579 286 497 1087 673 1033 0(21356.00, 21356.00)
route 166, node_num 7, cost 1479.268000, nodes: 0(120000.00, 120000.00) 1092 756 369 663 676 389 1087 1052 1046 1091 1082 0(14338.00, 14338.00)
route 167, node_num 8, cost 1557.528000, nodes: 0(120000.00, 120000.00) 1033 955 1046 407 281 1020 327 766 1026 1081(31860.00, 31860.00) 0(8748.00, 8748.00)
route 168, node_num 11, cost 1539.272000, nodes: 0(120000.00, 120000.00) 1091 1081(92093.00, 100093.00) 193 1006 270 996 1087(78267.00, 78267.00) 318 657 476 1012 1025 1086 1058(36091.00, 36091.00) 0(18052.00, 18052.00)
route 169, node_num 11, cost 1615.502000, nodes: 0(120000.00, 120000.00) 1092 733 1024(67950.00, 67950.00) 223 588 521 1024(61050.00, 61050.00) 760 771 1026 1086 1058(22646.00, 22646.00) 0(4607.00, 4607.00)
route 170, node_num 8, cost 1485.974000, nodes: 0(120000.00, 120000.00) 1092 1052 839 818 671 826 666 581 1077 1052 1046 1091 1082 0(13859.00, 13859.00)
route 171, node_num 8, cost 1375.626000, nodes: 0(120000.00, 120000.00) 1086 919 464 14 524 952 1021 675 1033 0(21741.00, 21741.00)
route 172, node_num 8, cost 1373.498000, nodes: 0(120000.00, 120000.00) 1092 1052 1034 612 786 188 1021 437 1021 466 232 1052 1046 1091 1082 0(21893.00, 21893.00)
route 173, node_num 8, cost 1559.194000, nodes: 0(120000.00, 120000.00) 1092 872 1006 371 125 155 1087 821 998 1077 1052 1046 1091 1082 0(8629.00, 8629.00)
route 174, node_num 7, cost 1592.360000, nodes: 0(120000.00, 120000.00) 1092 1052 1034 168 1087 728 654 706 45 1021 1052 1046 1091 1082 0(6260.00, 6260.00)
route 175, node_num 9, cost 1754.438000, nodes: 0(120000.00, 120000.00) 1085(97648.00, 97648.00) 1009 1088 16 373 667 810 1062 806 1033(7621.00, 12938.00) 0(0.00, 0.00)
route 176, node_num 10, cost 1711.108000, nodes: 0(120000.00, 120000.00) 1092 1052 1034 1021 1077 70 314 1087(63415.00, 63415.00) 392 538 90 805 1021 1070(35593.00, 37815.00) 1052 1046 1091 1082 0(0.00, 0.00)
route 177, node_num 9, cost 1895.446000, nodes: 0(120000.00, 120000.00) 1085(97648.00, 97648.00) 1009 1088 1068 894 880 547 730 527 1062 1039 1036(17880.00, 33269.00) 1043 1016 1091 1082 0(0.00, 0.00)
vehicle (route) number: 178
Total cost: 257410.81
263538.74, 16249.24
263257.48, 16233.38
263340.24, 16229.01
262024.34, 16284.18
261204.08, 16220.91
260364.44, 16211.58
260492.18, 16209.17
259159.60, 16205.42
257984.77, 16200.67
257410.81, 16202.11
