Details of the solution:
route 0, node_num 8, cost 1103.088000, nodes: 0(120000.00, 120000.00) 539 40 777 887 376 307 0(41208.00, 41208.00)
route 1, node_num 8, cost 815.514000, nodes: 0(120000.00, 120000.00) 1023 382 877 819 823 597 164 0(61749.00, 61749.00)
route 2, node_num 7, cost 1262.660000, nodes: 0(120000.00, 120000.00) 955 651 785 649 783 0(29810.00, 29810.00)
route 3, node_num 8, cost 1321.194000, nodes: 0(120000.00, 120000.00) 1023 267 1036 617 421 11 1043 508 643 0(25629.00, 25629.00)
route 4, node_num 8, cost 1219.568000, nodes: 0(120000.00, 120000.00) 1026 1075 55 860 807 486 945 763 0(32888.00, 32888.00)
route 5, node_num 7, cost 1436.344000, nodes: 0(120000.00, 120000.00) 1023 737 753 574 828 839 0(17404.00, 17404.00)
route 6, node_num 8, cost 1085.028000, nodes: 0(120000.00, 120000.00) 673 1032 472 19 1032 254 961 674 0(42498.00, 42498.00)
route 7, node_num 9, cost 1407.574000, nodes: 0(120000.00, 120000.00) 1021(81946.00, 85946.00) 478 407 319 632 493 1003(32574.00, 32574.00) 0(23459.00, 23459.00)
route 8, node_num 8, cost 1340.626000, nodes: 0(120000.00, 120000.00) 166 880 940 978 1000 457 0(24241.00, 24241.00)
route 9, node_num 10, cost 1468.348000, nodes: 0(120000.00, 120000.00) 1022(83916.00, 120000.00) 461 848 1087(106491.00, 106491.00) 78 570 698 1039(100775.00, 100775.00) 0(51202.00, 51202.00)
route 10, node_num 8, cost 1109.836000, nodes: 0(120000.00, 120000.00) 1026 154 604 287 396 947 152 1061 0(40726.00, 40726.00)
route 11, node_num 8, cost 1024.660000, nodes: 0(120000.00, 120000.00) 1023 261 1041 90 904 144 371 77 1023 0(46810.00, 46810.00)
route 12, node_num 8, cost 1247.246000, nodes: 0(120000.00, 120000.00) 1026 931 553 489 518 1089 580 50 1061 0(30911.00, 30911.00)
route 13, node_num 7, cost 992.264000, nodes: 0(120000.00, 120000.00) 672 645 1089 409 366 687 1064 0(49124.00, 49124.00)
route 14, node_num 8, cost 1211.868000, nodes: 0(120000.00, 120000.00) 1026 446 569 103 423 240 36 0(33438.00, 33438.00)
route 15, node_num 7, cost 1212.568000, nodes: 0(120000.00, 120000.00) 1023 532 615 682 974 114 0(33388.00, 33388.00)
route 16, node_num 7, cost 1150.016000, nodes: 0(120000.00, 120000.00) 1023 475 1003 510 975 922 242 1081 1003 0(37856.00, 37856.00)
route 17, node_num 6, cost 1035.020000, nodes: 0(120000.00, 120000.00) 1026 1041 713 946 18 312 0(46070.00, 46070.00)
route 18, node_num 7, cost 1175.678000, nodes: 0(120000.00, 120000.00) 1023 415 678 406 929 1083 1070 192 0(36023.00, 36023.00)
route 19, node_num 7, cost 960.820000, nodes: 0(120000.00, 120000.00) 1023 288 335 161 237 932 0(51370.00, 51370.00)
route 20, node_num 7, cost 592.116000, nodes: 0(120000.00, 120000.00) 1023 266 745 939 374 117 1023 0(77706.00, 77706.00)
route 21, node_num 8, cost 1113.798000, nodes: 0(120000.00, 120000.00) 1026 1041 774 792 775 605 275 404 1064 0(40443.00, 40443.00)
route 22, node_num 6, cost 780.094000, nodes: 0(120000.00, 120000.00) 1023 692 496 786 3 1023 0(64279.00, 64279.00)
route 23, node_num 8, cost 1216.012000, nodes: 0(120000.00, 120000.00) 1026 551 473 190 345 320 749 1003 0(33142.00, 33142.00)
route 24, node_num 7, cost 654.584000, nodes: 0(120000.00, 120000.00) 1023 545 453 906 9 817 0(73244.00, 73244.00)
route 25, node_num 7, cost 986.118000, nodes: 0(120000.00, 120000.00) 1023 328 44 419 1064 654 306 0(49563.00, 49563.00)
route 26, node_num 6, cost 958.580000, nodes: 0(120000.00, 120000.00) 1023 772 588 657 660 0(51530.00, 51530.00)
route 27, node_num 8, cost 737.114000, nodes: 0(120000.00, 120000.00) 541 218 879 353 1064 559 943 0(67349.00, 67349.00)
route 28, node_num 8, cost 908.754000, nodes: 0(120000.00, 120000.00) 1023 290 736 495 282 705 702 1003 0(55089.00, 55089.00)
route 29, node_num 8, cost 729.946000, nodes: 0(120000.00, 120000.00) 1023 614 822 535 136 994 724 1003 0(67861.00, 67861.00)
route 30, node_num 7, cost 833.364000, nodes: 0(120000.00, 120000.00) 1023 999 102 524 108 413 1067 1003 0(60474.00, 60474.00)
route 31, node_num 6, cost 715.036000, nodes: 0(120000.00, 120000.00) 1026 640 930 655 1064 124 0(68926.00, 68926.00)
route 32, node_num 7, cost 674.562000, nodes: 0(120000.00, 120000.00) 1023 497 499 942 65 359 1003 0(71817.00, 71817.00)
route 33, node_num 8, cost 854.406000, nodes: 0(120000.00, 120000.00) 1023 813 536 958 509 234 361 1067 1003 0(58971.00, 58971.00)
route 34, node_num 6, cost 973.630000, nodes: 0(120000.00, 120000.00) 1023 255 598 976 301 0(50455.00, 50455.00)
route 35, node_num 7, cost 909.706000, nodes: 0(120000.00, 120000.00) 1023 341 581 313 641 663 0(55021.00, 55021.00)
route 36, node_num 8, cost 889.084000, nodes: 0(120000.00, 120000.00) 1023 558 210 642 628 993 98 0(56494.00, 56494.00)
route 37, node_num 7, cost 896.350000, nodes: 0(120000.00, 120000.00) 1023 776 391 636 658 599 1003 0(55975.00, 55975.00)
route 38, node_num 8, cost 1285.452000, nodes: 0(120000.00, 120000.00) 1026 367 935 547 74 1048 379 949 0(28182.00, 28182.00)
route 39, node_num 6, cost 808.052000, nodes: 0(120000.00, 120000.00) 296 142 851 201 0(62282.00, 62282.00)
route 40, node_num 8, cost 580.202000, nodes: 0(120000.00, 120000.00) 1023 249 728 451 343 241 919 0(78557.00, 78557.00)
route 41, node_num 7, cost 272.300000, nodes: 0(120000.00, 120000.00) 731 824 907 556 1057 277 0(100550.00, 100550.00)
route 42, node_num 9, cost 527.814000, nodes: 0(120000.00, 120000.00) 838 967 784 964 467 458 14 0(82299.00, 82299.00)
route 43, node_num 6, cost 259.980000, nodes: 0(120000.00, 120000.00) 583 398 311 808 0(101430.00, 101430.00)
route 44, node_num 9, cost 500.024000, nodes: 0(120000.00, 120000.00) 869 716 445 221 189 12 837 0(84284.00, 84284.00)
route 45, node_num 8, cost 525.490000, nodes: 0(120000.00, 120000.00) 671 830 985 297 354 634 0(82465.00, 82465.00)
route 46, node_num 7, cost 213.276000, nodes: 0(120000.00, 120000.00) 891 829 603 327 286 0(104766.00, 104766.00)
route 47, node_num 9, cost 672.406000, nodes: 0(120000.00, 120000.00) 357 23 270 910 977 70 938 0(71971.00, 71971.00)
route 48, node_num 6, cost 538.272000, nodes: 0(120000.00, 120000.00) 882 568 498 360 1003 0(81552.00, 81552.00)
route 49, node_num 8, cost 535.094000, nodes: 0(120000.00, 120000.00) 1023 502 966 247 469 336 733 0(81779.00, 81779.00)
route 50, node_num 6, cost 620.900000, nodes: 0(120000.00, 120000.00) 21 93 858 153 0(75650.00, 75650.00)
route 51, node_num 8, cost 634.970000, nodes: 0(120000.00, 120000.00) 1023 450 1023 268 789 109 578 1003 464 0(74645.00, 74645.00)
route 52, node_num 8, cost 338.366000, nodes: 0(120000.00, 120000.00) 566 841 338 561 310 501 0(95831.00, 95831.00)
route 53, node_num 5, cost 178.500000, nodes: 0(120000.00, 120000.00) 347 455 462 0(107250.00, 107250.00)
route 54, node_num 9, cost 715.526000, nodes: 0(120000.00, 120000.00) 24 612 796 1080 156 844 72 212 0(68891.00, 68891.00)
route 55, node_num 8, cost 769.286000, nodes: 0(120000.00, 120000.00) 1023 326 46 295 314 324 381 0(65051.00, 65051.00)
route 56, node_num 8, cost 1063.622000, nodes: 0(120000.00, 120000.00) 1057 898 168 815 908 20 865 0(44027.00, 44027.00)
route 57, node_num 7, cost 984.032000, nodes: 0(120000.00, 120000.00) 1023 1003 246 351 505 434 833 0(49712.00, 49712.00)
route 58, node_num 6, cost 771.974000, nodes: 0(120000.00, 120000.00) 1023 855 387 809 110 1023 0(64859.00, 64859.00)
route 59, node_num 8, cost 882.462000, nodes: 0(120000.00, 120000.00) 1023 621 25 471 685 257 573 0(56967.00, 56967.00)
route 60, node_num 6, cost 741.482000, nodes: 0(120000.00, 120000.00) 1023 1003 582 175 17 169 0(67037.00, 67037.00)
route 61, node_num 8, cost 986.986000, nodes: 0(120000.00, 120000.00) 1057 119 576 137 121 130 138 0(49501.00, 49501.00)
route 62, node_num 7, cost 964.726000, nodes: 0(120000.00, 120000.00) 1057 762 340 927 781 115 1023 0(51091.00, 51091.00)
route 63, node_num 8, cost 977.634000, nodes: 0(120000.00, 120000.00) 1023 889 769 195 490 203 577 0(50169.00, 50169.00)
route 64, node_num 8, cost 1207.402000, nodes: 0(120000.00, 120000.00) 1057 174 991 438 842 916 53 1080 0(33757.00, 33757.00)
route 65, node_num 7, cost 815.052000, nodes: 0(120000.00, 120000.00) 1023 913 970 88 375 707 0(61782.00, 61782.00)
route 66, node_num 7, cost 892.724000, nodes: 0(120000.00, 120000.00) 1023 178 1074 196 63 405 37 1057 0(56234.00, 56234.00)
route 67, node_num 7, cost 1479.856000, nodes: 0(120000.00, 120000.00) 411 893 795 187 886 0(14296.00, 14296.00)
route 68, node_num 9, cost 526.470000, nodes: 0(120000.00, 120000.00) 133 703 557 853 602 42 111 0(82395.00, 82395.00)
route 69, node_num 7, cost 657.650000, nodes: 0(120000.00, 120000.00) 659 441 846 82 804 0(73025.00, 73025.00)
route 70, node_num 7, cost 1064.462000, nodes: 0(120000.00, 120000.00) 1057 64 173 936 670 61 1003 0(43967.00, 43967.00)
route 71, node_num 8, cost 591.934000, nodes: 0(120000.00, 120000.00) 1057 778 675 280 206 342 140 0(77719.00, 77719.00)
route 72, node_num 8, cost 542.430000, nodes: 0(120000.00, 120000.00) 760 544 514 459 968 758 0(81255.00, 81255.00)
route 73, node_num 7, cost 684.208000, nodes: 0(120000.00, 120000.00) 1023 403 217 826 384 300 0(71128.00, 71128.00)
route 74, node_num 7, cost 885.556000, nodes: 0(120000.00, 120000.00) 57 664 443 39 216 0(56746.00, 56746.00)
route 75, node_num 8, cost 1138.522000, nodes: 0(120000.00, 120000.00) 1023 213 606 600 58 416 836 0(38677.00, 38677.00)
route 76, node_num 8, cost 1150.632000, nodes: 0(120000.00, 120000.00) 1023 790 627 298 262 714 253 0(37812.00, 37812.00)
route 77, node_num 7, cost 1513.498000, nodes: 0(120000.00, 120000.00) 1023 892 719 894 665 1097 207 0(11893.00, 11893.00)
route 78, node_num 8, cost 1612.156000, nodes: 0(120000.00, 120000.00) 1023 146 793 199 226 370 28 1097 0(4846.00, 4846.00)
route 79, node_num 8, cost 1326.822000, nodes: 0(120000.00, 120000.00) 1023 1003 725 86 780 676 639 1084 363 1084 1003 0(25227.00, 25227.00)
route 80, node_num 8, cost 1268.778000, nodes: 0(120000.00, 120000.00) 135 400 517 49 392 638 1097 0(29373.00, 29373.00)
route 81, node_num 6, cost 1185.800000, nodes: 0(120000.00, 120000.00) 1023 372 928 258 60 1030 1003 0(35300.00, 35300.00)
route 82, node_num 7, cost 1185.240000, nodes: 0(120000.00, 120000.00) 1023 653 870 803 500 590 0(35340.00, 35340.00)
route 83, node_num 8, cost 1494.206000, nodes: 0(120000.00, 120000.00) 1023 596 349 302 937 506 661 1009 0(13271.00, 13271.00)
route 84, node_num 7, cost 1218.616000, nodes: 0(120000.00, 120000.00) 1023 422 8 957 479 271 1098 0(32956.00, 32956.00)
route 85, node_num 8, cost 1009.246000, nodes: 0(120000.00, 120000.00) 1023 147 811 537 630 611 159 1023 0(47911.00, 47911.00)
route 86, node_num 9, cost 1205.512000, nodes: 0(120000.00, 120000.00) 7 715 259 323 283 693 1053 1098(51735.00, 51735.00) 0(33892.00, 33892.00)
route 87, node_num 8, cost 1067.752000, nodes: 0(120000.00, 120000.00) 1023 1003 565 732 188 364 984 873 1095 0(43732.00, 43732.00)
route 88, node_num 7, cost 1326.612000, nodes: 0(120000.00, 120000.00) 1023 971 321 256 903 650 0(25242.00, 25242.00)
route 89, node_num 8, cost 1348.130000, nodes: 0(120000.00, 120000.00) 1023 123 914 816 549 895 697 0(23705.00, 23705.00)
route 90, node_num 8, cost 1261.078000, nodes: 0(120000.00, 120000.00) 1023 139 912 864 401 191 165 1003 0(29923.00, 29923.00)
route 91, node_num 7, cost 1064.434000, nodes: 0(120000.00, 120000.00) 1023 465 591 22 225 979 0(43969.00, 43969.00)
route 92, node_num 8, cost 1363.950000, nodes: 0(120000.00, 120000.00) 1023 131 883 89 920 721 263 1073 0(22575.00, 22575.00)
route 93, node_num 8, cost 1557.780000, nodes: 0(120000.00, 120000.00) 885 339 821 251 227 1098(26573.00, 26573.00) 0(8730.00, 8730.00)
route 94, node_num 6, cost 1307.880000, nodes: 0(120000.00, 120000.00) 1024 619 696 802 76 0(26580.00, 26580.00)
route 95, node_num 8, cost 1412.824000, nodes: 0(120000.00, 120000.00) 1023 383 799 530 243 666 852 0(19084.00, 19084.00)
route 96, node_num 6, cost 1286.222000, nodes: 0(120000.00, 120000.00) 1057 779 1 818 106 0(28127.00, 28127.00)
route 97, node_num 8, cost 1667.484000, nodes: 0(120000.00, 120000.00) 1023 1003 585 735 872 622 741 1084(39783.00, 39783.00) 1003 0(894.00, 894.00)
route 98, node_num 8, cost 1447.796000, nodes: 0(120000.00, 120000.00) 1023 303 308 835 264 771 265 0(16586.00, 16586.00)
route 99, node_num 10, cost 1680.518000, nodes: 0(120000.00, 120000.00) 1024(78004.00, 78004.00) 546 85 276 439 794 325 1013(48859.00, 48896.00) 1003 0(0.00, 0.00)
route 100, node_num 7, cost 1531.012000, nodes: 0(120000.00, 120000.00) 1024 449 1005 812 810 104 54 1096 0(10642.00, 10642.00)
route 101, node_num 7, cost 1492.302000, nodes: 0(120000.00, 120000.00) 1023 681 91 483 13 182 0(13407.00, 13407.00)
route 102, node_num 8, cost 1519.966000, nodes: 0(120000.00, 120000.00) 1023 15 1065 788 996 96 488 871 0(11431.00, 11431.00)
route 103, node_num 7, cost 1592.388000, nodes: 0(120000.00, 120000.00) 1023 120 408 720 134 425 1013 1003 0(6258.00, 6258.00)
route 104, node_num 9, cost 1766.016000, nodes: 0(120000.00, 120000.00) 1024(78004.00, 78004.00) 1086 229 644 494 915 856 1013(42752.00, 48896.00) 1003 0(0.00, 0.00)
route 105, node_num 7, cost 1324.064000, nodes: 0(120000.00, 120000.00) 1024 669 972 208 747 48 1045 0(25424.00, 25424.00)
route 106, node_num 7, cost 1560.202000, nodes: 0(120000.00, 120000.00) 1024 746 350 435 800 521 0(8557.00, 8557.00)
route 107, node_num 8, cost 1312.808000, nodes: 0(120000.00, 120000.00) 1024 950 691 507 637 575 59 0(26228.00, 26228.00)
route 108, node_num 9, cost 1660.890000, nodes: 0(120000.00, 120000.00) 1024(78004.00, 78004.00) 635 143 5 944 236 1013(50261.00, 50261.00) 1003 0(1365.00, 1365.00)
route 109, node_num 9, cost 1744.820000, nodes: 0(120000.00, 120000.00) 1024(78004.00, 78004.00) 198 926 504 827 562 1013(44266.00, 48896.00) 1003 0(0.00, 0.00)
route 110, node_num 8, cost 1573.222000, nodes: 0(120000.00, 120000.00) 204 305 981 845 952 95 1018 0(7627.00, 7627.00)
route 111, node_num 9, cost 1658.608000, nodes: 0(120000.00, 120000.00) 1023 1077(100490.00, 120000.00) 694 426 610 452 281 1011(67030.00, 67030.00) 1003 0(21038.00, 21038.00)
route 112, node_num 9, cost 1681.316000, nodes: 0(120000.00, 120000.00) 1028(89498.00, 120000.00) 316 149 33 29 900 1088 1011(76400.00, 76400.00) 1003 0(30408.00, 30408.00)
route 113, node_num 9, cost 1785.098000, nodes: 0(120000.00, 120000.00) 1023 368 988 215 460 45 32 1011(38485.00, 45992.00) 1003 0(0.00, 0.00)
route 114, node_num 9, cost 1705.522000, nodes: 0(120000.00, 120000.00) 1023 1077(100490.00, 100490.00) 395 99 233 181 656 1052 1011(44169.00, 45992.00) 1003 0(0.00, 0.00)
route 115, node_num 7, cost 1604.988000, nodes: 0(120000.00, 120000.00) 1023 564 744 710 202 491 0(5358.00, 5358.00)
route 116, node_num 7, cost 1446.592000, nodes: 0(120000.00, 120000.00) 1023 318 948 185 527 667 1011 1003 0(16672.00, 16672.00)
route 117, node_num 9, cost 1826.594000, nodes: 0(120000.00, 120000.00) 755 26 162 709 128 378 1051(47451.00, 57922.00) 1003 0(0.00, 0.00)
route 118, node_num 8, cost 1505.196000, nodes: 0(120000.00, 120000.00) 1023 84 625 881 260 897 761 1096 0(12486.00, 12486.00)
route 119, node_num 10, cost 1811.236000, nodes: 0(120000.00, 120000.00) 1023(116496.00, 116496.00) 431 355 652 923 701 176 1056(14004.00, 23378.00) 0(0.00, 0.00)
route 120, node_num 9, cost 1745.436000, nodes: 0(120000.00, 120000.00) 1023(116496.00, 116496.00) 791 223 429 989 466 1003(4441.00, 9115.00) 0(0.00, 0.00)
route 121, node_num 8, cost 1457.036000, nodes: 0(120000.00, 120000.00) 1023 492 442 847 214 1068 751 1068 503 1096 0(15926.00, 15926.00)
route 122, node_num 7, cost 1474.354000, nodes: 0(120000.00, 120000.00) 1023 648 1002 132 186 369 107 0(14689.00, 14689.00)
route 123, node_num 8, cost 1681.022000, nodes: 0(120000.00, 120000.00) 1023 511 874 476 743 526 1003(9042.00, 9115.00) 0(0.00, 0.00)
route 124, node_num 7, cost 1386.224000, nodes: 0(120000.00, 120000.00) 1023 1003 348 432 373 875 279 1044 1003 0(20984.00, 20984.00)
route 125, node_num 7, cost 1327.886000, nodes: 0(120000.00, 120000.00) 1023 171 16 1013 704 151 127 1003 0(25151.00, 25151.00)
route 126, node_num 8, cost 1336.384000, nodes: 0(120000.00, 120000.00) 1023 231 252 859 179 211 770 0(24544.00, 24544.00)
route 127, node_num 8, cost 1382.668000, nodes: 0(120000.00, 120000.00) 1023 992 953 69 525 909 34 1003 0(21238.00, 21238.00)
route 128, node_num 7, cost 1490.272000, nodes: 0(120000.00, 120000.00) 126 80 285 197 1068 607 1068 0(13552.00, 13552.00)
route 129, node_num 9, cost 1514.422000, nodes: 0(120000.00, 120000.00) 289 470 700 750 51 66 1023(16341.00, 16341.00) 0(11827.00, 11827.00)
route 130, node_num 8, cost 1568.056000, nodes: 0(120000.00, 120000.00) 294 1029 293 167 584 854 224 0(7996.00, 7996.00)
route 131, node_num 8, cost 1421.420000, nodes: 0(120000.00, 120000.00) 1026 1041 454 481 484 857 550 921 0(18470.00, 18470.00)
route 132, node_num 10, cost 1491.728000, nodes: 0(120000.00, 120000.00) 1021(81946.00, 81946.00) 878 896 831 850 748 668 1050 1003(22563.00, 22563.00) 0(13448.00, 13448.00)
route 133, node_num 7, cost 1283.338000, nodes: 0(120000.00, 120000.00) 1026 1041 232 183 334 444 1007 122 0(28333.00, 28333.00)
route 134, node_num 7, cost 1376.018000, nodes: 0(120000.00, 120000.00) 1021 593 706 680 609 631 0(21713.00, 21713.00)
route 135, node_num 7, cost 1450.092000, nodes: 0(120000.00, 120000.00) 1021 141 158 629 998 180 1023 0(16422.00, 16422.00)
route 136, node_num 8, cost 1355.186000, nodes: 0(120000.00, 120000.00) 533 220 554 572 905 608 0(23201.00, 23201.00)
route 137, node_num 8, cost 1254.568000, nodes: 0(120000.00, 120000.00) 876 352 726 722 840 995 0(30388.00, 30388.00)
route 138, node_num 8, cost 1599.752000, nodes: 0(120000.00, 120000.00) 1021 230 437 969 428 589 1081(42598.00, 42598.00) 1003 0(5732.00, 5732.00)
route 139, node_num 8, cost 1277.668000, nodes: 0(120000.00, 120000.00) 592 884 959 962 436 866 0(28738.00, 28738.00)
route 140, node_num 8, cost 1602.552000, nodes: 0(120000.00, 120000.00) 482 797 620 358 412 219 0(5532.00, 5532.00)
route 141, node_num 9, cost 1501.416000, nodes: 0(120000.00, 120000.00) 1021(81946.00, 105946.00) 814 890 862 849 911 1064(56090.00, 56090.00) 0(36756.00, 36756.00)
route 142, node_num 7, cost 1424.990000, nodes: 0(120000.00, 120000.00) 1026 1041 68 235 163 868 73 1028 1003 0(18215.00, 18215.00)
route 143, node_num 9, cost 1630.118000, nodes: 0(120000.00, 120000.00) 1021(81946.00, 113946.00) 245 832 463 723 787 1064(54897.00, 54897.00) 0(35563.00, 35563.00)
route 144, node_num 7, cost 1324.890000, nodes: 0(120000.00, 120000.00) 1022 393 377 542 155 752 1028 1003 0(25365.00, 25365.00)
route 145, node_num 9, cost 1683.864000, nodes: 0(120000.00, 120000.00) 1026 1041 284 861 420 677 523 782 1081(36590.00, 36866.00) 1003 0(0.00, 0.00)
route 146, node_num 10, cost 1631.560000, nodes: 0(120000.00, 120000.00) 1021(81946.00, 81946.00) 485 756 67 683 477 194 1078 1036 1003(12575.00, 12575.00) 0(3460.00, 3460.00)
route 147, node_num 7, cost 1331.442000, nodes: 0(120000.00, 120000.00) 1023 222 954 729 112 205 1056 0(24897.00, 24897.00)
route 148, node_num 8, cost 1047.382000, nodes: 0(120000.00, 120000.00) 1023 56 973 394 528 552 390 1003 0(45187.00, 45187.00)
route 149, node_num 7, cost 1128.946000, nodes: 0(120000.00, 120000.00) 1023 767 239 1096 579 516 97 0(39361.00, 39361.00)
route 150, node_num 8, cost 1016.736000, nodes: 0(120000.00, 120000.00) 1023 963 708 344 1015 933 399 1015 487 1015 0(47376.00, 47376.00)
route 151, node_num 8, cost 1025.626000, nodes: 0(120000.00, 120000.00) 1023 899 820 81 548 47 346 1003 0(46741.00, 46741.00)
route 152, node_num 8, cost 1039.906000, nodes: 0(120000.00, 120000.00) 1023 333 522 801 901 902 380 1017 0(45721.00, 45721.00)
route 153, node_num 8, cost 945.210000, nodes: 0(120000.00, 120000.00) 1023 739 863 4 734 1076 417 983 0(52485.00, 52485.00)
route 154, node_num 8, cost 984.704000, nodes: 0(120000.00, 120000.00) 1023 228 563 299 410 538 317 1076 0(49664.00, 49664.00)
route 155, node_num 9, cost 927.682000, nodes: 0(120000.00, 120000.00) 1023 646 430 759 540 35 414 71 1023 0(53737.00, 53737.00)
route 156, node_num 7, cost 1053.220000, nodes: 0(120000.00, 120000.00) 543 2 618 389 385 1082 0(44770.00, 44770.00)
route 157, node_num 7, cost 997.262000, nodes: 0(120000.00, 120000.00) 1023 6 87 116 520 956 1003 0(48767.00, 48767.00)
route 158, node_num 8, cost 1101.464000, nodes: 0(120000.00, 120000.00) 1023 867 689 711 397 448 647 1015 0(41324.00, 41324.00)
route 159, node_num 8, cost 1059.422000, nodes: 0(120000.00, 120000.00) 1023 806 27 272 304 62 105 0(44327.00, 44327.00)
route 160, node_num 8, cost 1263.094000, nodes: 0(120000.00, 120000.00) 1023 31 990 567 273 129 113 0(29779.00, 29779.00)
route 161, node_num 8, cost 1167.208000, nodes: 0(120000.00, 120000.00) 1023 52 386 690 965 934 278 1015 0(36628.00, 36628.00)
route 162, node_num 8, cost 1303.078000, nodes: 0(120000.00, 120000.00) 1023 843 331 337 695 718 269 1012 0(26923.00, 26923.00)
route 163, node_num 8, cost 1073.212000, nodes: 0(120000.00, 120000.00) 1023 38 626 468 447 10 798 1092 1003 0(43342.00, 43342.00)
route 164, node_num 7, cost 1196.482000, nodes: 0(120000.00, 120000.00) 1023 362 925 688 699 172 1023 0(34537.00, 34537.00)
route 165, node_num 9, cost 1844.416000, nodes: 0(120000.00, 120000.00) 1023 1077(100490.00, 100490.00) 160 601 512 960 209 1047(37070.00, 48814.00) 1003 0(0.00, 0.00)
route 166, node_num 8, cost 1604.134000, nodes: 0(120000.00, 120000.00) 1028 100 238 1035 924 616 624 315 1019 1003 0(5419.00, 5419.00)
route 167, node_num 8, cost 1735.300000, nodes: 0(120000.00, 120000.00) 1023 356 917 145 292 41 1023(564.00, 4514.00) 0(0.00, 0.00)
route 168, node_num 7, cost 1620.640000, nodes: 0(120000.00, 120000.00) 1023 480 534 330 742 248 1042 0(4240.00, 4240.00)
route 169, node_num 9, cost 1800.400000, nodes: 0(120000.00, 120000.00) 1028(89498.00, 120000.00) 101 1019 686 805 613 83 1023(26416.00, 26416.00) 0(21902.00, 21902.00)
route 170, node_num 7, cost 1413.552000, nodes: 0(120000.00, 120000.00) 1028 987 402 365 560 834 0(19032.00, 19032.00)
route 171, node_num 10, cost 1750.322000, nodes: 0(120000.00, 120000.00) 1028(89498.00, 90035.00) 418 474 1052 329 684 291 125 1061(0.00, 4486.00) 0(0.00, 0.00)
route 172, node_num 9, cost 1693.118000, nodes: 0(120000.00, 120000.00) 757 986 825 79 941 730 1047(47877.00, 48814.00) 1003 0(0.00, 0.00)
route 173, node_num 8, cost 1353.562000, nodes: 0(120000.00, 120000.00) 1022 150 555 997 148 766 30 1042 0(23317.00, 23317.00)
route 174, node_num 8, cost 1129.884000, nodes: 0(120000.00, 120000.00) 1023 595 1028 388 754 738 1042 94 184 1092 1003 0(39294.00, 39294.00)
route 175, node_num 7, cost 1308.230000, nodes: 0(120000.00, 120000.00) 1023 587 193 768 717 170 0(26555.00, 26555.00)
route 176, node_num 7, cost 1402.198000, nodes: 0(120000.00, 120000.00) 1023 633 918 623 586 456 1042 0(19843.00, 19843.00)
route 177, node_num 8, cost 1198.204000, nodes: 0(120000.00, 120000.00) 1023 740 727 332 888 764 75 0(34414.00, 34414.00)
route 178, node_num 7, cost 1277.318000, nodes: 0(120000.00, 120000.00) 1023 571 662 274 200 157 0(28763.00, 28763.00)
route 179, node_num 9, cost 1565.060000, nodes: 0(120000.00, 120000.00) 765 594 519 433 529 679 1028 1003(17325.00, 17325.00) 0(8210.00, 8210.00)
route 180, node_num 6, cost 1223.376000, nodes: 0(120000.00, 120000.00) 1028 250 515 773 712 1022 1003 0(32616.00, 32616.00)
route 181, node_num 9, cost 1509.844000, nodes: 0(120000.00, 120000.00) 1022(83916.00, 83916.00) 424 322 531 440 309 1039 1003(21269.00, 21269.00) 0(12154.00, 12154.00)
route 182, node_num 9, cost 1694.210000, nodes: 0(120000.00, 120000.00) 1022(83916.00, 83916.00) 513 951 427 92 118 1056(22363.00, 23378.00) 0(0.00, 0.00)
route 183, node_num 9, cost 1516.578000, nodes: 0(120000.00, 120000.00) 1022(83916.00, 83916.00) 982 980 177 43 244 1028(44294.00, 44294.00) 1003 0(11673.00, 11673.00)
vehicle (route) number: 184
Total cost: 274079.42
278761.35, 16325.13
278393.71, 16221.75
277576.87, 16239.69
276191.78, 16205.57
279187.99, 16221.89
276482.12, 16206.10
275343.12, 16204.00
274648.86, 16206.97
274487.75, 16208.83
274079.42, 16208.11
