Details of the solution:
route 0, node_num 8, cost 1630.076000, nodes: 0(120000.00, 120000.00) 1021 878 680 609 850 748 668 1007 0(3566.00, 3566.00)
route 1, node_num 8, cost 685.860000, nodes: 0(120000.00, 120000.00) 24 612 796 270 670 61 1003 0(71010.00, 71010.00)
route 2, node_num 7, cost 1416.254000, nodes: 0(120000.00, 120000.00) 1026 1041 68 235 163 868 157 0(18839.00, 18839.00)
route 3, node_num 8, cost 1309.658000, nodes: 0(120000.00, 120000.00) 1023 843 331 337 273 503 695 1096 0(26453.00, 26453.00)
route 4, node_num 8, cost 1589.672000, nodes: 0(120000.00, 120000.00) 1023 408 132 186 743 369 107 0(6452.00, 6452.00)
route 5, node_num 8, cost 784.196000, nodes: 0(120000.00, 120000.00) 1023 326 778 280 206 354 634 0(63986.00, 63986.00)
route 6, node_num 7, cost 774.018000, nodes: 0(120000.00, 120000.00) 135 196 1074 970 82 804 0(64713.00, 64713.00)
route 7, node_num 7, cost 1036.056000, nodes: 0(120000.00, 120000.00) 1023 558 538 901 317 1076 658 1017 0(45996.00, 45996.00)
route 8, node_num 7, cost 1054.242000, nodes: 0(120000.00, 120000.00) 1023 56 973 579 516 97 0(44697.00, 44697.00)
route 9, node_num 8, cost 921.690000, nodes: 0(120000.00, 120000.00) 1023 328 708 598 958 509 234 1017 0(54165.00, 54165.00)
route 10, node_num 8, cost 989.030000, nodes: 0(120000.00, 120000.00) 1023 267 678 904 580 597 164 0(49355.00, 49355.00)
route 11, node_num 8, cost 1662.934000, nodes: 0(120000.00, 120000.00) 1023 356 418 329 79 148 1023(5733.00, 5733.00) 0(1219.00, 1219.00)
route 12, node_num 9, cost 1831.172000, nodes: 0(120000.00, 120000.00) 1023 988 431 923 29 125 83 1028(21823.00, 32621.00) 1003 0(0.00, 0.00)
route 13, node_num 8, cost 1624.490000, nodes: 0(120000.00, 120000.00) 1026 1041 232 183 334 444 998 831 0(3965.00, 3965.00)
route 14, node_num 8, cost 1340.374000, nodes: 0(120000.00, 120000.00) 1024 449 972 950 747 208 59 0(24259.00, 24259.00)
route 15, node_num 6, cost 1379.588000, nodes: 0(120000.00, 120000.00) 1021 245 615 629 180 1023 0(21458.00, 21458.00)
route 16, node_num 8, cost 1065.890000, nodes: 0(120000.00, 120000.00) 1023 171 344 1015 689 711 399 278 1015 0(43865.00, 43865.00)
route 17, node_num 9, cost 1744.428000, nodes: 0(120000.00, 120000.00) 1026 1041 478 470 1029(55291.00, 55291.00) 572 436 219 1094(29375.00, 33977.00) 0(0.00, 0.00)
route 18, node_num 8, cost 555.576000, nodes: 0(120000.00, 120000.00) 1023 502 441 846 853 602 300 0(80316.00, 80316.00)
route 19, node_num 7, cost 1096.088000, nodes: 0(120000.00, 120000.00) 1028 388 468 447 74 956 1003 0(41708.00, 41708.00)
route 20, node_num 6, cost 1218.728000, nodes: 0(120000.00, 120000.00) 1026 1041 454 396 287 122 0(32948.00, 32948.00)
route 21, node_num 8, cost 995.246000, nodes: 0(120000.00, 120000.00) 1023 963 536 161 237 660 361 1067 1003 0(48911.00, 48911.00)
route 22, node_num 9, cost 1575.840000, nodes: 0(120000.00, 120000.00) 756 832 440 570 698 463 1039 1003(16555.00, 16555.00) 0(7440.00, 7440.00)
route 23, node_num 7, cost 1046.094000, nodes: 0(120000.00, 120000.00) 1023 1003 565 17 169 203 577 0(45279.00, 45279.00)
route 24, node_num 8, cost 1131.410000, nodes: 0(120000.00, 120000.00) 1023 664 811 537 630 611 159 1023 0(39185.00, 39185.00)
route 25, node_num 8, cost 1348.130000, nodes: 0(120000.00, 120000.00) 1023 123 914 816 549 895 697 0(23705.00, 23705.00)
route 26, node_num 8, cost 1002.876000, nodes: 0(120000.00, 120000.00) 1023 175 740 190 345 320 749 1003 0(48366.00, 48366.00)
route 27, node_num 8, cost 1506.288000, nodes: 0(120000.00, 120000.00) 1021 593 706 890 862 849 911 0(12408.00, 12408.00)
route 28, node_num 7, cost 1593.690000, nodes: 0(120000.00, 120000.00) 1028 402 924 1035 238 742 1035 365 1035 1003 0(6165.00, 6165.00)
route 29, node_num 7, cost 1407.098000, nodes: 0(120000.00, 120000.00) 126 80 285 527 1011 909 0(19493.00, 19493.00)
route 30, node_num 7, cost 1542.366000, nodes: 0(120000.00, 120000.00) 1024 669 350 325 54 540 1082 0(9831.00, 9831.00)
route 31, node_num 8, cost 1168.118000, nodes: 0(120000.00, 120000.00) 1023 739 239 859 112 414 71 1023 0(36563.00, 36563.00)
route 32, node_num 8, cost 1860.166000, nodes: 0(120000.00, 120000.00) 1028 987 512 960 292 209 1047(35945.00, 48814.00) 1003 0(0.00, 0.00)
route 33, node_num 8, cost 1748.278000, nodes: 0(120000.00, 120000.00) 1024(78004.00, 82881.00) 1086 229 644 494 915 521 0(0.00, 0.00)
route 34, node_num 7, cost 1455.986000, nodes: 0(120000.00, 120000.00) 1023 432 348 15 1062 127 205 1056 0(16001.00, 16001.00)
route 35, node_num 8, cost 980.672000, nodes: 0(120000.00, 120000.00) 760 64 340 781 984 873 1095 0(49952.00, 49952.00)
route 36, node_num 7, cost 1091.552000, nodes: 0(120000.00, 120000.00) 133 438 908 815 271 1098 0(42032.00, 42032.00)
route 37, node_num 8, cost 802.704000, nodes: 0(120000.00, 120000.00) 1023 261 290 249 124 945 254 0(62664.00, 62664.00)
route 38, node_num 7, cost 934.080000, nodes: 0(120000.00, 120000.00) 1023 745 1077 776 1076 313 581 1003 464 0(53280.00, 53280.00)
route 39, node_num 8, cost 1200.696000, nodes: 0(120000.00, 120000.00) 1023 382 823 588 62 487 380 1017 0(34236.00, 34236.00)
route 40, node_num 4, cost 223.272000, nodes: 0(120000.00, 120000.00) 455 808 0(104052.00, 104052.00)
route 41, node_num 8, cost 1406.706000, nodes: 0(120000.00, 120000.00) 7 1084 383 799 802 622 741 1097 0(19521.00, 19521.00)
route 42, node_num 6, cost 1396.556000, nodes: 0(120000.00, 120000.00) 1022 150 753 420 114 0(20246.00, 20246.00)
route 43, node_num 9, cost 474.712000, nodes: 0(120000.00, 120000.00) 907 357 23 70 938 458 381 0(86092.00, 86092.00)
route 44, node_num 8, cost 1115.352000, nodes: 0(120000.00, 120000.00) 1023 415 935 510 922 975 346 1003 0(40332.00, 40332.00)
route 45, node_num 7, cost 1676.766000, nodes: 0(120000.00, 120000.00) 1023 571 534 330 41 118 1054 1003 0(231.00, 231.00)
route 46, node_num 8, cost 1262.492000, nodes: 0(120000.00, 120000.00) 1023 372 928 606 58 979 798 1092 1003 0(29822.00, 29822.00)
route 47, node_num 8, cost 1394.918000, nodes: 0(120000.00, 120000.00) 1023 737 662 250 242 712 773 1022 1003 0(20363.00, 20363.00)
route 48, node_num 8, cost 1556.282000, nodes: 0(120000.00, 120000.00) 1023 259 339 821 251 916 1098(26680.00, 26680.00) 0(8837.00, 8837.00)
route 49, node_num 8, cost 1072.302000, nodes: 0(120000.00, 120000.00) 1023 139 801 820 81 1015 379 949 0(43407.00, 43407.00)
route 50, node_num 8, cost 1180.606000, nodes: 0(120000.00, 120000.00) 1026 367 931 978 508 371 77 1023 0(35671.00, 35671.00)
route 51, node_num 8, cost 1090.978000, nodes: 0(120000.00, 120000.00) 1026 154 775 605 1041 654 705 306 0(42073.00, 42073.00)
route 52, node_num 8, cost 1160.208000, nodes: 0(120000.00, 120000.00) 1023 288 335 877 807 1000 457 0(37128.00, 37128.00)
route 53, node_num 6, cost 744.016000, nodes: 0(120000.00, 120000.00) 1023 772 419 374 117 1023 0(66856.00, 66856.00)
route 54, node_num 8, cost 1216.656000, nodes: 0(120000.00, 120000.00) 1023 471 522 389 548 718 934 0(33096.00, 33096.00)
route 55, node_num 8, cost 833.504000, nodes: 0(120000.00, 120000.00) 1023 855 387 685 257 573 98 0(60464.00, 60464.00)
route 56, node_num 9, cost 1754.214000, nodes: 0(120000.00, 120000.00) 1022(83916.00, 107916.00) 982 92 43 244 315 1042(58805.00, 58805.00) 0(18699.00, 18699.00)
route 57, node_num 8, cost 1207.276000, nodes: 0(120000.00, 120000.00) 1023 524 792 406 929 486 192 0(33766.00, 33766.00)
route 58, node_num 8, cost 441.224000, nodes: 0(120000.00, 120000.00) 838 967 784 964 467 14 0(88484.00, 88484.00)
route 59, node_num 8, cost 1455.202000, nodes: 0(120000.00, 120000.00) 1023 492 16 1013 704 800 151 34 1003 0(16057.00, 16057.00)
route 60, node_num 8, cost 1160.992000, nodes: 0(120000.00, 120000.00) 1023 87 633 567 699 688 113 0(37072.00, 37072.00)
route 61, node_num 8, cost 701.134000, nodes: 0(120000.00, 120000.00) 1023 532 640 655 1067 939 906 724 1003 0(69919.00, 69919.00)
route 62, node_num 8, cost 1312.990000, nodes: 0(120000.00, 120000.00) 533 220 554 722 649 783 0(26215.00, 26215.00)
route 63, node_num 8, cost 1483.762000, nodes: 0(120000.00, 120000.00) 1023 953 918 768 717 170 456 1042 0(14017.00, 14017.00)
route 64, node_num 9, cost 1666.980000, nodes: 0(120000.00, 120000.00) 1024(78004.00, 78004.00) 635 143 236 5 944 1003(10045.00, 10045.00) 0(930.00, 930.00)
route 65, node_num 8, cost 1573.222000, nodes: 0(120000.00, 120000.00) 204 305 981 845 952 95 1018 0(7627.00, 7627.00)
route 66, node_num 10, cost 1756.804000, nodes: 0(120000.00, 120000.00) 1023(116496.00, 120000.00) 368 223 429 460 215 45 1061(2504.00, 4486.00) 0(0.00, 0.00)
route 67, node_num 5, cost 294.686000, nodes: 0(120000.00, 120000.00) 347 568 498 0(98951.00, 98951.00)
route 68, node_num 6, cost 715.974000, nodes: 0(120000.00, 120000.00) 1057 898 63 375 88 0(68859.00, 68859.00)
route 69, node_num 6, cost 831.908000, nodes: 0(120000.00, 120000.00) 1023 465 769 195 110 1023 0(60578.00, 60578.00)
route 70, node_num 8, cost 1036.322000, nodes: 0(120000.00, 120000.00) 1023 806 27 272 933 448 647 1015 0(45977.00, 45977.00)
route 71, node_num 9, cost 1767.402000, nodes: 0(120000.00, 120000.00) 755 26 291 684 941 730 1047(42571.00, 48814.00) 1003 0(0.00, 0.00)
route 72, node_num 8, cost 1084.272000, nodes: 0(120000.00, 120000.00) 1023 147 971 903 725 416 253 0(42552.00, 42552.00)
route 73, node_num 8, cost 1461.418000, nodes: 0(120000.00, 120000.00) 289 293 167 412 905 608 0(15613.00, 15613.00)
route 74, node_num 8, cost 1449.154000, nodes: 0(120000.00, 120000.00) 1023 1003 1009 715 596 302 349 226 661 1009 0(16489.00, 16489.00)
route 75, node_num 7, cost 850.220000, nodes: 0(120000.00, 120000.00) 1023 999 102 108 413 817 0(59270.00, 59270.00)
route 76, node_num 8, cost 1053.626000, nodes: 0(120000.00, 120000.00) 672 617 421 489 518 1089 366 1028 1003 0(44741.00, 44741.00)
route 77, node_num 8, cost 1261.134000, nodes: 0(120000.00, 120000.00) 876 352 726 962 959 866 0(29919.00, 29919.00)
route 78, node_num 7, cost 583.478000, nodes: 0(120000.00, 120000.00) 1095 703 557 459 968 758 0(78323.00, 78323.00)
route 79, node_num 7, cost 1536.080000, nodes: 0(120000.00, 120000.00) 1023 480 986 316 181 75 0(10280.00, 10280.00)
route 80, node_num 7, cost 1331.498000, nodes: 0(120000.00, 120000.00) 1023 912 60 258 401 207 0(24893.00, 24893.00)
route 81, node_num 6, cost 972.818000, nodes: 0(120000.00, 120000.00) 1023 614 535 976 301 0(50513.00, 50513.00)
route 82, node_num 7, cost 960.190000, nodes: 0(120000.00, 120000.00) 1023 913 351 505 434 833 0(51415.00, 51415.00)
route 83, node_num 8, cost 1072.596000, nodes: 0(120000.00, 120000.00) 1026 1041 774 736 495 282 275 404 1064 0(43386.00, 43386.00)
route 84, node_num 9, cost 1625.848000, nodes: 0(120000.00, 120000.00) 1021(81946.00, 101946.00) 485 683 67 477 194 1078 1036 1003(32983.00, 32983.00) 0(23868.00, 23868.00)
route 85, node_num 9, cost 1674.736000, nodes: 0(120000.00, 120000.00) 1023 395 149 33 202 1011(48150.00, 48150.00) 761 1077(20015.00, 20015.00) 1003 0(376.00, 376.00)
route 86, node_num 7, cost 1212.330000, nodes: 0(120000.00, 120000.00) 1023 409 1089 553 645 11 1043 50 1061 0(33405.00, 33405.00)
route 87, node_num 9, cost 1599.752000, nodes: 0(120000.00, 120000.00) 1021(81946.00, 120000.00) 230 437 969 428 589 1081(80652.00, 80652.00) 1003 0(43786.00, 43786.00)
route 88, node_num 8, cost 1464.372000, nodes: 0(120000.00, 120000.00) 1023 595 1028 594 574 980 839 752 1028 1003 0(15402.00, 15402.00)
route 89, node_num 7, cost 594.048000, nodes: 0(120000.00, 120000.00) 765 453 942 499 65 1023 0(77568.00, 77568.00)
route 90, node_num 8, cost 662.648000, nodes: 0(120000.00, 120000.00) 659 675 1098 514 130 707 865 0(72668.00, 72668.00)
route 91, node_num 8, cost 1064.882000, nodes: 0(120000.00, 120000.00) 1023 38 657 754 304 184 105 0(43937.00, 43937.00)
route 92, node_num 6, cost 1353.562000, nodes: 0(120000.00, 120000.00) 1024 619 696 810 76 0(23317.00, 23317.00)
route 93, node_num 8, cost 1343.860000, nodes: 0(120000.00, 120000.00) 1023 497 547 738 1042 94 965 269 1012 0(24010.00, 24010.00)
route 94, node_num 8, cost 1478.442000, nodes: 0(120000.00, 120000.00) 411 991 121 842 227 53 1080 0(14397.00, 14397.00)
route 95, node_num 9, cost 1744.820000, nodes: 0(120000.00, 120000.00) 1024(78004.00, 78004.00) 198 926 504 827 562 1013(44266.00, 48896.00) 1003 0(0.00, 0.00)
route 96, node_num 7, cost 551.026000, nodes: 0(120000.00, 120000.00) 1023 268 545 789 578 360 1003 0(80641.00, 80641.00)
route 97, node_num 7, cost 761.782000, nodes: 0(120000.00, 120000.00) 1026 551 473 930 559 943 0(65587.00, 65587.00)
route 98, node_num 9, cost 1937.978000, nodes: 0(120000.00, 120000.00) 1028(89498.00, 98810.00) 587 917 145 805 613 1025 1003(0.00, 9115.00) 0(0.00, 0.00)
route 99, node_num 8, cost 1363.992000, nodes: 0(120000.00, 120000.00) 1057 119 576 137 20 506 256 1097 0(22572.00, 22572.00)
route 100, node_num 8, cost 1080.506000, nodes: 0(120000.00, 120000.00) 673 423 946 18 493 763 0(42821.00, 42821.00)
route 101, node_num 7, cost 1149.960000, nodes: 0(120000.00, 120000.00) 1026 1075 55 860 819 144 687 1064 0(37860.00, 37860.00)
route 102, node_num 9, cost 1761.648000, nodes: 0(120000.00, 120000.00) 1023 1034(79432.00, 79432.00) 992 355 652 701 176 1056(17546.00, 23378.00) 0(0.00, 0.00)
route 103, node_num 7, cost 1022.126000, nodes: 0(120000.00, 120000.00) 1023 255 496 4 520 902 0(46991.00, 46991.00)
route 104, node_num 7, cost 1523.214000, nodes: 0(120000.00, 120000.00) 1024 691 517 49 392 638 1097 0(11199.00, 11199.00)
route 105, node_num 8, cost 409.766000, nodes: 0(120000.00, 120000.00) 869 445 338 561 310 501 0(90731.00, 90731.00)
route 106, node_num 7, cost 866.236000, nodes: 0(120000.00, 120000.00) 1023 228 391 417 994 993 1003 0(58126.00, 58126.00)
route 107, node_num 7, cost 1562.694000, nodes: 0(120000.00, 120000.00) 1023 681 91 720 134 47 1076 0(8379.00, 8379.00)
route 108, node_num 8, cost 1409.842000, nodes: 0(120000.00, 120000.00) 1023 867 1012 690 1014 69 525 279 875 0(19297.00, 19297.00)
route 109, node_num 8, cost 998.942000, nodes: 0(120000.00, 120000.00) 1023 899 430 759 35 641 663 0(48647.00, 48647.00)
route 110, node_num 7, cost 1538.544000, nodes: 0(120000.00, 120000.00) 1023 892 719 812 1005 104 48 1045 0(10104.00, 10104.00)
route 111, node_num 8, cost 895.832000, nodes: 0(120000.00, 120000.00) 1023 333 636 734 299 410 983 0(56012.00, 56012.00)
route 112, node_num 8, cost 1284.794000, nodes: 0(120000.00, 120000.00) 1026 604 651 884 785 840 995 0(28229.00, 28229.00)
route 113, node_num 8, cost 1065.232000, nodes: 0(120000.00, 120000.00) 1023 822 767 394 528 920 390 1003 0(43912.00, 43912.00)
route 114, node_num 7, cost 744.240000, nodes: 0(120000.00, 120000.00) 541 218 879 353 359 1003 0(66840.00, 66840.00)
route 115, node_num 8, cost 1515.122000, nodes: 0(120000.00, 120000.00) 757 555 997 560 616 624 1019 1003 0(11777.00, 11777.00)
route 116, node_num 6, cost 272.300000, nodes: 0(120000.00, 120000.00) 731 824 556 1057 277 0(100550.00, 100550.00)
route 117, node_num 8, cost 1463.966000, nodes: 0(120000.00, 120000.00) 1023 120 89 883 106 818 530 0(15431.00, 15431.00)
route 118, node_num 9, cost 1516.914000, nodes: 0(120000.00, 120000.00) 482 797 700 750 51 66 1023(16163.00, 16163.00) 0(11649.00, 11649.00)
route 119, node_num 10, cost 1543.220000, nodes: 0(120000.00, 120000.00) 1023 450 1023(115508.00, 115508.00) 513 177 433 529 679 1028 1003(18885.00, 18885.00) 0(9770.00, 9770.00)
route 120, node_num 6, cost 452.368000, nodes: 0(120000.00, 120000.00) 1023 475 582 109 462 0(87688.00, 87688.00)
route 121, node_num 8, cost 559.930000, nodes: 0(120000.00, 120000.00) 1023 341 966 247 469 336 733 0(80005.00, 80005.00)
route 122, node_num 8, cost 1629.082000, nodes: 0(120000.00, 120000.00) 1023 146 793 199 937 370 28 1097 0(3637.00, 3637.00)
route 123, node_num 10, cost 1791.412000, nodes: 0(120000.00, 120000.00) 1023 1077(100490.00, 100490.00) 160 1079(62307.00, 62307.00) 791 233 32 900 1088 1011(38034.00, 45992.00) 1003 0(0.00, 0.00)
route 124, node_num 9, cost 1712.200000, nodes: 0(120000.00, 120000.00) 1024(78004.00, 80304.00) 546 85 276 439 794 856 0(0.00, 0.00)
route 125, node_num 8, cost 1186.934000, nodes: 0(120000.00, 120000.00) 1023 1003 246 732 364 188 650 836 0(35219.00, 35219.00)
route 126, node_num 7, cost 1182.314000, nodes: 0(120000.00, 120000.00) 1023 52 386 925 397 932 0(35549.00, 35549.00)
route 127, node_num 8, cost 1490.650000, nodes: 0(120000.00, 120000.00) 1023 178 86 1053 957 323 283 693 1057 0(13525.00, 13525.00)
route 128, node_num 8, cost 1389.332000, nodes: 0(120000.00, 120000.00) 1023 646 442 847 179 211 263 1073 0(20762.00, 20762.00)
route 129, node_num 7, cost 1422.232000, nodes: 0(120000.00, 120000.00) 1022 393 1022 461 519 200 274 1004 0(18412.00, 18412.00)
route 130, node_num 8, cost 1443.274000, nodes: 0(120000.00, 120000.00) 1023 193 1025 990 623 586 172 129 1082 0(16909.00, 16909.00)
route 131, node_num 7, cost 1306.550000, nodes: 0(120000.00, 120000.00) 1023 131 231 252 373 751 1068 0(26675.00, 26675.00)
route 132, node_num 8, cost 1025.486000, nodes: 0(120000.00, 120000.00) 1026 1041 713 1032 472 19 240 36 138 0(46751.00, 46751.00)
route 133, node_num 8, cost 1685.796000, nodes: 0(120000.00, 120000.00) 1057 694 610 99 466 526 1003(8701.00, 9115.00) 0(0.00, 0.00)
route 134, node_num 7, cost 839.272000, nodes: 0(120000.00, 120000.00) 543 210 1066 490 1074 115 837 0(60052.00, 60052.00)
route 135, node_num 7, cost 1510.544000, nodes: 0(120000.00, 120000.00) 1024 746 435 483 13 182 0(12104.00, 12104.00)
route 136, node_num 8, cost 1009.330000, nodes: 0(120000.00, 120000.00) 1023 422 8 443 39 42 111 0(47905.00, 47905.00)
route 137, node_num 7, cost 1660.974000, nodes: 0(120000.00, 120000.00) 1023 564 744 710 426 197 1085 1003 0(1359.00, 1359.00)
route 138, node_num 8, cost 1528.618000, nodes: 0(120000.00, 120000.00) 1028 100 825 686 881 491 667 1011 1003 0(10813.00, 10813.00)
route 139, node_num 8, cost 1705.088000, nodes: 0(120000.00, 120000.00) 1023 1003 585 735 507 637 575 1097 1003(7323.00, 9115.00) 0(0.00, 0.00)
route 140, node_num 6, cost 620.900000, nodes: 0(120000.00, 120000.00) 21 93 858 153 0(75650.00, 75650.00)
route 141, node_num 8, cost 1281.224000, nodes: 0(120000.00, 120000.00) 1023 6 863 116 729 607 1068 385 1082 0(28484.00, 28484.00)
route 142, node_num 8, cost 1143.254000, nodes: 0(120000.00, 120000.00) 1023 31 626 727 332 888 10 1028 1003 0(38339.00, 38339.00)
route 143, node_num 9, cost 1659.784000, nodes: 0(120000.00, 120000.00) 1022(83916.00, 83916.00) 424 951 427 834 248 1042 1003(10559.00, 10559.00) 0(1444.00, 1444.00)
route 144, node_num 8, cost 1284.374000, nodes: 0(120000.00, 120000.00) 1023 44 1042 362 101 764 766 30 1042 0(28259.00, 28259.00)
route 145, node_num 9, cost 1600.340000, nodes: 0(120000.00, 120000.00) 1026 1041 284 682 974 523 677 782 1081(42556.00, 42556.00) 1003 0(5690.00, 5690.00)
route 146, node_num 8, cost 844.340000, nodes: 0(120000.00, 120000.00) 882 46 168 927 479 886 0(59690.00, 59690.00)
route 147, node_num 8, cost 1198.036000, nodes: 0(120000.00, 120000.00) 1023 790 627 298 262 600 770 0(34426.00, 34426.00)
route 148, node_num 10, cost 1662.724000, nodes: 0(120000.00, 120000.00) 1023(116496.00, 120000.00) 84 625 474 281 452 656 1052 1011(50730.00, 50730.00) 1003 0(4738.00, 4738.00)
route 149, node_num 7, cost 918.722000, nodes: 0(120000.00, 120000.00) 1057 174 173 936 156 342 0(54377.00, 54377.00)
route 150, node_num 8, cost 1459.164000, nodes: 0(120000.00, 120000.00) 1057 779 1 864 243 666 852 0(15774.00, 15774.00)
route 151, node_num 7, cost 844.158000, nodes: 0(120000.00, 120000.00) 1057 544 762 187 405 37 1057 0(59703.00, 59703.00)
route 152, node_num 6, cost 326.466000, nodes: 0(120000.00, 120000.00) 57 398 311 201 0(96681.00, 96681.00)
route 153, node_num 8, cost 1447.796000, nodes: 0(120000.00, 120000.00) 1023 303 308 835 264 771 265 0(16586.00, 16586.00)
route 154, node_num 8, cost 596.204000, nodes: 0(120000.00, 120000.00) 891 728 451 343 241 919 0(77414.00, 77414.00)
route 155, node_num 9, cost 606.620000, nodes: 0(120000.00, 120000.00) 671 830 985 297 910 977 212 0(76670.00, 76670.00)
route 156, node_num 7, cost 796.908000, nodes: 0(120000.00, 120000.00) 1023 692 813 786 3 216 0(63078.00, 63078.00)
route 157, node_num 7, cost 334.222000, nodes: 0(120000.00, 120000.00) 566 716 221 189 12 0(96127.00, 96127.00)
route 158, node_num 8, cost 1078.490000, nodes: 0(120000.00, 120000.00) 296 142 851 312 961 674 0(42965.00, 42965.00)
route 159, node_num 7, cost 1297.632000, nodes: 0(120000.00, 120000.00) 1022 515 377 542 155 73 1028 1003 0(27312.00, 27312.00)
route 160, node_num 6, cost 686.798000, nodes: 0(120000.00, 120000.00) 1023 403 217 826 384 1095 0(70943.00, 70943.00)
route 161, node_num 8, cost 1310.204000, nodes: 0(120000.00, 120000.00) 166 880 940 90 632 307 0(26414.00, 26414.00)
route 162, node_num 8, cost 1607.592000, nodes: 0(120000.00, 120000.00) 885 893 795 72 844 1080(25958.00, 25958.00) 0(5172.00, 5172.00)
route 163, node_num 8, cost 1183.602000, nodes: 0(120000.00, 120000.00) 1023 213 591 22 225 552 721 1073 0(35457.00, 35457.00)
route 164, node_num 7, cost 1067.318000, nodes: 0(120000.00, 120000.00) 1023 618 2 642 9 1092 599 1003 0(43763.00, 43763.00)
route 165, node_num 7, cost 236.026000, nodes: 0(120000.00, 120000.00) 583 829 603 327 286 0(103141.00, 103141.00)
route 166, node_num 8, cost 1318.016000, nodes: 0(120000.00, 120000.00) 1023 1045 136 321 676 665 639 1084 363 1084 1003 0(25856.00, 25856.00)
route 167, node_num 9, cost 1778.000000, nodes: 0(120000.00, 120000.00) 1023 1044(78713.00, 78713.00) 511 874 476 989 425 1013 1003(2115.00, 9115.00) 0(0.00, 0.00)
route 168, node_num 8, cost 1397.410000, nodes: 0(120000.00, 120000.00) 1023 788 1002 648 1002 996 96 191 165 1003 0(20185.00, 20185.00)
route 169, node_num 7, cost 1468.068000, nodes: 0(120000.00, 120000.00) 1023 318 948 185 260 897 0(15138.00, 15138.00)
route 170, node_num 8, cost 882.686000, nodes: 0(120000.00, 120000.00) 1023 621 25 563 809 628 702 1003 0(56951.00, 56951.00)
route 171, node_num 8, cost 1590.274000, nodes: 0(120000.00, 120000.00) 294 358 620 584 854 224 0(6409.00, 6409.00)
route 172, node_num 7, cost 1185.240000, nodes: 0(120000.00, 120000.00) 1023 653 870 803 500 590 0(35340.00, 35340.00)
route 173, node_num 7, cost 1554.756000, nodes: 0(120000.00, 120000.00) 1023 400 780 894 872 714 0(8946.00, 8946.00)
route 174, node_num 8, cost 1431.514000, nodes: 0(120000.00, 120000.00) 1023 889 222 954 214 488 871 0(17749.00, 17749.00)
route 175, node_num 11, cost 1555.848000, nodes: 0(120000.00, 120000.00) 1022(83916.00, 83916.00) 322 1087(69947.00, 69947.00) 848 531 78 723 787 1064(28202.00, 28202.00) 0(8868.00, 8868.00)
route 176, node_num 9, cost 1864.982000, nodes: 0(120000.00, 120000.00) 1023 266 1077 601 162 709 128 378 1051(44709.00, 57922.00) 1003 0(0.00, 0.00)
route 177, node_num 7, cost 1574.944000, nodes: 0(120000.00, 120000.00) 1021 141 158 861 828 309 1039 0(7504.00, 7504.00)
route 178, node_num 8, cost 1655.612000, nodes: 0(120000.00, 120000.00) 1026 1041 814 896 319 407 643 1041 1003(10857.00, 10857.00) 0(1742.00, 1742.00)
route 179, node_num 8, cost 1175.272000, nodes: 0(120000.00, 120000.00) 539 40 777 857 550 921 0(36052.00, 36052.00)
route 180, node_num 8, cost 1239.280000, nodes: 0(120000.00, 120000.00) 1026 446 569 103 887 376 631 0(31480.00, 31480.00)
route 181, node_num 8, cost 1192.408000, nodes: 0(120000.00, 120000.00) 955 592 481 484 947 152 1061 0(34828.00, 34828.00)
route 182, node_num 7, cost 466.704000, nodes: 0(120000.00, 120000.00) 841 295 314 324 140 0(86664.00, 86664.00)
vehicle (route) number: 183
Total cost: 276597.69
278911.17, 16283.64
278393.71, 16325.29
278261.29, 16205.83
276597.69, 16211.95
280509.97, 17768.99
279934.90, 17100.57
279848.42, 16571.30
281371.53, 16839.30
279904.38, 16389.11
279454.79, 16738.28
