Details of the solution:
route 0, node_num 8, cost 1423.940000, nodes: 0(120000.00, 120000.00) 304 243 82 854 126 906 0(18290.00, 18290.00)
route 1, node_num 9, cost 1851.668000, nodes: 0(120000.00, 120000.00) 14 260 159 740 811 766 1021 1045(12800.00, 25062.00) 0(0.00, 0.00)
route 2, node_num 7, cost 1611.904000, nodes: 0(120000.00, 120000.00) 472 156 97 116 560 1067 0(4864.00, 4864.00)
route 3, node_num 8, cost 1622.936000, nodes: 0(120000.00, 120000.00) 380 937 671 183 436 1092(26833.00, 26833.00) 0(4076.00, 4076.00)
route 4, node_num 8, cost 1596.350000, nodes: 0(120000.00, 120000.00) 632 787 99 414 598 72 0(5975.00, 5975.00)
route 5, node_num 8, cost 1423.646000, nodes: 0(120000.00, 120000.00) 359 667 128 1056 848 477 205 0(18311.00, 18311.00)
route 6, node_num 8, cost 1705.074000, nodes: 0(120000.00, 120000.00) 924 856 712 779 423 1040(20824.00, 22615.00) 0(0.00, 0.00)
route 7, node_num 7, cost 1386.686000, nodes: 0(120000.00, 120000.00) 261 770 947 648 186 1040 0(20951.00, 20951.00)
route 8, node_num 8, cost 1771.938000, nodes: 0(120000.00, 120000.00) 834 841 911 646 509 1040(16048.00, 22615.00) 0(0.00, 0.00)
route 9, node_num 8, cost 1382.612000, nodes: 0(120000.00, 120000.00) 580 688 562 316 505 816 0(21242.00, 21242.00)
route 10, node_num 6, cost 1253.910000, nodes: 0(120000.00, 120000.00) 70 102 768 384 0(30435.00, 30435.00)
route 11, node_num 9, cost 1744.652000, nodes: 0(120000.00, 120000.00) 1012(72845.00, 72845.00) 586 769 269 640 709 1075(12907.00, 17525.00) 0(0.00, 0.00)
route 12, node_num 7, cost 1575.448000, nodes: 0(120000.00, 120000.00) 368 303 941 358 145 0(7468.00, 7468.00)
route 13, node_num 8, cost 1504.552000, nodes: 0(120000.00, 120000.00) 271 839 874 112 962 23 0(12532.00, 12532.00)
route 14, node_num 8, cost 1450.554000, nodes: 0(120000.00, 120000.00) 300 643 957 49 143 864 0(16389.00, 16389.00)
route 15, node_num 7, cost 1475.278000, nodes: 0(120000.00, 120000.00) 140 913 951 518 161 0(14623.00, 14623.00)
route 16, node_num 7, cost 1562.638000, nodes: 0(120000.00, 120000.00) 363 247 8 144 867 0(8383.00, 8383.00)
route 17, node_num 6, cost 1385.804000, nodes: 0(120000.00, 120000.00) 684 567 461 404 0(21014.00, 21014.00)
route 18, node_num 6, cost 651.854000, nodes: 0(120000.00, 120000.00) 230 34 136 417 0(73439.00, 73439.00)
route 19, node_num 8, cost 442.036000, nodes: 0(120000.00, 120000.00) 942 279 558 909 485 124 0(88426.00, 88426.00)
route 20, node_num 6, cost 700.826000, nodes: 0(120000.00, 120000.00) 502 916 508 395 0(69941.00, 69941.00)
route 21, node_num 7, cost 359.324000, nodes: 0(120000.00, 120000.00) 222 935 525 634 500 0(94334.00, 94334.00)
route 22, node_num 6, cost 176.890000, nodes: 0(120000.00, 120000.00) 265 372 650 333 0(107365.00, 107365.00)
route 23, node_num 7, cost 561.988000, nodes: 0(120000.00, 120000.00) 132 810 321 111 226 0(79858.00, 79858.00)
route 24, node_num 9, cost 563.066000, nodes: 0(120000.00, 120000.00) 555 633 698 991 652 550 981 0(79781.00, 79781.00)
route 25, node_num 8, cost 247.044000, nodes: 0(120000.00, 120000.00) 376 641 179 344 325 914 0(102354.00, 102354.00)
route 26, node_num 8, cost 662.774000, nodes: 0(120000.00, 120000.00) 630 272 386 656 552 782 0(72659.00, 72659.00)
route 27, node_num 7, cost 446.348000, nodes: 0(120000.00, 120000.00) 391 86 776 908 784 0(88118.00, 88118.00)
route 28, node_num 9, cost 779.506000, nodes: 0(120000.00, 120000.00) 479 847 713 651 664 692 827 0(64321.00, 64321.00)
route 29, node_num 9, cost 897.260000, nodes: 0(120000.00, 120000.00) 214 482 680 818 32 239 47 0(55910.00, 55910.00)
route 30, node_num 6, cost 374.332000, nodes: 0(120000.00, 120000.00) 663 853 822 584 0(93262.00, 93262.00)
route 31, node_num 6, cost 683.480000, nodes: 0(120000.00, 120000.00) 242 898 806 287 0(71180.00, 71180.00)
route 32, node_num 8, cost 492.940000, nodes: 0(120000.00, 120000.00) 431 484 771 470 999 589 0(84790.00, 84790.00)
route 33, node_num 9, cost 908.376000, nodes: 0(120000.00, 120000.00) 280 160 284 26 95 91 616 1083 0(55116.00, 55116.00)
route 34, node_num 8, cost 836.206000, nodes: 0(120000.00, 120000.00) 968 411 209 121 800 246 1051 0(60271.00, 60271.00)
route 35, node_num 8, cost 889.784000, nodes: 0(120000.00, 120000.00) 599 958 96 422 707 374 0(56444.00, 56444.00)
route 36, node_num 7, cost 905.786000, nodes: 0(120000.00, 120000.00) 757 453 335 1087 22 238 0(55301.00, 55301.00)
route 37, node_num 7, cost 1336.468000, nodes: 0(120000.00, 120000.00) 660 56 42 747 274 0(24538.00, 24538.00)
route 38, node_num 7, cost 916.216000, nodes: 0(120000.00, 120000.00) 326 84 206 681 215 0(54556.00, 54556.00)
route 39, node_num 6, cost 1418.550000, nodes: 0(120000.00, 120000.00) 79 117 639 18 0(18675.00, 18675.00)
route 40, node_num 8, cost 1560.356000, nodes: 0(120000.00, 120000.00) 361 88 129 626 828 252 0(8546.00, 8546.00)
route 41, node_num 7, cost 1497.342000, nodes: 0(120000.00, 120000.00) 257 149 405 889 875 0(13047.00, 13047.00)
route 42, node_num 8, cost 1482.096000, nodes: 0(120000.00, 120000.00) 535 610 200 385 763 476 1034 0(14136.00, 14136.00)
route 43, node_num 7, cost 1653.932000, nodes: 0(120000.00, 120000.00) 1012 693 113 836 851 938 0(1862.00, 1862.00)
route 44, node_num 8, cost 1226.232000, nodes: 0(120000.00, 120000.00) 933 138 277 745 457 973 0(32412.00, 32412.00)
route 45, node_num 9, cost 1788.906000, nodes: 0(120000.00, 120000.00) 533 631 3 884 264 1000 1004(31381.00, 39160.00) 0(0.00, 0.00)
route 46, node_num 8, cost 1159.368000, nodes: 0(120000.00, 120000.00) 225 895 515 445 849 168 0(37188.00, 37188.00)
route 47, node_num 8, cost 1518.972000, nodes: 0(120000.00, 120000.00) 998 266 821 370 253 961 0(11502.00, 11502.00)
route 48, node_num 8, cost 1297.828000, nodes: 0(120000.00, 120000.00) 442 530 721 43 926 732 0(27298.00, 27298.00)
route 49, node_num 7, cost 1349.404000, nodes: 0(120000.00, 120000.00) 1078 51 63 92 456 619 0(23614.00, 23614.00)
route 50, node_num 7, cost 1514.982000, nodes: 0(120000.00, 120000.00) 504 108 653 114 109 0(11787.00, 11787.00)
route 51, node_num 7, cost 1138.802000, nodes: 0(120000.00, 120000.00) 77 407 891 507 577 0(38657.00, 38657.00)
route 52, node_num 7, cost 1369.606000, nodes: 0(120000.00, 120000.00) 475 1004 98 585 989 576 0(22171.00, 22171.00)
route 53, node_num 8, cost 1651.594000, nodes: 0(120000.00, 120000.00) 473 870 967 334 901 1067(16707.00, 16707.00) 0(2029.00, 2029.00)
route 54, node_num 7, cost 1086.260000, nodes: 0(120000.00, 120000.00) 259 565 748 295 155 0(42410.00, 42410.00)
route 55, node_num 7, cost 922.628000, nodes: 0(120000.00, 120000.00) 233 965 262 454 403 0(54098.00, 54098.00)
route 56, node_num 7, cost 859.068000, nodes: 0(120000.00, 120000.00) 743 702 557 93 988 0(58638.00, 58638.00)
route 57, node_num 8, cost 1109.850000, nodes: 0(120000.00, 120000.00) 676 210 904 313 171 336 0(40725.00, 40725.00)
route 58, node_num 7, cost 713.272000, nodes: 0(120000.00, 120000.00) 627 120 427 683 882 0(69052.00, 69052.00)
route 59, node_num 7, cost 1250.186000, nodes: 0(120000.00, 120000.00) 306 629 296 364 807 0(30701.00, 30701.00)
route 60, node_num 8, cost 616.350000, nodes: 0(120000.00, 120000.00) 235 131 486 180 511 753 0(75975.00, 75975.00)
route 61, node_num 8, cost 1387.232000, nodes: 0(120000.00, 120000.00) 717 446 522 38 925 871 0(20912.00, 20912.00)
route 62, node_num 8, cost 885.668000, nodes: 0(120000.00, 120000.00) 563 1030 794 87 293 960 823 0(56738.00, 56738.00)
route 63, node_num 7, cost 1408.260000, nodes: 0(120000.00, 120000.00) 549 992 814 78 241 0(19410.00, 19410.00)
route 64, node_num 8, cost 1144.934000, nodes: 0(120000.00, 120000.00) 231 923 25 892 791 1036 276 1001 0(38219.00, 38219.00)
route 65, node_num 7, cost 861.546000, nodes: 0(120000.00, 120000.00) 157 725 503 415 762 0(58461.00, 58461.00)
route 66, node_num 8, cost 1042.930000, nodes: 0(120000.00, 120000.00) 593 953 17 790 872 118 0(45505.00, 45505.00)
route 67, node_num 7, cost 1039.262000, nodes: 0(120000.00, 120000.00) 905 798 952 228 4 0(45767.00, 45767.00)
route 68, node_num 8, cost 916.286000, nodes: 0(120000.00, 120000.00) 412 366 35 170 819 969 0(54551.00, 54551.00)
route 69, node_num 8, cost 809.816000, nodes: 0(120000.00, 120000.00) 357 496 197 843 750 329 0(62156.00, 62156.00)
route 70, node_num 7, cost 1189.524000, nodes: 0(120000.00, 120000.00) 1080 278 728 746 976 990 0(35034.00, 35034.00)
route 71, node_num 6, cost 684.782000, nodes: 0(120000.00, 120000.00) 719 314 970 11 0(71087.00, 71087.00)
route 72, node_num 8, cost 951.230000, nodes: 0(120000.00, 120000.00) 546 512 328 545 268 880 0(52055.00, 52055.00)
route 73, node_num 7, cost 741.944000, nodes: 0(120000.00, 120000.00) 903 83 254 220 458 1001 0(67004.00, 67004.00)
route 74, node_num 7, cost 1187.410000, nodes: 0(120000.00, 120000.00) 606 19 628 30 193 0(35185.00, 35185.00)
route 75, node_num 7, cost 860.706000, nodes: 0(120000.00, 120000.00) 615 955 541 578 510 0(58521.00, 58521.00)
route 76, node_num 7, cost 1012.214000, nodes: 0(120000.00, 120000.00) 401 337 103 866 877 0(47699.00, 47699.00)
route 77, node_num 8, cost 944.118000, nodes: 0(120000.00, 120000.00) 896 465 438 101 879 420 0(52563.00, 52563.00)
route 78, node_num 8, cost 1261.316000, nodes: 0(120000.00, 120000.00) 289 715 857 655 760 181 0(29906.00, 29906.00)
route 79, node_num 8, cost 917.602000, nodes: 0(120000.00, 120000.00) 311 765 130 785 758 36 0(54457.00, 54457.00)
route 80, node_num 8, cost 1064.770000, nodes: 0(120000.00, 120000.00) 189 375 948 59 569 340 0(43945.00, 43945.00)
route 81, node_num 7, cost 734.300000, nodes: 0(120000.00, 120000.00) 146 907 751 888 338 0(67550.00, 67550.00)
route 82, node_num 8, cost 991.550000, nodes: 0(120000.00, 120000.00) 966 915 795 708 600 462 0(49175.00, 49175.00)
route 83, node_num 8, cost 1033.746000, nodes: 0(120000.00, 120000.00) 360 657 292 831 12 219 0(46161.00, 46161.00)
route 84, node_num 8, cost 841.442000, nodes: 0(120000.00, 120000.00) 400 182 701 115 119 448 0(59897.00, 59897.00)
route 85, node_num 7, cost 998.844000, nodes: 0(120000.00, 120000.00) 135 365 611 775 444 0(48654.00, 48654.00)
route 86, node_num 7, cost 881.160000, nodes: 0(120000.00, 120000.00) 801 588 574 299 122 0(57060.00, 57060.00)
route 87, node_num 7, cost 944.426000, nodes: 0(120000.00, 120000.00) 825 163 221 20 494 0(52541.00, 52541.00)
route 88, node_num 9, cost 1121.876000, nodes: 0(120000.00, 120000.00) 255 176 347 353 275 624 741 0(39866.00, 39866.00)
route 89, node_num 7, cost 1100.750000, nodes: 0(120000.00, 120000.00) 824 591 894 162 343 0(41375.00, 41375.00)
route 90, node_num 8, cost 1032.122000, nodes: 0(120000.00, 120000.00) 526 796 547 68 7 830 0(46277.00, 46277.00)
route 91, node_num 8, cost 1005.522000, nodes: 0(120000.00, 120000.00) 57 416 148 301 744 959 0(48177.00, 48177.00)
route 92, node_num 8, cost 1115.562000, nodes: 0(120000.00, 120000.00) 949 876 722 781 354 636 0(40317.00, 40317.00)
route 93, node_num 8, cost 947.030000, nodes: 0(120000.00, 120000.00) 322 932 324 561 232 809 0(52355.00, 52355.00)
route 94, node_num 7, cost 817.474000, nodes: 0(120000.00, 120000.00) 201 305 645 520 435 0(61609.00, 61609.00)
route 95, node_num 7, cost 1241.954000, nodes: 0(120000.00, 120000.00) 846 9 165 705 527 0(31289.00, 31289.00)
route 96, node_num 9, cost 872.046000, nodes: 0(120000.00, 120000.00) 556 492 350 342 216 188 767 0(57711.00, 57711.00)
route 97, node_num 8, cost 860.412000, nodes: 0(120000.00, 120000.00) 250 1086 622 665 978 491 164 0(58542.00, 58542.00)
route 98, node_num 8, cost 965.398000, nodes: 0(120000.00, 120000.00) 677 81 711 327 62 699 0(51043.00, 51043.00)
route 99, node_num 7, cost 1198.218000, nodes: 0(120000.00, 120000.00) 979 408 174 402 730 0(34413.00, 34413.00)
route 100, node_num 6, cost 411.082000, nodes: 0(120000.00, 120000.00) 994 984 94 813 0(90637.00, 90637.00)
route 101, node_num 8, cost 1174.390000, nodes: 0(120000.00, 120000.00) 963 27 15 218 13 927 0(36115.00, 36115.00)
route 102, node_num 8, cost 845.908000, nodes: 0(120000.00, 120000.00) 497 531 33 139 133 369 0(59578.00, 59578.00)
route 103, node_num 7, cost 905.604000, nodes: 0(120000.00, 120000.00) 187 196 330 318 603 0(55314.00, 55314.00)
route 104, node_num 7, cost 1291.948000, nodes: 0(120000.00, 120000.00) 1003 977 862 772 5 704 0(27718.00, 27718.00)
route 105, node_num 9, cost 1123.976000, nodes: 0(120000.00, 120000.00) 212 273 345 931 523 443 536 0(39716.00, 39716.00)
route 106, node_num 8, cost 952.700000, nodes: 0(120000.00, 120000.00) 75 41 191 833 703 80 0(51950.00, 51950.00)
route 107, node_num 9, cost 1013.082000, nodes: 0(120000.00, 120000.00) 150 673 450 175 234 553 54 0(47637.00, 47637.00)
route 108, node_num 7, cost 764.960000, nodes: 0(120000.00, 120000.00) 173 90 868 217 349 0(65360.00, 65360.00)
route 109, node_num 8, cost 746.872000, nodes: 0(120000.00, 120000.00) 542 679 609 625 662 382 0(66652.00, 66652.00)
route 110, node_num 8, cost 608.692000, nodes: 0(120000.00, 120000.00) 44 777 312 737 724 575 0(76522.00, 76522.00)
route 111, node_num 8, cost 821.814000, nodes: 0(120000.00, 120000.00) 621 399 184 893 137 900 0(61299.00, 61299.00)
route 112, node_num 8, cost 995.288000, nodes: 0(120000.00, 120000.00) 912 983 433 797 805 642 0(48908.00, 48908.00)
route 113, node_num 9, cost 850.738000, nodes: 0(120000.00, 120000.00) 764 283 21 256 986 723 352 0(59233.00, 59233.00)
route 114, node_num 6, cost 790.342000, nodes: 0(120000.00, 120000.00) 686 394 286 878 0(63547.00, 63547.00)
route 115, node_num 9, cost 940.856000, nodes: 0(120000.00, 120000.00) 310 434 248 689 178 579 371 0(52796.00, 52796.00)
route 116, node_num 8, cost 654.150000, nodes: 0(120000.00, 120000.00) 355 706 447 920 539 670 0(73275.00, 73275.00)
route 117, node_num 8, cost 791.770000, nodes: 0(120000.00, 120000.00) 682 742 69 733 223 474 0(63445.00, 63445.00)
route 118, node_num 7, cost 703.780000, nodes: 0(120000.00, 120000.00) 489 320 291 211 37 0(69730.00, 69730.00)
route 119, node_num 9, cost 798.042000, nodes: 0(120000.00, 120000.00) 315 1087 356 524 668 761 678 154 0(62997.00, 62997.00)
route 120, node_num 8, cost 831.698000, nodes: 0(120000.00, 120000.00) 780 480 208 982 169 940 0(60593.00, 60593.00)
route 121, node_num 7, cost 772.688000, nodes: 0(120000.00, 120000.00) 89 749 659 883 341 0(64808.00, 64808.00)
route 122, node_num 7, cost 954.660000, nodes: 0(120000.00, 120000.00) 594 899 802 538 297 0(51810.00, 51810.00)
route 123, node_num 8, cost 996.646000, nodes: 0(120000.00, 120000.00) 731 850 804 288 954 419 0(48811.00, 48811.00)
route 124, node_num 9, cost 1019.928000, nodes: 0(120000.00, 120000.00) 528 406 587 451 881 410 198 0(47148.00, 47148.00)
route 125, node_num 10, cost 1913.912000, nodes: 0(120000.00, 120000.00) 1039(67416.00, 67416.00) 695 783 6 107 1090(39677.00, 39677.00) 308 1071(19841.00, 36549.00) 0(0.00, 0.00)
route 126, node_num 8, cost 1920.590000, nodes: 0(120000.00, 120000.00) 597 687 213 85 1039(36197.00, 53382.00) 517 0(0.00, 0.00)
route 127, node_num 6, cost 858.858000, nodes: 0(120000.00, 120000.00) 460 738 29 997 0(58653.00, 58653.00)
route 128, node_num 7, cost 1369.718000, nodes: 0(120000.00, 120000.00) 691 897 845 803 934 0(22163.00, 22163.00)
route 129, node_num 8, cost 1280.384000, nodes: 0(120000.00, 120000.00) 383 379 675 919 571 267 0(28544.00, 28544.00)
route 130, node_num 7, cost 1352.428000, nodes: 0(120000.00, 120000.00) 441 582 58 773 572 0(23398.00, 23398.00)
route 131, node_num 8, cost 1619.394000, nodes: 0(120000.00, 120000.00) 487 142 921 858 718 207 0(4329.00, 4329.00)
route 132, node_num 9, cost 1686.958000, nodes: 0(120000.00, 120000.00) 432 759 339 151 739 172 1018(21927.00, 22424.00) 0(0.00, 0.00)
route 133, node_num 7, cost 1356.222000, nodes: 0(120000.00, 120000.00) 192 236 466 928 534 0(23127.00, 23127.00)
route 134, node_num 8, cost 1465.366000, nodes: 0(120000.00, 120000.00) 153 307 786 48 65 987 0(15331.00, 15331.00)
route 135, node_num 8, cost 1485.722000, nodes: 0(120000.00, 120000.00) 430 700 392 73 564 177 1068 1086 1025 0(13877.00, 13877.00)
route 136, node_num 8, cost 1843.254000, nodes: 0(120000.00, 120000.00) 346 240 815 617 996 1096(14837.00, 26498.00) 1025 0(0.00, 0.00)
route 137, node_num 8, cost 1725.024000, nodes: 0(120000.00, 120000.00) 710 1042(56173.00, 59389.00) 863 793 644 635 0(0.00, 0.00)
route 138, node_num 9, cost 1831.886000, nodes: 0(120000.00, 120000.00) 378 985 922 53 141 125 1025(13278.00, 24127.00) 0(0.00, 0.00)
route 139, node_num 8, cost 1491.210000, nodes: 0(120000.00, 120000.00) 613 605 672 455 869 452 0(13485.00, 13485.00)
route 140, node_num 8, cost 1311.604000, nodes: 0(120000.00, 120000.00) 516 930 638 367 55 971 0(26314.00, 26314.00)
route 141, node_num 9, cost 1668.618000, nodes: 0(120000.00, 120000.00) 166 245 61 463 202 123 1025(24940.00, 24940.00) 0(813.00, 813.00)
route 142, node_num 8, cost 1789.760000, nodes: 0(120000.00, 120000.00) 1039(67416.00, 75256.00) 754 647 623 495 413 0(0.00, 0.00)
route 143, node_num 7, cost 1507.940000, nodes: 0(120000.00, 120000.00) 829 583 729 302 281 0(12290.00, 12290.00)
route 144, node_num 6, cost 345.870000, nodes: 0(120000.00, 120000.00) 481 229 46 808 0(95295.00, 95295.00)
route 145, node_num 6, cost 663.978000, nodes: 0(120000.00, 120000.00) 861 397 190 859 0(72573.00, 72573.00)
route 146, node_num 8, cost 614.810000, nodes: 0(120000.00, 120000.00) 514 566 570 1013 418 789 918 0(76085.00, 76085.00)
route 147, node_num 7, cost 771.764000, nodes: 0(120000.00, 120000.00) 669 950 449 1040 459 778 0(64874.00, 64874.00)
route 148, node_num 7, cost 480.424000, nodes: 0(120000.00, 120000.00) 554 972 886 464 396 0(85684.00, 85684.00)
route 149, node_num 7, cost 555.170000, nodes: 0(120000.00, 120000.00) 158 532 975 40 331 0(80345.00, 80345.00)
route 150, node_num 8, cost 743.176000, nodes: 0(120000.00, 120000.00) 995 388 873 792 425 720 0(66916.00, 66916.00)
route 151, node_num 7, cost 787.934000, nodes: 0(120000.00, 120000.00) 734 551 298 39 147 0(63719.00, 63719.00)
route 152, node_num 7, cost 522.200000, nodes: 0(120000.00, 120000.00) 826 249 270 690 2 0(82700.00, 82700.00)
route 153, node_num 8, cost 719.334000, nodes: 0(120000.00, 120000.00) 390 199 885 74 134 837 0(68619.00, 68619.00)
route 154, node_num 7, cost 690.550000, nodes: 0(120000.00, 120000.00) 817 939 820 317 195 0(70675.00, 70675.00)
route 155, node_num 8, cost 764.750000, nodes: 0(120000.00, 120000.00) 838 71 258 426 956 840 0(65375.00, 65375.00)
route 156, node_num 7, cost 716.968000, nodes: 0(120000.00, 120000.00) 842 1081 513 844 282 865 0(68788.00, 68788.00)
route 157, node_num 8, cost 813.246000, nodes: 0(120000.00, 120000.00) 608 1040 735 727 490 106 428 0(61911.00, 61911.00)
route 158, node_num 8, cost 768.586000, nodes: 0(120000.00, 120000.00) 736 501 929 835 944 50 0(65101.00, 65101.00)
route 159, node_num 5, cost 328.692000, nodes: 0(120000.00, 120000.00) 910 263 936 0(96522.00, 96522.00)
route 160, node_num 8, cost 822.794000, nodes: 0(120000.00, 120000.00) 373 389 799 980 607 1001 788 0(61229.00, 61229.00)
route 161, node_num 7, cost 606.550000, nodes: 0(120000.00, 120000.00) 76 52 568 855 832 0(76675.00, 76675.00)
route 162, node_num 8, cost 532.392000, nodes: 0(120000.00, 120000.00) 167 362 204 488 726 544 0(81972.00, 81972.00)
route 163, node_num 6, cost 639.548000, nodes: 0(120000.00, 120000.00) 529 540 964 559 0(74318.00, 74318.00)
route 164, node_num 8, cost 1052.198000, nodes: 0(120000.00, 120000.00) 409 649 16 24 756 294 0(44843.00, 44843.00)
route 165, node_num 8, cost 1160.516000, nodes: 0(120000.00, 120000.00) 244 714 666 887 590 519 0(37106.00, 37106.00)
route 166, node_num 9, cost 1633.366000, nodes: 0(120000.00, 120000.00) 612 377 387 697 319 471 1010(35131.00, 35131.00) 0(3331.00, 3331.00)
route 167, node_num 8, cost 1553.188000, nodes: 0(120000.00, 120000.00) 468 946 440 1011 28 467 393 1001 0(9058.00, 9058.00)
route 168, node_num 8, cost 1399.202000, nodes: 0(120000.00, 120000.00) 592 429 224 696 543 105 0(20057.00, 20057.00)
route 169, node_num 8, cost 1432.550000, nodes: 0(120000.00, 120000.00) 185 104 478 100 64 381 0(17675.00, 17675.00)
route 170, node_num 8, cost 1530.998000, nodes: 0(120000.00, 120000.00) 10 774 421 537 614 237 0(10643.00, 10643.00)
route 171, node_num 8, cost 1432.368000, nodes: 0(120000.00, 120000.00) 31 596 152 437 348 661 0(17688.00, 17688.00)
route 172, node_num 7, cost 1206.730000, nodes: 0(120000.00, 120000.00) 581 110 637 573 620 0(33805.00, 33805.00)
route 173, node_num 9, cost 1675.226000, nodes: 0(120000.00, 120000.00) 812 309 493 945 595 398 1047 1071(36890.00, 36890.00) 0(341.00, 341.00)
route 174, node_num 7, cost 1146.894000, nodes: 0(120000.00, 120000.00) 890 483 602 227 974 0(38079.00, 38079.00)
route 175, node_num 8, cost 1347.696000, nodes: 0(120000.00, 120000.00) 917 332 604 601 60 654 1071 0(23736.00, 23736.00)
route 176, node_num 8, cost 1708.280000, nodes: 0(120000.00, 120000.00) 351 1 618 716 498 1072(35425.00, 37445.00) 0(0.00, 0.00)
route 177, node_num 7, cost 1313.004000, nodes: 0(120000.00, 120000.00) 674 521 694 66 323 0(26214.00, 26214.00)
route 178, node_num 8, cost 1312.766000, nodes: 0(120000.00, 120000.00) 285 251 685 506 943 755 0(26231.00, 26231.00)
route 179, node_num 8, cost 1447.446000, nodes: 0(120000.00, 120000.00) 658 127 548 439 424 290 0(16611.00, 16611.00)
route 180, node_num 8, cost 1216.404000, nodes: 0(120000.00, 120000.00) 993 45 860 67 203 469 0(33114.00, 33114.00)
route 181, node_num 8, cost 1711.542000, nodes: 0(120000.00, 120000.00) 752 852 194 499 902 1071(34296.00, 36549.00) 0(0.00, 0.00)
vehicle (route) number: 182
Total cost: 252772.63
258395.10, 16244.96
259809.51, 16228.37
257950.74, 16252.08
256652.62, 16210.06
256376.24, 16253.07
256624.56, 16208.60
255960.87, 16202.01
252772.63, 16210.20
253311.04, 16208.99
253172.38, 16200.34
