Details of the solution:
route 0, node_num 8, cost 1086.778000, nodes: 0(120000.00, 120000.00) 1057 798 871 285 1065 1019 937 1019 242 614 1029 0(42373.00, 42373.00)
route 1, node_num 9, cost 1944.544000, nodes: 0(120000.00, 120000.00) 255 954 1095 196 1047(43154.00, 43154.00) 307 60 1071(30316.00, 49212.00) 1055 1007 1083 1093 0(0.00, 0.00)
route 2, node_num 8, cost 1180.690000, nodes: 0(120000.00, 120000.00) 1057 386 1086 742 86 867 344 1046 838 1033 0(35665.00, 35665.00)
route 3, node_num 8, cost 572.740000, nodes: 0(120000.00, 120000.00) 439 713 914 591 593 953 1064 0(79090.00, 79090.00)
route 4, node_num 8, cost 1471.862000, nodes: 0(120000.00, 120000.00) 1033 752 1018 1075 246 157 46 94 849 1083 1093 0(14867.00, 14867.00)
route 5, node_num 8, cost 1609.776000, nodes: 0(120000.00, 120000.00) 1092 872 1006 70 286 1087 125 155 998 1077 1052 1046 1091 1082 0(5016.00, 5016.00)
route 6, node_num 10, cost 1529.388000, nodes: 0(120000.00, 120000.00) 1085(97648.00, 97648.00) 1002 1078 1018 1069 537 680 858 1072 87 1069(54864.00, 54864.00) 416 1005(34832.00, 34832.00) 1064 0(10758.00, 10758.00)
route 7, node_num 8, cost 1275.498000, nodes: 0(120000.00, 120000.00) 1092 1031 693 1014 660 645 9 747 1014 572 1065 0(28893.00, 28893.00)
route 8, node_num 8, cost 1549.422000, nodes: 0(120000.00, 120000.00) 1092 1046 193 1006 270 996 497 1087 666 581 1077 1052 1046 1091 1082 0(9327.00, 9327.00)
route 9, node_num 9, cost 491.988000, nodes: 0(120000.00, 120000.00) 889 23 767 93 1029 815 1029 195 81 1066 0(84858.00, 84858.00)
route 10, node_num 7, cost 1433.138000, nodes: 0(120000.00, 120000.00) 1092 1052 1034 168 314 1087 437 1021 466 232 1052 1046 1091 1082 0(17633.00, 17633.00)
route 11, node_num 8, cost 1362.676000, nodes: 0(120000.00, 120000.00) 1033 1089 1016 1043 151 1004 788 896 863 163 381 1084 1001 1043 1016 1091 1082 0(22666.00, 22666.00)
route 12, node_num 8, cost 1066.450000, nodes: 0(120000.00, 120000.00) 1091 1003 567 768 594 604 409 433 1033 0(43825.00, 43825.00)
route 13, node_num 9, cost 1766.422000, nodes: 0(120000.00, 120000.00) 1085(97648.00, 101648.00) 1002 1078 1018 36 357 467 1071 754 249 1050(47321.00, 49494.00) 1007 1083 1093 0(0.00, 0.00)
route 14, node_num 9, cost 1786.736000, nodes: 0(120000.00, 120000.00) 1085(97648.00, 120000.00) 1028 1022 531 1084 1050 404 918 755 346 1095(69422.00, 69422.00) 1071 1055 1007 1083 1093 0(14728.00, 14728.00)
route 15, node_num 7, cost 998.844000, nodes: 0(120000.00, 120000.00) 1092 428 922 162 251 541 1033 0(48654.00, 48654.00)
route 16, node_num 8, cost 647.514000, nodes: 0(120000.00, 120000.00) 908 20 749 26 677 670 1091 1082 0(73749.00, 73749.00)
route 17, node_num 7, cost 1241.968000, nodes: 0(120000.00, 120000.00) 1048 628 42 71 774 938 1094 1093 0(31288.00, 31288.00)
route 18, node_num 8, cost 1052.632000, nodes: 0(120000.00, 120000.00) 498 1033 1089 1016 8 544 1076 299 940 545 1076 1016 1091 1082 0(44812.00, 44812.00)
route 19, node_num 7, cost 568.204000, nodes: 0(120000.00, 120000.00) 1023 262 792 388 852 161 0(79414.00, 79414.00)
route 20, node_num 8, cost 878.248000, nodes: 0(120000.00, 120000.00) 781 478 759 618 10 958 0(57268.00, 57268.00)
route 21, node_num 7, cost 1089.158000, nodes: 0(120000.00, 120000.00) 1048 511 778 1094 366 295 681 1094 1093 0(42203.00, 42203.00)
route 22, node_num 7, cost 637.476000, nodes: 0(120000.00, 120000.00) 687 158 974 895 273 1038 0(74466.00, 74466.00)
route 23, node_num 8, cost 1554.252000, nodes: 0(120000.00, 120000.00) 1033 1089 1016 1043 1001 584 27 202 1039 514 343 739 1033 0(8982.00, 8982.00)
route 24, node_num 10, cost 1873.158000, nodes: 0(120000.00, 120000.00) 1069 494 1055(67195.00, 67195.00) 1035 330 1041 352 1041(52252.00, 52252.00) 711 11 1050(35697.00, 49494.00) 1007 1083 1093 0(0.00, 0.00)
route 25, node_num 8, cost 1551.116000, nodes: 0(120000.00, 120000.00) 1069 429 1055 855 390 141 861 410 1055 1007 1083 1093 0(9206.00, 9206.00)
route 26, node_num 7, cost 1594.922000, nodes: 0(120000.00, 120000.00) 1033 1089 1016 1043 1001 796 595 832 968 737 1033 0(6077.00, 6077.00)
route 27, node_num 7, cost 1058.316000, nodes: 0(120000.00, 120000.00) 1033 189 633 400 554 1086 156 1046 1091 1082 0(44406.00, 44406.00)
route 28, node_num 7, cost 1472.758000, nodes: 0(120000.00, 120000.00) 1092 775 1052 76 638 380 1088 1009 686 1033 0(14803.00, 14803.00)
route 29, node_num 12, cost 1655.262000, nodes: 0(120000.00, 120000.00) 1091 1081(92093.00, 92093.00) 269 174 1009 1088(77250.00, 77250.00) 643 1068(60349.00, 60349.00) 318 657 476 1012 1025 1086 1058(19806.00, 19806.00) 0(1767.00, 1767.00)
route 30, node_num 10, cost 1742.482000, nodes: 0(120000.00, 120000.00) 1085(97648.00, 97648.00) 1002 1078 1018 1054 801 621 302 1099 358 583 118 1095 1071(44749.00, 49212.00) 1055 1007 1083 1093 0(0.00, 0.00)
route 31, node_num 8, cost 1068.312000, nodes: 0(120000.00, 120000.00) 1033 955 397 383 553 84 266 1091 1082 0(43692.00, 43692.00)
route 32, node_num 9, cost 351.008000, nodes: 0(120000.00, 120000.00) 473 317 204 985 1067 636 627 1100 507 0(94928.00, 94928.00)
route 33, node_num 9, cost 1823.192000, nodes: 0(120000.00, 120000.00) 1085(97648.00, 97648.00) 1002 1078 1018 1054 405 623 50 280 881 1061 1045(15700.00, 25928.00) 1011 1051 0(0.00, 0.00)
route 34, node_num 8, cost 1226.386000, nodes: 0(120000.00, 120000.00) 1049 599 945 40 701 762 949 1083 1093 0(32401.00, 32401.00)
route 35, node_num 7, cost 513.786000, nodes: 0(120000.00, 120000.00) 1037 971 181 309 790 142 1064 0(83301.00, 83301.00)
route 36, node_num 8, cost 1221.892000, nodes: 0(120000.00, 120000.00) 986 1092 75 807 923 109 1032 34 1056 0(32722.00, 32722.00)
route 37, node_num 8, cost 1145.956000, nodes: 0(120000.00, 120000.00) 197 1045 114 1022 925 329 877 694 1016 1091 1082 0(38146.00, 38146.00)
route 38, node_num 11, cost 1580.600000, nodes: 0(120000.00, 120000.00) 1085(97648.00, 97648.00) 1028 1027 1080 176 447 1039(69042.00, 69042.00) 261 678 54 275 1088 1043(33735.00, 33735.00) 1016 1091 1082 0(7100.00, 7100.00)
route 39, node_num 9, cost 586.236000, nodes: 0(120000.00, 120000.00) 260 451 215 690 606 396 566 1023 0(78126.00, 78126.00)
route 40, node_num 6, cost 317.660000, nodes: 0(120000.00, 120000.00) 886 993 1067 291 489 0(97310.00, 97310.00)
route 41, node_num 7, cost 1369.452000, nodes: 0(120000.00, 120000.00) 1049 789 1049 1075 699 783 950 1018 529 1059 1093 0(22182.00, 22182.00)
route 42, node_num 8, cost 1087.772000, nodes: 0(120000.00, 120000.00) 702 1081 1004 822 741 1004 642 512 431 1076 1016 1091 1082 0(42302.00, 42302.00)
route 43, node_num 7, cost 1549.002000, nodes: 0(120000.00, 120000.00) 1092 1031 419 1014 637 1060 750 1079 1060 440 1014 462 1019 1023 0(9357.00, 9357.00)
route 44, node_num 8, cost 1086.148000, nodes: 0(120000.00, 120000.00) 1033 1082 860 1016 716 25 1004 131 474 1076 748 0(42418.00, 42418.00)
route 45, node_num 8, cost 1449.924000, nodes: 0(120000.00, 120000.00) 616 115 1072 734 1072 331 882 1072 603 1018 1078 1002 1059 1093 0(16434.00, 16434.00)
route 46, node_num 8, cost 2041.564000, nodes: 0(120000.00, 120000.00) 1033 1011 117 841 22 406 602 1088 1043(809.00, 26635.00) 1016 1091 1082 0(0.00, 0.00)
route 47, node_num 8, cost 1116.346000, nodes: 0(120000.00, 120000.00) 1033 1089 843 133 21 688 1004 370 1004 1043 626 1016 1091 1082 0(40261.00, 40261.00)
route 48, node_num 8, cost 778.316000, nodes: 0(120000.00, 120000.00) 290 1093 341 976 528 987 784 1083 1093 0(64406.00, 64406.00)
route 49, node_num 9, cost 1869.308000, nodes: 0(120000.00, 120000.00) 1085(97648.00, 101648.00) 1009 1062 999 672 453 810 1062 806 1033(3416.00, 12938.00) 0(0.00, 0.00)
route 50, node_num 11, cost 1969.674000, nodes: 0(120000.00, 120000.00) 1091 1081(92093.00, 120000.00) 52 1087(99162.00, 99162.00) 880 547 1068(79861.00, 79861.00) 49 519 1008 1011 1051(21271.00, 21271.00) 0(7216.00, 7216.00)
route 51, node_num 7, cost 1481.536000, nodes: 0(120000.00, 120000.00) 1033 1089 876 1076 1022 399 607 669 475 1007 1083 1093 0(14176.00, 14176.00)
route 52, node_num 7, cost 1228.192000, nodes: 0(120000.00, 120000.00) 62 265 1092 179 630 1032 57 0(32272.00, 32272.00)
route 53, node_num 9, cost 1659.882000, nodes: 0(120000.00, 120000.00) 1085(97648.00, 97648.00) 1009 818 538 816 111 990 1089(21777.00, 21777.00) 1033 0(1437.00, 1437.00)
route 54, node_num 8, cost 1269.982000, nodes: 0(120000.00, 120000.00) 1033 1089 1016 1043 350 1053 420 640 82 229 252 1009 1016 1091 1082 0(29287.00, 29287.00)
route 55, node_num 10, cost 1828.344000, nodes: 0(120000.00, 120000.00) 1091 1081(92093.00, 100093.00) 1006 371 1068(69430.00, 69430.00) 894 667 730 527 1062 1039 1036(30673.00, 33269.00) 1043 1016 1091 1082 0(0.00, 0.00)
route 56, node_num 7, cost 715.750000, nodes: 0(120000.00, 120000.00) 1074 38 970 947 884 846 1093 0(68875.00, 68875.00)
route 57, node_num 9, cost 539.098000, nodes: 0(120000.00, 120000.00) 631 972 1037 460 522 501 929 48 0(81493.00, 81493.00)
route 58, node_num 7, cost 445.858000, nodes: 0(120000.00, 120000.00) 333 144 165 487 570 0(88153.00, 88153.00)
route 59, node_num 8, cost 1163.722000, nodes: 0(120000.00, 120000.00) 1033 1089 1016 322 787 513 1036 5 891 830 1011 1051 0(36877.00, 36877.00)
route 60, node_num 7, cost 1443.330000, nodes: 0(120000.00, 120000.00) 1091 1017 1076 1022 1090 362 1075 523 565 103 823 1083 1093 0(16905.00, 16905.00)
route 61, node_num 7, cost 928.298000, nodes: 0(120000.00, 120000.00) 363 574 901 834 258 1089 1033 0(53693.00, 53693.00)
route 62, node_num 8, cost 953.190000, nodes: 0(120000.00, 120000.00) 1074 320 931 797 267 827 1048 956 1048 1093 0(51915.00, 51915.00)
route 63, node_num 7, cost 837.760000, nodes: 0(120000.00, 120000.00) 185 140 1093 866 597 13 1059 1093 0(60160.00, 60160.00)
route 64, node_num 7, cost 1265.404000, nodes: 0(120000.00, 120000.00) 1033 1089 1016 1043 149 1036 253 154 239 101 1088 1033 0(29614.00, 29614.00)
route 65, node_num 8, cost 1111.908000, nodes: 0(120000.00, 120000.00) 58 1011 995 412 1001 378 800 647 1011 1051 0(40578.00, 40578.00)
route 66, node_num 8, cost 1297.940000, nodes: 0(120000.00, 120000.00) 1092 887 177 859 897 722 982 1033 0(27290.00, 27290.00)
route 67, node_num 8, cost 1634.220000, nodes: 0(120000.00, 120000.00) 1033 1089 1016 1043 1001 655 1039 991 116 392 90 805 1033 0(3270.00, 3270.00)
route 68, node_num 7, cost 1348.144000, nodes: 0(120000.00, 120000.00) 1057 611 1092 679 776 684 214 1032 1092 0(23704.00, 23704.00)
route 69, node_num 10, cost 1611.890000, nodes: 0(120000.00, 120000.00) 1092 1032 518 1098 1040(68869.00, 68869.00) 620 665 1010(56342.00, 56342.00) 56 112 1079 1031 1065(31773.00, 31773.00) 0(4865.00, 4865.00)
route 70, node_num 8, cost 854.140000, nodes: 0(120000.00, 120000.00) 227 1063 608 166 736 145 353 1083 1093 0(58990.00, 58990.00)
route 71, node_num 8, cost 1383.662000, nodes: 0(120000.00, 120000.00) 436 761 1075 458 99 292 1054 714 1083 1093 0(21167.00, 21167.00)
route 72, node_num 7, cost 730.212000, nodes: 0(120000.00, 120000.00) 17 540 833 1056 795 532 0(67842.00, 67842.00)
route 73, node_num 8, cost 1410.682000, nodes: 0(120000.00, 120000.00) 1092 448 992 452 979 167 435 1079 1092 0(19237.00, 19237.00)
route 74, node_num 7, cost 292.040000, nodes: 0(120000.00, 120000.00) 226 717 585 293 240 0(99140.00, 99140.00)
route 75, node_num 8, cost 1672.160000, nodes: 0(120000.00, 120000.00) 1092 756 579 369 389 457 1087 821 0(560.00, 560.00)
route 76, node_num 8, cost 1454.194000, nodes: 0(120000.00, 120000.00) 1033 1089 1016 651 1076 1022 1090 238 961 33 401 325 1043 1016 1091 1082 0(16129.00, 16129.00)
route 77, node_num 10, cost 1971.522000, nodes: 0(120000.00, 120000.00) 1085(97648.00, 120000.00) 1028 1027 1007 1050 592 1073(72401.00, 72401.00) 456 563 432 898 1011 1051(15584.00, 15584.00) 0(1529.00, 1529.00)
route 78, node_num 9, cost 1828.008000, nodes: 0(120000.00, 120000.00) 1092 1052 1034 1021 1077 241 148 853 983 903 856 1004(21935.00, 32507.00) 1016 1091 1082 0(0.00, 0.00)
route 79, node_num 8, cost 1016.204000, nodes: 0(120000.00, 120000.00) 989 1038 691 831 632 1049 559 1078 1063 171 1059 1093 0(47414.00, 47414.00)
route 80, node_num 9, cost 1879.262000, nodes: 0(120000.00, 120000.00) 1085(97648.00, 97648.00) 1028 1027 1008 568 426 304 496 624 1008 1039 1001(18972.00, 33205.00) 1043 1016 1091 1082 0(0.00, 0.00)
route 81, node_num 8, cost 482.468000, nodes: 0(120000.00, 120000.00) 723 288 364 835 479 200 0(85538.00, 85538.00)
route 82, node_num 10, cost 1764.336000, nodes: 0(120000.00, 120000.00) 1085(97648.00, 97648.00) 1002 1078 1018 1054 1055 1071 230 1095 561 1099 423 421 1095(50849.00, 50849.00) 248 1095 1071(43188.00, 49212.00) 1055 1007 1083 1093 0(0.00, 0.00)
route 83, node_num 7, cost 879.536000, nodes: 0(120000.00, 120000.00) 1091 471 418 935 24 1081 15 1058 0(57176.00, 57176.00)
route 84, node_num 7, cost 1471.316000, nodes: 0(120000.00, 120000.00) 1092 915 80 1026 663 1025 848 1026 191 1096 1013 0(14906.00, 14906.00)
route 85, node_num 9, cost 770.770000, nodes: 0(120000.00, 120000.00) 338 237 79 635 646 892 182 1038 0(64945.00, 64945.00)
route 86, node_num 8, cost 802.592000, nodes: 0(120000.00, 120000.00) 921 828 268 147 120 697 1033 0(62672.00, 62672.00)
route 87, node_num 8, cost 1231.986000, nodes: 0(120000.00, 120000.00) 1048 305 6 321 37 221 652 1083 1093 0(32001.00, 32001.00)
route 88, node_num 8, cost 1068.130000, nodes: 0(120000.00, 120000.00) 617 1093 571 552 29 85 928 1048 1093 0(43705.00, 43705.00)
route 89, node_num 7, cost 1392.524000, nodes: 0(120000.00, 120000.00) 1086 919 464 14 1034 1070 387 271 1043 1016 1091 1082 0(20534.00, 20534.00)
route 90, node_num 8, cost 1299.452000, nodes: 0(120000.00, 120000.00) 1033 1089 1016 274 1009 1088 966 772 981 296 1088 673 1033 0(27182.00, 27182.00)
route 91, node_num 7, cost 773.556000, nodes: 0(120000.00, 120000.00) 97 613 659 385 1057 658 1058 0(64746.00, 64746.00)
route 92, node_num 7, cost 1166.830000, nodes: 0(120000.00, 120000.00) 77 137 1069 355 175 63 1048 1093 0(36655.00, 36655.00)
route 93, node_num 7, cost 1219.372000, nodes: 0(120000.00, 120000.00) 1033 1089 199 1017 1076 1022 520 1090 218 340 1080 244 1028 1038 0(32902.00, 32902.00)
route 94, node_num 8, cost 1276.464000, nodes: 0(120000.00, 120000.00) 1091 1017 1076 1022 190 127 910 685 758 1080 1018 278 1042 1002 1059 1093 0(28824.00, 28824.00)
route 95, node_num 8, cost 1021.202000, nodes: 0(120000.00, 120000.00) 1033 1089 644 738 454 1027 916 913 820 1011 1051 0(47057.00, 47057.00)
route 96, node_num 8, cost 955.990000, nodes: 0(120000.00, 120000.00) 1091 791 1017 906 576 301 310 1028 641 1059 1093 0(51715.00, 51715.00)
route 97, node_num 8, cost 1362.536000, nodes: 0(120000.00, 120000.00) 1091 1045 372 1022 259 907 53 696 1054 482 1083 1093 0(22676.00, 22676.00)
route 98, node_num 6, cost 631.190000, nodes: 0(120000.00, 120000.00) 44 727 1093 649 885 1059 1093 0(74915.00, 74915.00)
route 99, node_num 8, cost 909.202000, nodes: 0(120000.00, 120000.00) 765 904 875 1011 682 234 601 1059 1093 0(55057.00, 55057.00)
route 100, node_num 7, cost 1206.744000, nodes: 0(120000.00, 120000.00) 1048 312 263 402 936 534 1094 1093 0(33804.00, 33804.00)
route 101, node_num 7, cost 1314.670000, nodes: 0(120000.00, 120000.00) 138 1078 354 689 564 508 1059 1093 0(26095.00, 26095.00)
route 102, node_num 7, cost 1005.060000, nodes: 0(120000.00, 120000.00) 1023 219 394 1097 704 324 1056 106 1058 0(48210.00, 48210.00)
route 103, node_num 9, cost 610.708000, nodes: 0(120000.00, 120000.00) 294 88 367 1037 96 899 1067 725 408 1066 0(76378.00, 76378.00)
route 104, node_num 10, cost 1516.494000, nodes: 0(120000.00, 120000.00) 1085(97648.00, 97648.00) 484 728 654 706 826 900 1088 1009(46785.00, 46785.00) 1016 1091 1082 0(11679.00, 11679.00)
route 105, node_num 7, cost 644.910000, nodes: 0(120000.00, 120000.00) 1033 811 488 208 994 434 1091 1082 0(73935.00, 73935.00)
route 106, node_num 11, cost 1690.976000, nodes: 0(120000.00, 120000.00) 1069 965 869 1072(68738.00, 68738.00) 411 1071(58540.00, 58540.00) 503 483 233 1035 1004 1081(22328.00, 23112.00) 0(0.00, 0.00)
route 107, node_num 8, cost 2010.078000, nodes: 0(120000.00, 120000.00) 1033 1089 1016 1043 1053 187 977 731 504 794 1088 1053(10107.00, 33684.00) 1043 1016 1091 1082 0(0.00, 0.00)
route 108, node_num 9, cost 1885.660000, nodes: 0(120000.00, 120000.00) 1091 1081(92093.00, 92093.00) 1007 1050 1041 506 427 160 548 391 1036(18579.00, 33269.00) 1043 1016 1091 1082 0(0.00, 0.00)
route 109, node_num 8, cost 1350.762000, nodes: 0(120000.00, 120000.00) 1092 1046 192 1009 1 757 1088 715 1053 2 28 1043 1016 1091 1082 0(23517.00, 23517.00)
route 110, node_num 8, cost 932.862000, nodes: 0(120000.00, 120000.00) 1033 1089 946 98 764 560 943 930 1043 1016 1091 1082 0(53367.00, 53367.00)
route 111, node_num 8, cost 1660.722000, nodes: 0(120000.00, 120000.00) 1092 1032 1098 78 578 1040 650 676 766 1026 1081(24489.00, 24489.00) 0(1377.00, 1377.00)
route 112, node_num 9, cost 759.388000, nodes: 0(120000.00, 120000.00) 1013 256 542 589 1013 1096 695 629 323 384 0(65758.00, 65758.00)
route 113, node_num 8, cost 1654.156000, nodes: 0(120000.00, 120000.00) 1091 1017 1076 1022 139 1084 250 287 276 505 933 0(1846.00, 1846.00)
route 114, node_num 8, cost 874.244000, nodes: 0(120000.00, 120000.00) 55 1091 1003 303 424 107 934 135 1033 0(57554.00, 57554.00)
route 115, node_num 8, cost 1404.452000, nodes: 0(120000.00, 120000.00) 1092 376 683 648 172 327 493 1032 1092 0(19682.00, 19682.00)
route 116, node_num 7, cost 1597.470000, nodes: 0(120000.00, 120000.00) 1069 413 726 277 973 539 1083 1093 0(5895.00, 5895.00)
route 117, node_num 8, cost 1022.672000, nodes: 0(120000.00, 120000.00) 1059 812 123 224 963 1005 450 1074 153 1074 1064 0(46952.00, 46952.00)
route 118, node_num 8, cost 1405.586000, nodes: 0(120000.00, 120000.00) 1092 1052 839 786 671 524 952 1021 675 1033 0(19601.00, 19601.00)
route 119, node_num 11, cost 1537.088000, nodes: 0(120000.00, 120000.00) 1085(97648.00, 97648.00) 1002 1078 600 1072(74669.00, 74669.00) 844 865 526 1061(61599.00, 61599.00) 212 1005(34282.00, 34282.00) 1064 0(10208.00, 10208.00)
route 120, node_num 8, cost 1641.878000, nodes: 0(120000.00, 120000.00) 1092 733 1024 223 588 521 1024 245 746 1098 1031 1092 0(2723.00, 2723.00)
route 121, node_num 7, cost 1460.130000, nodes: 0(120000.00, 120000.00) 1033 1089 1016 1043 247 1009 740 1084 802 864 463 1083 1093 0(15705.00, 15705.00)
route 122, node_num 8, cost 1379.014000, nodes: 0(120000.00, 120000.00) 1092 809 143 61 770 170 316 1086 0(21499.00, 21499.00)
route 123, node_num 8, cost 1375.836000, nodes: 0(120000.00, 120000.00) 1092 415 612 188 500 184 743 1033 0(21726.00, 21726.00)
route 124, node_num 10, cost 1789.242000, nodes: 0(120000.00, 120000.00) 1085(97648.00, 97648.00) 1002 1078 1018 1054 1055 1071 186 1047(59732.00, 59732.00) 661 3 308 128 1071 1055 1007 1083(7132.00, 14935.00) 1093 0(0.00, 0.00)
route 125, node_num 8, cost 398.020000, nodes: 0(120000.00, 120000.00) 960 1100 615 888 231 1066 978 425 0(91570.00, 91570.00)
route 126, node_num 7, cost 495.222000, nodes: 0(120000.00, 120000.00) 868 533 586 348 164 0(84627.00, 84627.00)
route 127, node_num 8, cost 919.422000, nodes: 0(120000.00, 120000.00) 1013 499 1085 377 349 804 1011 67 536 1011 1051 0(54327.00, 54327.00)
route 128, node_num 8, cost 1070.440000, nodes: 0(120000.00, 120000.00) 1091 225 146 210 948 862 1089 1082 289 1033 0(43540.00, 43540.00)
route 129, node_num 8, cost 1209.586000, nodes: 0(120000.00, 120000.00) 1057 469 1065 339 530 735 1092 703 1086 30 1033 0(33601.00, 33601.00)
route 130, node_num 8, cost 1550.360000, nodes: 0(120000.00, 120000.00) 1069 1075 132 315 1054 446 382 1055 1007 12 1007 470 1080 1043 1016 1091 1082 0(9260.00, 9260.00)
route 131, node_num 7, cost 1010.982000, nodes: 0(120000.00, 120000.00) 1064 35 793 622 878 779 1005 1064 0(47787.00, 47787.00)
route 132, node_num 7, cost 525.336000, nodes: 0(120000.00, 120000.00) 228 763 551 491 7 0(82476.00, 82476.00)
route 133, node_num 8, cost 461.916000, nodes: 0(120000.00, 120000.00) 845 729 283 32 100 1044 941 0(87006.00, 87006.00)
route 134, node_num 8, cost 711.270000, nodes: 0(120000.00, 120000.00) 205 130 745 619 674 854 1051 0(69195.00, 69195.00)
route 135, node_num 8, cost 844.144000, nodes: 0(120000.00, 120000.00) 18 709 905 639 417 587 1033 0(59704.00, 59704.00)
route 136, node_num 8, cost 1293.908000, nodes: 0(120000.00, 120000.00) 1092 1046 724 825 169 850 1052 836 1089 870 1091 1082 0(27578.00, 27578.00)
route 137, node_num 8, cost 544.852000, nodes: 0(120000.00, 120000.00) 461 4 72 719 1074 393 134 1064 0(81082.00, 81082.00)
route 138, node_num 8, cost 643.188000, nodes: 0(120000.00, 120000.00) 1013 857 129 1044 298 1000 121 546 1096 1013 0(74058.00, 74058.00)
route 139, node_num 9, cost 1646.876000, nodes: 0(120000.00, 120000.00) 1085(97648.00, 97648.00) 1028 1027 1080 582 1008 481 264 222 1008 45 1021 1052 1046 1003(24565.00, 24565.00) 1058 0(2366.00, 2366.00)
route 140, node_num 7, cost 1431.780000, nodes: 0(120000.00, 120000.00) 712 1048 105 173 1061 438 1061 964 1083 1093 0(17730.00, 17730.00)
route 141, node_num 8, cost 1391.796000, nodes: 0(120000.00, 120000.00) 122 485 967 19 785 799 1083 1093 0(20586.00, 20586.00)
route 142, node_num 7, cost 1676.178000, nodes: 0(120000.00, 120000.00) 1092 1052 1034 1021 1077 509 373 16 201 444 1088 1033 0(273.00, 273.00)
route 143, node_num 7, cost 402.052000, nodes: 0(120000.00, 120000.00) 31 808 662 472 398 1064 0(91282.00, 91282.00)
route 144, node_num 8, cost 887.432000, nodes: 0(120000.00, 120000.00) 1033 893 360 569 319 209 1043 610 1033 0(56612.00, 56612.00)
route 145, node_num 9, cost 1704.024000, nodes: 0(120000.00, 120000.00) 1085(97648.00, 97648.00) 1028 1027 1080 336 326 422 414 1008 780 1011(21480.00, 23196.00) 1051 0(0.00, 0.00)
route 146, node_num 6, cost 1397.620000, nodes: 0(120000.00, 120000.00) 102 1049 732 909 555 1083 1093 0(20170.00, 20170.00)
route 147, node_num 8, cost 941.640000, nodes: 0(120000.00, 120000.00) 445 368 1063 198 1002 328 1045 379 598 1059 1093 0(52740.00, 52740.00)
route 148, node_num 8, cost 1138.466000, nodes: 0(120000.00, 120000.00) 1033 1011 773 1002 883 159 874 753 375 1059 1093 0(38681.00, 38681.00)
route 149, node_num 8, cost 1644.762000, nodes: 0(120000.00, 120000.00) 1092 1032 1098 449 395 549 69 575 840 1040 1032 1092 0(2517.00, 2517.00)
route 150, node_num 8, cost 1172.402000, nodes: 0(120000.00, 120000.00) 927 43 486 136 1090 306 178 1045 1011 1051 0(36257.00, 36257.00)
route 151, node_num 8, cost 1057.980000, nodes: 0(120000.00, 120000.00) 430 1081 510 902 345 705 41 1004 1016 1091 1082 0(44430.00, 44430.00)
route 152, node_num 8, cost 1341.858000, nodes: 0(120000.00, 120000.00) 1092 480 282 1098 917 957 1079 342 1032 254 1058 0(24153.00, 24153.00)
route 153, node_num 10, cost 1866.900000, nodes: 0(120000.00, 120000.00) 1091 1081(92093.00, 108093.00) 1006 720 455 847 1030 817 1024(59834.00, 59834.00) 890 1030 1024(47237.00, 47237.00) 1058 0(2650.00, 2650.00)
route 154, node_num 8, cost 1404.298000, nodes: 0(120000.00, 120000.00) 1033 1089 1016 1043 625 1009 332 590 1084 211 217 962 1059 1093 0(19693.00, 19693.00)
route 155, node_num 7, cost 551.978000, nodes: 0(120000.00, 120000.00) 969 459 842 74 334 1064 0(80573.00, 80573.00)
route 156, node_num 8, cost 940.702000, nodes: 0(120000.00, 120000.00) 1033 1089 939 59 1076 300 879 653 1011 126 0(52807.00, 52807.00)
route 157, node_num 8, cost 1365.770000, nodes: 0(120000.00, 120000.00) 1092 577 873 113 213 1006 313 110 1046 1091 1082 0(22445.00, 22445.00)
route 158, node_num 10, cost 1623.034000, nodes: 0(120000.00, 120000.00) 1092 407 281 1020(62090.00, 62090.00) 441 596 760 771 1026 1086 1058(22108.00, 22108.00) 0(4069.00, 4069.00)
route 159, node_num 8, cost 835.226000, nodes: 0(120000.00, 120000.00) 1033 710 83 68 403 708 347 1058 0(60341.00, 60341.00)
route 160, node_num 8, cost 717.836000, nodes: 0(120000.00, 120000.00) 124 988 926 562 803 51 1064 0(68726.00, 68726.00)
route 161, node_num 8, cost 926.968000, nodes: 0(120000.00, 120000.00) 1023 829 1019 284 557 1057 556 1056 180 243 0(53788.00, 53788.00)
route 162, node_num 9, cost 1319.598000, nodes: 0(120000.00, 120000.00) 1092 1031 920 66 698 502 911 73 194 1014 1031 1092 0(25743.00, 25743.00)
route 163, node_num 8, cost 538.944000, nodes: 0(120000.00, 120000.00) 1100 707 656 465 361 311 819 1067 1023 0(81504.00, 81504.00)
route 164, node_num 8, cost 486.332000, nodes: 0(120000.00, 120000.00) 851 744 443 718 751 1037 39 0(85262.00, 85262.00)
route 165, node_num 8, cost 711.536000, nodes: 0(120000.00, 120000.00) 997 837 924 91 664 235 1059 1093 0(69176.00, 69176.00)
route 166, node_num 8, cost 900.130000, nodes: 0(120000.00, 120000.00) 374 104 814 942 700 813 1033 0(55705.00, 55705.00)
route 167, node_num 8, cost 885.836000, nodes: 0(120000.00, 120000.00) 206 365 984 1016 543 1017 351 668 1091 1082 0(56726.00, 56726.00)
route 168, node_num 8, cost 950.936000, nodes: 0(120000.00, 120000.00) 1057 932 216 490 1081 782 1003 515 1096 119 1013 0(52076.00, 52076.00)
route 169, node_num 7, cost 1014.776000, nodes: 0(120000.00, 120000.00) 1091 1081 64 356 335 605 517 1033 0(47516.00, 47516.00)
route 170, node_num 7, cost 961.702000, nodes: 0(120000.00, 120000.00) 1091 1003 634 108 550 951 152 1081 0(51307.00, 51307.00)
route 171, node_num 8, cost 1755.376000, nodes: 0(120000.00, 120000.00) 959 207 525 272 257 1036 1081(17728.00, 23112.00) 0(0.00, 0.00)
route 172, node_num 8, cost 945.602000, nodes: 0(120000.00, 120000.00) 535 975 297 236 492 769 1083 1093 0(52457.00, 52457.00)
route 173, node_num 5, cost 187.236000, nodes: 0(120000.00, 120000.00) 580 279 359 0(106626.00, 106626.00)
route 174, node_num 7, cost 372.022000, nodes: 0(120000.00, 120000.00) 944 477 573 47 442 0(93427.00, 93427.00)
route 175, node_num 6, cost 240.436000, nodes: 0(120000.00, 120000.00) 777 220 89 609 0(102826.00, 102826.00)
route 176, node_num 6, cost 322.462000, nodes: 0(120000.00, 120000.00) 65 92 150 912 0(96967.00, 96967.00)
route 177, node_num 8, cost 467.712000, nodes: 0(120000.00, 120000.00) 516 824 183 980 337 721 0(86592.00, 86592.00)
route 178, node_num 8, cost 468.300000, nodes: 0(120000.00, 120000.00) 468 558 95 203 495 692 0(86550.00, 86550.00)
vehicle (route) number: 179
Total cost: 261338.90
263703.28, 16274.46
264404.01, 22905.19
263364.07, 23518.29
262819.76, 17882.49
261338.90, 16210.30
261701.81, 16362.52
262775.24, 17012.38
262456.66, 16372.96
261471.17, 16589.83
264074.08, 11708.45
