Details of the solution:
route 0, node_num 5, cost 559.524000, nodes: 0(120000.00, 120000.00) 132 94 11 0(80034.00, 80034.00)
route 1, node_num 7, cost 1630.538000, nodes: 0(120000.00, 120000.00) 149 200 113 3 109 0(3533.00, 3533.00)
route 2, node_num 8, cost 1117.508000, nodes: 0(120000.00, 120000.00) 44 90 69 178 198 154 0(40178.00, 40178.00)
route 3, node_num 5, cost 1494.710000, nodes: 0(120000.00, 120000.00) 10 31 78 0(13235.00, 13235.00)
route 4, node_num 7, cost 1074.486000, nodes: 0(120000.00, 120000.00) 187 101 115 119 80 0(43251.00, 43251.00)
route 5, node_num 5, cost 1008.644000, nodes: 0(120000.00, 120000.00) 157 17 180 0(47954.00, 47954.00)
route 6, node_num 5, cost 694.624000, nodes: 0(120000.00, 120000.00) 158 131 93 0(70384.00, 70384.00)
route 7, node_num 6, cost 905.268000, nodes: 0(120000.00, 120000.00) 146 182 52 195 0(55338.00, 55338.00)
route 8, node_num 8, cost 968.534000, nodes: 0(120000.00, 120000.00) 175 81 33 139 133 164 0(50819.00, 50819.00)
route 9, node_num 7, cost 988.750000, nodes: 0(120000.00, 120000.00) 173 184 84 169 137 0(49375.00, 49375.00)
route 10, node_num 6, cost 1118.796000, nodes: 0(120000.00, 120000.00) 83 25 38 171 0(40086.00, 40086.00)
route 11, node_num 6, cost 437.766000, nodes: 0(120000.00, 120000.00) 46 179 124 111 0(88731.00, 88731.00)
route 12, node_num 8, cost 1114.036000, nodes: 0(120000.00, 120000.00) 160 96 26 95 32 47 0(40426.00, 40426.00)
route 13, node_num 5, cost 1240.876000, nodes: 0(120000.00, 120000.00) 98 56 42 0(31366.00, 31366.00)
route 14, node_num 7, cost 1194.382000, nodes: 0(120000.00, 120000.00) 89 121 21 22 91 0(34687.00, 34687.00)
route 15, node_num 8, cost 1008.910000, nodes: 0(120000.00, 120000.00) 41 191 196 130 36 181 0(47935.00, 47935.00)
route 16, node_num 6, cost 663.278000, nodes: 0(120000.00, 120000.00) 86 34 136 251 37 0(72623.00, 72623.00)
route 17, node_num 7, cost 892.024000, nodes: 0(120000.00, 120000.00) 199 281 225 71 74 122 106 0(56284.00, 56284.00)
route 18, node_num 6, cost 894.936000, nodes: 0(120000.00, 120000.00) 75 87 197 2 0(56076.00, 56076.00)
route 19, node_num 7, cost 941.038000, nodes: 0(120000.00, 120000.00) 167 40 35 170 4 0(52783.00, 52783.00)
route 20, node_num 7, cost 885.850000, nodes: 0(120000.00, 120000.00) 76 120 62 134 50 0(56725.00, 56725.00)
route 21, node_num 6, cost 919.786000, nodes: 0(120000.00, 120000.00) 57 163 39 147 0(54301.00, 54301.00)
route 22, node_num 8, cost 1857.016000, nodes: 0(120000.00, 120000.00) 153 85 53 141 125 225(11483.00, 24127.00) 0(0.00, 0.00)
route 23, node_num 8, cost 1540.238000, nodes: 0(120000.00, 120000.00) 140 18 97 116 143 275(27508.00, 27508.00) 0(9983.00, 9983.00)
route 24, node_num 8, cost 1810.200000, nodes: 0(120000.00, 120000.00) 79 117 126 144 279(50677.00, 59977.00) 72 0(0.00, 0.00)
route 25, node_num 6, cost 1619.702000, nodes: 0(120000.00, 120000.00) 212(72845.00, 72845.00) 88 129 114 0(4307.00, 4307.00)
route 26, node_num 9, cost 1951.012000, nodes: 0(120000.00, 120000.00) 1 194 290 61 6 107 239(33130.00, 33130.00) 225(4769.00, 24127.00) 0(0.00, 0.00)
route 27, node_num 7, cost 1334.046000, nodes: 0(120000.00, 120000.00) 45 174 55 13 54 0(24711.00, 24711.00)
route 28, node_num 7, cost 1353.912000, nodes: 0(120000.00, 120000.00) 150 110 66 105 67 0(23292.00, 23292.00)
route 29, node_num 7, cost 1171.184000, nodes: 0(120000.00, 120000.00) 192 27 15 59 188 0(36344.00, 36344.00)
route 30, node_num 6, cost 1233.092000, nodes: 0(120000.00, 120000.00) 176 102 148 20 0(31922.00, 31922.00)
route 31, node_num 7, cost 1260.980000, nodes: 0(120000.00, 120000.00) 70 138 162 68 7 0(29930.00, 29930.00)
route 32, node_num 6, cost 1362.858000, nodes: 0(120000.00, 120000.00) 77 108 43 145 0(22653.00, 22653.00)
route 33, node_num 7, cost 1390.550000, nodes: 0(120000.00, 120000.00) 278 51 63 92 278 155 168 0(20675.00, 20675.00)
route 34, node_num 8, cost 1719.704000, nodes: 0(120000.00, 120000.00) 14 159 183 49 284(42077.00, 44913.00) 161 0(0.00, 0.00)
route 35, node_num 7, cost 1305.178000, nodes: 0(120000.00, 120000.00) 9 165 100 64 60 0(26773.00, 26773.00)
route 36, node_num 8, cost 1462.062000, nodes: 0(120000.00, 120000.00) 189 103 19 5 48 65 0(15567.00, 15567.00)
route 37, node_num 8, cost 1635.816000, nodes: 0(120000.00, 120000.00) 135 142 29 73 177 268 245(28218.00, 28218.00) 0(3156.00, 3156.00)
route 38, node_num 7, cost 1487.332000, nodes: 0(120000.00, 120000.00) 152 288 127 16 24 118 0(13762.00, 13762.00)
route 39, node_num 7, cost 1629.180000, nodes: 0(120000.00, 120000.00) 190 279 156 99 112 23 0(3630.00, 3630.00)
route 40, node_num 6, cost 1493.702000, nodes: 0(120000.00, 120000.00) 8 128 82 186 240 0(13307.00, 13307.00)
route 41, node_num 8, cost 1562.512000, nodes: 0(120000.00, 120000.00) 185 104 151 28 172 123 0(8392.00, 8392.00)
route 42, node_num 7, cost 1419.726000, nodes: 0(120000.00, 120000.00) 166 58 12 30 193 0(18591.00, 18591.00)
vehicle (route) number: 43
Total cost: 66254.27
66636.84, 1929.96
67414.87, 1854.95
67487.84, 1811.39
67682.20, 1820.17
66616.97, 1854.89
66254.27, 1802.31
66445.05, 1823.05
67184.36, 1825.55
67586.05, 1815.96
66687.63, 1858.73
