Details of the solution:
route 0, node_num 8, cost 992.866000, nodes: 0(120000.00, 120000.00) 108 184 27 62 293 31 74 0(49081.00, 49081.00)
route 1, node_num 6, cost 1353.884000, nodes: 0(120000.00, 120000.00) 178 147 46 42 0(23294.00, 23294.00)
route 2, node_num 6, cost 519.834000, nodes: 0(120000.00, 120000.00) 36 164 55 252 19 0(82869.00, 82869.00)
route 3, node_num 6, cost 1458.534000, nodes: 0(120000.00, 120000.00) 188 63 115 82 0(15819.00, 15819.00)
route 4, node_num 6, cost 1373.302000, nodes: 0(120000.00, 120000.00) 67 158 183 141 0(21907.00, 21907.00)
route 5, node_num 6, cost 1283.436000, nodes: 0(120000.00, 120000.00) 180 66 51 167 0(28326.00, 28326.00)
route 6, node_num 7, cost 996.170000, nodes: 0(120000.00, 120000.00) 65 25 98 117 9 0(48845.00, 48845.00)
route 7, node_num 6, cost 1079.232000, nodes: 0(120000.00, 120000.00) 144 50 73 163 0(42912.00, 42912.00)
route 8, node_num 7, cost 829.724000, nodes: 0(120000.00, 120000.00) 40 103 68 152 166 0(60734.00, 60734.00)
route 9, node_num 7, cost 1199.604000, nodes: 0(120000.00, 120000.00) 195 56 110 136 38 0(34314.00, 34314.00)
route 10, node_num 8, cost 1079.442000, nodes: 0(120000.00, 120000.00) 154 264 109 7 123 135 111 0(42897.00, 42897.00)
route 11, node_num 7, cost 1659.448000, nodes: 0(120000.00, 120000.00) 142 187 173 37 88 0(1468.00, 1468.00)
route 12, node_num 7, cost 801.178000, nodes: 0(120000.00, 120000.00) 18 190 161 102 77 0(62773.00, 62773.00)
route 13, node_num 6, cost 861.378000, nodes: 0(120000.00, 120000.00) 3 47 81 126 0(58473.00, 58473.00)
route 14, node_num 6, cost 1512.224000, nodes: 0(120000.00, 120000.00) 156 61 72 174 289 0(11984.00, 11984.00)
route 15, node_num 7, cost 1081.066000, nodes: 0(120000.00, 120000.00) 24 14 70 23 57 0(42781.00, 42781.00)
route 16, node_num 4, cost 89.222000, nodes: 0(120000.00, 120000.00) 153 93 0(113627.00, 113627.00)
route 17, node_num 7, cost 946.092000, nodes: 0(120000.00, 120000.00) 131 6 2 139 44 0(52422.00, 52422.00)
route 18, node_num 7, cost 1380.918000, nodes: 0(120000.00, 120000.00) 175 140 130 119 53 0(21363.00, 21363.00)
route 19, node_num 5, cost 935.844000, nodes: 0(120000.00, 120000.00) 122 192 124 0(53154.00, 53154.00)
route 20, node_num 6, cost 945.406000, nodes: 0(120000.00, 120000.00) 12 133 189 138 0(52471.00, 52471.00)
route 21, node_num 6, cost 1082.592000, nodes: 0(120000.00, 120000.00) 90 114 194 11 0(42672.00, 42672.00)
route 22, node_num 9, cost 1704.038000, nodes: 0(120000.00, 120000.00) 249(86720.00, 86720.00) 236 181 79 45 186 132 275(19899.00, 21616.00) 0(0.00, 0.00)
route 23, node_num 7, cost 1293.656000, nodes: 0(120000.00, 120000.00) 165 191 112 97 35 0(27596.00, 27596.00)
route 24, node_num 6, cost 1499.652000, nodes: 0(120000.00, 120000.00) 185 160 197 69 0(12882.00, 12882.00)
route 25, node_num 7, cost 1738.058000, nodes: 0(120000.00, 120000.00) 64 121 216(56433.00, 60580.00) 20 39 0(0.00, 0.00)
route 26, node_num 8, cost 1682.408000, nodes: 0(120000.00, 120000.00) 16 91 85 134 198 275(21444.00, 21616.00) 0(0.00, 0.00)
route 27, node_num 8, cost 1751.778000, nodes: 0(120000.00, 120000.00) 41 83 29 176 32 252(6019.00, 11146.00) 0(0.00, 0.00)
route 28, node_num 8, cost 1710.254000, nodes: 0(120000.00, 120000.00) 34 89 76 106 1 274(32413.00, 34574.00) 212 0(0.00, 0.00)
route 29, node_num 8, cost 1697.766000, nodes: 0(120000.00, 120000.00) 146 86 28 49 199 237(17563.00, 18832.00) 0(0.00, 0.00)
route 30, node_num 6, cost 1013.614000, nodes: 0(120000.00, 120000.00) 113 127 71 4 0(47599.00, 47599.00)
route 31, node_num 8, cost 1232.252000, nodes: 0(120000.00, 120000.00) 105 300 30 249 193 172 129 87 0(31982.00, 31982.00)
route 32, node_num 6, cost 1535.758000, nodes: 0(120000.00, 120000.00) 170 151 120 52 0(10303.00, 10303.00)
route 33, node_num 8, cost 1780.394000, nodes: 0(120000.00, 120000.00) 84 182 143 5 13 275(14445.00, 21616.00) 0(0.00, 0.00)
route 34, node_num 10, cost 1638.742000, nodes: 0(120000.00, 120000.00) 249(86720.00, 86720.00) 99 239(60976.00, 60976.00) 33 149 125 145 252(14093.00, 14093.00) 0(2947.00, 2947.00)
route 35, node_num 7, cost 1162.518000, nodes: 0(120000.00, 120000.00) 21 101 75 94 10 0(36963.00, 36963.00)
route 36, node_num 7, cost 1465.282000, nodes: 0(120000.00, 120000.00) 157 177 100 148 150 0(15337.00, 15337.00)
route 37, node_num 7, cost 1568.658000, nodes: 0(120000.00, 120000.00) 118 242 92 43 200 155 0(7953.00, 7953.00)
route 38, node_num 6, cost 1658.454000, nodes: 0(120000.00, 120000.00) 179 96 60 8 0(1539.00, 1539.00)
route 39, node_num 6, cost 1261.148000, nodes: 0(120000.00, 120000.00) 58 22 17 169 0(29918.00, 29918.00)
route 40, node_num 9, cost 1963.962000, nodes: 0(120000.00, 120000.00) 171 241 48 241(52461.00, 53912.00) 104 54 59 237(0.00, 18832.00) 0(0.00, 0.00)
route 41, node_num 7, cost 1671.012000, nodes: 0(120000.00, 120000.00) 159 137 95 168 196 0(642.00, 642.00)
route 42, node_num 7, cost 1795.220000, nodes: 0(120000.00, 120000.00) 78 162 128 26 252(2916.00, 11146.00) 0(0.00, 0.00)
route 43, node_num 6, cost 1493.730000, nodes: 0(120000.00, 120000.00) 80 107 15 116 0(13305.00, 13305.00)
vehicle (route) number: 44
Total cost: 70979.75
73484.02, 1868.52
70979.75, 1806.08
72489.25, 1805.39
72167.22, 1803.59
72530.55, 1808.33
71970.66, 1892.83
71595.93, 1802.49
72941.91, 1811.30
72335.06, 1812.80
72988.73, 1806.14
