Details of the solution:
route 0, node_num 8, cost 955.878000, nodes: 0(120000.00, 120000.00) 199 81 33 139 133 50 0(51723.00, 51723.00)
route 1, node_num 8, cost 968.170000, nodes: 0(120000.00, 120000.00) 86 34 121 136 32 47 0(50845.00, 50845.00)
route 2, node_num 6, cost 1362.858000, nodes: 0(120000.00, 120000.00) 77 108 43 145 0(22653.00, 22653.00)
route 3, node_num 7, cost 1062.208000, nodes: 0(120000.00, 120000.00) 83 170 25 171 4 0(44128.00, 44128.00)
route 4, node_num 7, cost 1398.978000, nodes: 0(120000.00, 120000.00) 175 110 66 67 60 0(20073.00, 20073.00)
route 5, node_num 8, cost 1730.624000, nodes: 0(120000.00, 120000.00) 14 159 270(57277.00, 60893.00) 183 112 23 0(0.00, 0.00)
route 6, node_num 4, cost 265.916000, nodes: 0(120000.00, 120000.00) 76 2 0(101006.00, 101006.00)
route 7, node_num 8, cost 1610.826000, nodes: 0(120000.00, 120000.00) 212(72845.00, 72845.00) 88 129 18 143 161 0(4941.00, 4941.00)
route 8, node_num 6, cost 1644.748000, nodes: 0(120000.00, 120000.00) 140 156 99 72 0(2518.00, 2518.00)
route 9, node_num 8, cost 1170.666000, nodes: 0(120000.00, 120000.00) 160 96 26 95 91 154 0(36381.00, 36381.00)
route 10, node_num 5, cost 1304.492000, nodes: 0(120000.00, 120000.00) 152 31 38 0(26822.00, 26822.00)
route 11, node_num 7, cost 945.126000, nodes: 0(120000.00, 120000.00) 75 41 191 196 188 0(52491.00, 52491.00)
route 12, node_num 7, cost 1233.988000, nodes: 0(120000.00, 120000.00) 174 45 24 16 54 0(31858.00, 31858.00)
route 13, node_num 6, cost 908.824000, nodes: 0(120000.00, 120000.00) 57 148 163 20 0(55084.00, 55084.00)
route 14, node_num 5, cost 1510.138000, nodes: 0(120000.00, 120000.00) 10 127 78 0(12133.00, 12133.00)
route 15, node_num 7, cost 1630.538000, nodes: 0(120000.00, 120000.00) 149 200 113 3 109 0(3533.00, 3533.00)
route 16, node_num 7, cost 1193.164000, nodes: 0(120000.00, 120000.00) 189 103 130 122 106 0(34774.00, 34774.00)
route 17, node_num 6, cost 1575.644000, nodes: 0(120000.00, 120000.00) 79 117 97 116 0(7454.00, 7454.00)
route 18, node_num 6, cost 705.754000, nodes: 0(120000.00, 120000.00) 132 40 94 11 0(69589.00, 69589.00)
route 19, node_num 6, cost 437.766000, nodes: 0(120000.00, 120000.00) 46 179 124 111 0(88731.00, 88731.00)
route 20, node_num 7, cost 1532.636000, nodes: 0(120000.00, 120000.00) 185 104 151 28 105 0(10526.00, 10526.00)
route 21, node_num 7, cost 1098.384000, nodes: 0(120000.00, 120000.00) 187 101 59 12 193 0(41544.00, 41544.00)
route 22, node_num 9, cost 1842.372000, nodes: 0(120000.00, 120000.00) 194 1 6 107 290(45613.00, 45613.00) 172 218(10826.00, 22424.00) 0(0.00, 0.00)
route 23, node_num 7, cost 1260.980000, nodes: 0(120000.00, 120000.00) 70 138 162 68 7 0(29930.00, 29930.00)
route 24, node_num 7, cost 1272.138000, nodes: 0(120000.00, 120000.00) 135 19 5 30 36 0(29133.00, 29133.00)
route 25, node_num 5, cost 694.624000, nodes: 0(120000.00, 120000.00) 158 131 93 0(70384.00, 70384.00)
route 26, node_num 6, cost 1335.712000, nodes: 0(120000.00, 120000.00) 176 102 49 186 240 0(24592.00, 24592.00)
route 27, node_num 8, cost 1735.076000, nodes: 0(120000.00, 120000.00) 166 58 61 123 48 268 245(21128.00, 25062.00) 0(0.00, 0.00)
route 28, node_num 6, cost 836.738000, nodes: 0(120000.00, 120000.00) 167 120 62 134 0(60233.00, 60233.00)
route 29, node_num 6, cost 1413.748000, nodes: 0(120000.00, 120000.00) 144 8 82 126 0(19018.00, 19018.00)
route 30, node_num 8, cost 1446.214000, nodes: 0(120000.00, 120000.00) 150 9 165 100 64 65 0(16699.00, 16699.00)
route 31, node_num 6, cost 991.914000, nodes: 0(120000.00, 120000.00) 87 197 236 35 118 0(49149.00, 49149.00)
route 32, node_num 7, cost 889.392000, nodes: 0(120000.00, 120000.00) 173 69 137 169 168 0(56472.00, 56472.00)
route 33, node_num 5, cost 1008.644000, nodes: 0(120000.00, 120000.00) 157 17 180 0(47954.00, 47954.00)
route 34, node_num 5, cost 1240.876000, nodes: 0(120000.00, 120000.00) 98 56 42 0(31366.00, 31366.00)
route 35, node_num 6, cost 1362.732000, nodes: 0(120000.00, 120000.00) 278 51 63 92 278 155 0(22662.00, 22662.00)
route 36, node_num 8, cost 1892.898000, nodes: 0(120000.00, 120000.00) 142 29 128 73 177 268 245(9855.00, 25062.00) 0(0.00, 0.00)
route 37, node_num 8, cost 1857.016000, nodes: 0(120000.00, 120000.00) 153 85 53 141 125 225(11483.00, 24127.00) 0(0.00, 0.00)
route 38, node_num 6, cost 627.494000, nodes: 0(120000.00, 120000.00) 52 44 195 37 0(75179.00, 75179.00)
route 39, node_num 8, cost 1224.412000, nodes: 0(120000.00, 120000.00) 192 27 15 55 13 164 0(32542.00, 32542.00)
route 40, node_num 8, cost 904.190000, nodes: 0(120000.00, 120000.00) 146 182 115 119 80 181 0(55415.00, 55415.00)
route 41, node_num 6, cost 1286.096000, nodes: 0(120000.00, 120000.00) 90 184 84 114 0(28136.00, 28136.00)
route 42, node_num 7, cost 882.084000, nodes: 0(120000.00, 120000.00) 190 225 71 74 39 147 0(56994.00, 56994.00)
route 43, node_num 7, cost 1181.558000, nodes: 0(120000.00, 120000.00) 89 21 22 178 198 0(35603.00, 35603.00)
vehicle (route) number: 44
Total cost: 66634.23
66710.89, 1828.13
67186.83, 1830.86
67394.70, 1957.94
67419.92, 1950.04
66634.23, 1842.19
66766.88, 1937.50
67048.93, 1802.07
67119.73, 1858.03
67137.34, 1901.59
67016.14, 1817.22
