Details of the solution:
route 0, node_num 10, cost 1807.498000, nodes: 0(120000.00, 120000.00) 223 230(105299.00, 105299.00) 99 29 33 288(56579.00, 56579.00) 181 176 256(14271.00, 23378.00) 0(0.00, 0.00)
route 1, node_num 7, cost 910.084000, nodes: 0(120000.00, 120000.00) 223 38 245 139 2 9 292 98 0(54994.00, 54994.00)
route 2, node_num 8, cost 757.470000, nodes: 0(120000.00, 120000.00) 24 233 23 70 156 72 14 0(65895.00, 65895.00)
route 3, node_num 8, cost 1327.578000, nodes: 0(120000.00, 120000.00) 223 102 84 69 214 172 129 75 0(25173.00, 25173.00)
route 4, node_num 8, cost 1161.496000, nodes: 0(120000.00, 120000.00) 223 31 101 30 242 94 10 164 0(37036.00, 37036.00)
route 5, node_num 7, cost 1609.496000, nodes: 0(120000.00, 120000.00) 226 241 90 158 67 194 180 223 0(5036.00, 5036.00)
route 6, node_num 7, cost 1118.488000, nodes: 0(120000.00, 120000.00) 21 93 269 19 232 18 36 0(40108.00, 40108.00)
route 7, node_num 8, cost 1114.778000, nodes: 0(120000.00, 120000.00) 133 298 64 240 137 121 20 95 218 0(40373.00, 40373.00)
route 8, node_num 7, cost 944.678000, nodes: 0(120000.00, 120000.00) 223 175 17 169 130 138 0(52523.00, 52523.00)
route 9, node_num 5, cost 239.666000, nodes: 0(120000.00, 120000.00) 109 189 12 0(102881.00, 102881.00)
route 10, node_num 8, cost 1580.026000, nodes: 0(120000.00, 120000.00) 226 241 68 141 167 51 66 223(11655.00, 11655.00) 0(7141.00, 7141.00)
route 11, node_num 7, cost 1551.956000, nodes: 0(120000.00, 120000.00) 226 275 55 183 163 11 157 0(9146.00, 9146.00)
route 12, node_num 7, cost 986.580000, nodes: 0(120000.00, 120000.00) 223 6 116 81 35 71 223 0(49530.00, 49530.00)
route 13, node_num 7, cost 1262.436000, nodes: 0(120000.00, 120000.00) 223 146 86 28 60 159 223 0(29826.00, 29826.00)
route 14, node_num 8, cost 827.988000, nodes: 0(120000.00, 120000.00) 223 147 178 188 39 42 111 0(60858.00, 60858.00)
route 15, node_num 6, cost 1143.114000, nodes: 0(120000.00, 120000.00) 226 154 269 144 108 77 223 0(38349.00, 38349.00)
route 16, node_num 8, cost 1465.086000, nodes: 0(120000.00, 120000.00) 223 120 213 91 213 151 179 262 127 47 276 0(15351.00, 15351.00)
route 17, node_num 8, cost 1054.200000, nodes: 0(120000.00, 120000.00) 223 123 196 274 168 187 37 53 280 0(44700.00, 44700.00)
route 18, node_num 7, cost 1556.674000, nodes: 0(120000.00, 120000.00) 257 16 85 271 13 182 107 0(8809.00, 8809.00)
route 19, node_num 10, cost 1754.634000, nodes: 0(120000.00, 120000.00) 228(89498.00, 89498.00) 100 249(62182.00, 62182.00) 43 92 41 118 256(18047.00, 23378.00) 0(0.00, 0.00)
route 20, node_num 8, cost 1384.292000, nodes: 0(120000.00, 120000.00) 223 44 27 62 200 155 73 228 203 0(21122.00, 21122.00)
route 21, node_num 7, cost 954.352000, nodes: 0(120000.00, 120000.00) 257 174 46 82 140 61 203 0(51832.00, 51832.00)
route 22, node_num 6, cost 843.024000, nodes: 0(120000.00, 120000.00) 257 119 173 63 88 0(59784.00, 59784.00)
route 23, node_num 7, cost 1109.290000, nodes: 0(120000.00, 120000.00) 166 40 103 152 122 0(40765.00, 40765.00)
route 24, node_num 7, cost 1473.444000, nodes: 0(120000.00, 120000.00) 223 186 132 15 265 290 96 296 97 0(14754.00, 14754.00)
route 25, node_num 7, cost 1348.074000, nodes: 0(120000.00, 120000.00) 126 80 197 185 50 261 0(23709.00, 23709.00)
route 26, node_num 9, cost 1819.020000, nodes: 0(120000.00, 120000.00) 223 277(100490.00, 120000.00) 160 145 79 32 45 261(14066.00, 14066.00) 0(9580.00, 9580.00)
route 27, node_num 6, cost 601.524000, nodes: 0(120000.00, 120000.00) 57 142 124 153 0(77034.00, 77034.00)
route 28, node_num 8, cost 1291.724000, nodes: 0(120000.00, 120000.00) 135 49 199 104 48 59 0(27734.00, 27734.00)
route 29, node_num 8, cost 1319.892000, nodes: 0(120000.00, 120000.00) 223 87 52 193 148 170 214 113 0(25722.00, 25722.00)
route 30, node_num 7, cost 1664.138000, nodes: 0(120000.00, 120000.00) 223 198 143 5 134 105 0(1133.00, 1133.00)
route 31, node_num 9, cost 1871.156000, nodes: 0(120000.00, 120000.00) 223 149 26 162 128 125 83 228(18967.00, 32621.00) 203 0(0.00, 0.00)
route 32, node_num 6, cost 897.624000, nodes: 0(120000.00, 120000.00) 223 131 4 256 3 65 223 0(55884.00, 55884.00)
route 33, node_num 7, cost 1488.452000, nodes: 0(120000.00, 120000.00) 223 8 220 1 106 54 291 34 203 0(13682.00, 13682.00)
route 34, node_num 7, cost 785.554000, nodes: 0(120000.00, 120000.00) 7 25 195 110 115 223 0(63889.00, 63889.00)
route 35, node_num 6, cost 893.200000, nodes: 0(120000.00, 120000.00) 223 245 136 58 22 117 223 0(56200.00, 56200.00)
route 36, node_num 8, cost 1184.778000, nodes: 0(120000.00, 120000.00) 223 171 161 190 184 74 192 0(35373.00, 35373.00)
route 37, node_num 8, cost 1379.098000, nodes: 0(120000.00, 120000.00) 223 56 112 89 76 191 165 203 0(21493.00, 21493.00)
route 38, node_num 6, cost 1478.274000, nodes: 0(120000.00, 120000.00) 222 150 177 287 78 287 114 0(14409.00, 14409.00)
vehicle (route) number: 39
Total cost: 59660.84
61455.52, 1860.74
60379.71, 1907.88
59660.84, 1857.22
60744.09, 1842.55
60948.93, 1803.96
60563.00, 1956.82
60669.40, 1817.87
60654.54, 1914.22
61297.01, 1945.67
61484.64, 2020.10
