Details of the solution:
route 0, node_num 7, cost 1019.410000, nodes: 0(120000.00, 120000.00) 360 300 42 123 336 0(47185.00, 47185.00)
route 1, node_num 7, cost 811.888000, nodes: 0(120000.00, 120000.00) 142 398 315 327 138 0(62008.00, 62008.00)
route 2, node_num 7, cost 1471.120000, nodes: 0(120000.00, 120000.00) 270 156 72 297 82 0(14920.00, 14920.00)
route 3, node_num 7, cost 1106.630000, nodes: 0(120000.00, 120000.00) 387 195 257 110 38 0(40955.00, 40955.00)
route 4, node_num 7, cost 1024.170000, nodes: 0(120000.00, 120000.00) 310 221 189 347 311 0(46845.00, 46845.00)
route 5, node_num 6, cost 570.080000, nodes: 0(120000.00, 120000.00) 282 353 19 240 0(79280.00, 79280.00)
route 6, node_num 7, cost 1377.950000, nodes: 0(120000.00, 120000.00) 246 351 63 375 88 0(21575.00, 21575.00)
route 7, node_num 7, cost 1270.738000, nodes: 0(120000.00, 120000.00) 342 140 326 174 216 0(29233.00, 29233.00)
route 8, node_num 6, cost 918.274000, nodes: 0(120000.00, 120000.00) 205 359 65 268 0(54409.00, 54409.00)
route 9, node_num 7, cost 1612.758000, nodes: 0(120000.00, 120000.00) 64 227 173 37 196 0(4803.00, 4803.00)
route 10, node_num 7, cost 919.660000, nodes: 0(120000.00, 120000.00) 131 374 98 117 346 0(54310.00, 54310.00)
route 11, node_num 8, cost 1018.136000, nodes: 0(120000.00, 120000.00) 12 7 109 135 111 277 0(47276.00, 47276.00)
route 12, node_num 7, cost 1146.922000, nodes: 0(120000.00, 120000.00) 178 217 203 115 301 0(38077.00, 38077.00)
route 13, node_num 8, cost 1022.112000, nodes: 0(120000.00, 120000.00) 210 56 333 136 361 218 0(46992.00, 46992.00)
route 14, node_num 7, cost 992.544000, nodes: 0(120000.00, 120000.00) 175 247 147 384 341 0(49104.00, 49104.00)
route 15, node_num 6, cost 911.134000, nodes: 0(120000.00, 120000.00) 266 25 228 328 0(54919.00, 54919.00)
route 16, node_num 6, cost 715.624000, nodes: 0(120000.00, 120000.00) 261 249 124 290 0(68884.00, 68884.00)
route 17, node_num 8, cost 1541.204000, nodes: 0(120000.00, 120000.00) 489 447(74051.00, 74051.00) 187 271 130 119 53 0(9914.00, 9914.00)
route 18, node_num 8, cost 1315.608000, nodes: 0(120000.00, 120000.00) 489 314 295 46 280 324 206 0(26028.00, 26028.00)
route 19, node_num 7, cost 1267.672000, nodes: 0(120000.00, 120000.00) 354 61 70 357 381 0(29452.00, 29452.00)
route 20, node_num 8, cost 973.574000, nodes: 0(120000.00, 120000.00) 171 299 2 139 391 275 0(50459.00, 50459.00)
route 21, node_num 9, cost 2009.966000, nodes: 0(120000.00, 120000.00) 370 208 325 59 407(37027.00, 38980.00) 104 475(0.00, 21616.00) 0(0.00, 0.00)
route 22, node_num 6, cost 1580.544000, nodes: 0(120000.00, 120000.00) 340 121 39 169 0(7104.00, 7104.00)
route 23, node_num 7, cost 1642.914000, nodes: 0(120000.00, 120000.00) 256 400 49 392 321 0(2649.00, 2649.00)
route 24, node_num 7, cost 1293.656000, nodes: 0(120000.00, 120000.00) 165 191 112 97 35 0(27596.00, 27596.00)
route 25, node_num 8, cost 1733.214000, nodes: 0(120000.00, 120000.00) 369 143 276 13 198 475(17815.00, 21616.00) 0(0.00, 0.00)
route 26, node_num 8, cost 1635.340000, nodes: 0(120000.00, 120000.00) 34 120 303 265 1 474(37764.00, 37764.00) 412 0(3190.00, 3190.00)
route 27, node_num 8, cost 1842.106000, nodes: 0(120000.00, 120000.00) 86 363 262 28 383 474(22995.00, 34574.00) 412 0(0.00, 0.00)
route 28, node_num 9, cost 1686.552000, nodes: 0(120000.00, 120000.00) 298 76 470(56106.00, 56106.00) 264 308 106 474(34106.00, 34574.00) 412 0(0.00, 0.00)
route 29, node_num 8, cost 1694.630000, nodes: 0(120000.00, 120000.00) 146 349 259 226 199 437(17787.00, 18832.00) 0(0.00, 0.00)
route 30, node_num 7, cost 1848.196000, nodes: 0(120000.00, 120000.00) 89 91 229 350 475(9602.00, 21616.00) 0(0.00, 0.00)
route 31, node_num 6, cost 1195.390000, nodes: 0(120000.00, 120000.00) 58 22 213 225 0(34615.00, 34615.00)
route 32, node_num 10, cost 1984.766000, nodes: 0(120000.00, 120000.00) 305 441(35945.00, 35945.00) 48 441(35739.00, 35892.00) 54 85 15 475(0.00, 21616.00) 0(0.00, 0.00)
route 33, node_num 7, cost 1398.418000, nodes: 0(120000.00, 120000.00) 394 372 243 60 258 403 0(20113.00, 20113.00)
route 34, node_num 7, cost 1542.534000, nodes: 0(120000.00, 120000.00) 207 222 96 214 52 0(9819.00, 9819.00)
route 35, node_num 7, cost 1362.844000, nodes: 0(120000.00, 120000.00) 253 211 390 263 9 0(22654.00, 22654.00)
route 36, node_num 8, cost 1745.198000, nodes: 0(120000.00, 120000.00) 238 162 378 128 291 426(37911.00, 42568.00) 0(0.00, 0.00)
route 37, node_num 8, cost 1723.596000, nodes: 0(120000.00, 120000.00) 411(72171.00, 75285.00) 159 137 95 20 168 0(0.00, 0.00)
route 38, node_num 7, cost 1691.158000, nodes: 0(120000.00, 120000.00) 16 182 134 132 475(20819.00, 21616.00) 0(0.00, 0.00)
route 39, node_num 8, cost 1664.418000, nodes: 0(120000.00, 120000.00) 188 364 17 302 8 437(19945.00, 19945.00) 0(1113.00, 1113.00)
route 40, node_num 6, cost 1504.622000, nodes: 0(120000.00, 120000.00) 179 151 373 252 0(12527.00, 12527.00)
route 41, node_num 8, cost 1858.934000, nodes: 0(120000.00, 120000.00) 283 323 339 204 251 475(8835.00, 21616.00) 0(0.00, 0.00)
route 42, node_num 7, cost 1622.796000, nodes: 0(120000.00, 120000.00) 41 292 100 150 388 0(4086.00, 4086.00)
route 43, node_num 7, cost 1459.990000, nodes: 0(120000.00, 120000.00) 21 193 148 330 244 0(15715.00, 15715.00)
route 44, node_num 7, cost 1028.328000, nodes: 0(120000.00, 120000.00) 335 332 75 94 304 0(46548.00, 46548.00)
route 45, node_num 7, cost 1097.474000, nodes: 0(120000.00, 120000.00) 113 386 362 172 269 0(41609.00, 41609.00)
route 46, node_num 6, cost 896.462000, nodes: 0(120000.00, 120000.00) 313 6 71 4 0(55967.00, 55967.00)
route 47, node_num 7, cost 1299.256000, nodes: 0(120000.00, 120000.00) 84 318 260 337 331 0(27196.00, 27196.00)
route 48, node_num 6, cost 819.980000, nodes: 0(120000.00, 120000.00) 278 344 27 102 0(61430.00, 61430.00)
route 49, node_num 7, cost 1537.676000, nodes: 0(120000.00, 120000.00) 185 160 202 197 395 0(10166.00, 10166.00)
route 50, node_num 10, cost 1743.546000, nodes: 0(120000.00, 120000.00) 436 181 439(58190.00, 58190.00) 33 149 26 125 329 452(6607.00, 11146.00) 0(0.00, 0.00)
route 51, node_num 9, cost 1700.972000, nodes: 0(120000.00, 120000.00) 80 285 236 5 402(53740.00, 53740.00) 186 475(20118.00, 21616.00) 0(0.00, 0.00)
route 52, node_num 8, cost 1686.020000, nodes: 0(120000.00, 120000.00) 118 83 209 356 145 452(10716.00, 11146.00) 0(0.00, 0.00)
route 53, node_num 7, cost 1506.176000, nodes: 0(120000.00, 120000.00) 273 107 348 69 129 0(12416.00, 12416.00)
route 54, node_num 6, cost 889.098000, nodes: 0(120000.00, 120000.00) 47 127 81 126 0(56493.00, 56493.00)
route 55, node_num 9, cost 1751.134000, nodes: 0(120000.00, 120000.00) 170 233 462 497(62486.00, 62486.00) 29 176 355 452(6065.00, 11146.00) 0(0.00, 0.00)
route 56, node_num 7, cost 1652.910000, nodes: 0(120000.00, 120000.00) 365 79 281 462 32 462 316 0(1935.00, 1935.00)
route 57, node_num 7, cost 905.576000, nodes: 0(120000.00, 120000.00) 320 272 397 399 77 0(55316.00, 55316.00)
route 58, node_num 8, cost 1082.158000, nodes: 0(120000.00, 120000.00) 105 500 30 101 248 10 74 0(42703.00, 42703.00)
route 59, node_num 8, cost 1795.486000, nodes: 0(120000.00, 120000.00) 99 368 45 215 223 475(13367.00, 21616.00) 0(0.00, 0.00)
route 60, node_num 7, cost 985.670000, nodes: 0(120000.00, 120000.00) 380 401 389 385 317 44 0(49595.00, 49595.00)
route 61, node_num 7, cost 1273.132000, nodes: 0(120000.00, 120000.00) 239 231 279 87 116 0(29062.00, 29062.00)
route 62, node_num 7, cost 1246.924000, nodes: 0(120000.00, 120000.00) 242 250 393 377 334 0(30934.00, 30934.00)
route 63, node_num 6, cost 201.768000, nodes: 0(120000.00, 120000.00) 153 93 312 296 0(105588.00, 105588.00)
route 64, node_num 7, cost 1029.798000, nodes: 0(120000.00, 120000.00) 40 319 152 352 220 0(46443.00, 46443.00)
route 65, node_num 6, cost 1276.632000, nodes: 0(120000.00, 120000.00) 194 67 141 219 0(28812.00, 28812.00)
route 66, node_num 7, cost 1075.074000, nodes: 0(120000.00, 120000.00) 24 14 23 212 57 0(43209.00, 43209.00)
route 67, node_num 6, cost 778.316000, nodes: 0(120000.00, 120000.00) 122 192 103 166 0(64406.00, 64406.00)
route 68, node_num 8, cost 804.720000, nodes: 0(120000.00, 120000.00) 371 50 267 68 396 376 0(62520.00, 62520.00)
route 69, node_num 5, cost 283.640000, nodes: 0(120000.00, 120000.00) 154 36 254 0(99740.00, 99740.00)
route 70, node_num 7, cost 942.284000, nodes: 0(120000.00, 120000.00) 345 190 184 62 493 31 0(52694.00, 52694.00)
route 71, node_num 7, cost 701.512000, nodes: 0(120000.00, 120000.00) 164 382 55 288 367 0(69892.00, 69892.00)
route 72, node_num 8, cost 1046.822000, nodes: 0(120000.00, 120000.00) 307 358 289 293 167 224 0(45227.00, 45227.00)
route 73, node_num 6, cost 714.336000, nodes: 0(120000.00, 120000.00) 18 241 306 343 0(68976.00, 68976.00)
route 74, node_num 6, cost 702.380000, nodes: 0(120000.00, 120000.00) 379 234 3 255 0(69830.00, 69830.00)
route 75, node_num 7, cost 1379.056000, nodes: 0(120000.00, 120000.00) 157 177 43 200 274 0(21496.00, 21496.00)
route 76, node_num 5, cost 712.614000, nodes: 0(120000.00, 120000.00) 161 237 108 0(69099.00, 69099.00)
route 77, node_num 6, cost 863.226000, nodes: 0(120000.00, 120000.00) 144 366 11 287 0(58341.00, 58341.00)
route 78, node_num 6, cost 1008.266000, nodes: 0(120000.00, 120000.00) 90 158 183 232 0(47981.00, 47981.00)
route 79, node_num 7, cost 1532.888000, nodes: 0(120000.00, 120000.00) 78 322 92 309 155 0(10508.00, 10508.00)
route 80, node_num 7, cost 1292.886000, nodes: 0(120000.00, 120000.00) 245 230 66 51 294 0(27651.00, 27651.00)
route 81, node_num 8, cost 1106.140000, nodes: 0(120000.00, 120000.00) 180 235 114 73 163 284 0(40990.00, 40990.00)
route 82, node_num 6, cost 914.718000, nodes: 0(120000.00, 120000.00) 286 133 338 201 0(54663.00, 54663.00)
vehicle (route) number: 83
Total cost: 128894.04
130185.25, 5435.56
129535.48, 5455.38
129430.00, 5412.38
128953.94, 5410.97
129646.36, 5402.26
129902.29, 5414.87
128971.69, 5503.47
131779.34, 5416.70
128894.04, 5415.72
129242.71, 5418.48
