Details of the solution:
route 0, node_num 7, cost 789.446000, nodes: 0(120000.00, 120000.00) 389 388 305 139 133 0(63611.00, 63611.00)
route 1, node_num 7, cost 479.934000, nodes: 0(120000.00, 120000.00) 167 362 204 40 331 0(85719.00, 85719.00)
route 2, node_num 7, cost 703.794000, nodes: 0(120000.00, 120000.00) 250 71 258 282 423 2 0(69729.00, 69729.00)
route 3, node_num 6, cost 624.862000, nodes: 0(120000.00, 120000.00) 265 229 94 11 0(75367.00, 75367.00)
route 4, node_num 7, cost 975.408000, nodes: 0(120000.00, 120000.00) 201 81 33 175 234 0(50328.00, 50328.00)
route 5, node_num 8, cost 1083.082000, nodes: 0(120000.00, 120000.00) 150 278 328 171 228 164 0(42637.00, 42637.00)
route 6, node_num 8, cost 985.138000, nodes: 0(120000.00, 120000.00) 390 199 350 101 324 106 0(49633.00, 49633.00)
route 7, node_num 9, cost 964.404000, nodes: 0(120000.00, 120000.00) 187 196 330 342 216 232 181 0(51114.00, 51114.00)
route 8, node_num 7, cost 844.242000, nodes: 0(120000.00, 120000.00) 311 400 298 299 215 0(59697.00, 59697.00)
route 9, node_num 6, cost 693.826000, nodes: 0(120000.00, 120000.00) 357 120 62 293 0(70441.00, 70441.00)
route 10, node_num 8, cost 964.754000, nodes: 0(120000.00, 120000.00) 75 41 191 318 188 50 0(51089.00, 51089.00)
route 11, node_num 8, cost 1280.650000, nodes: 0(120000.00, 120000.00) 306 210 313 16 290 54 0(28525.00, 28525.00)
route 12, node_num 6, cost 829.304000, nodes: 0(120000.00, 120000.00) 158 131 436 35 254 0(60764.00, 60764.00)
route 13, node_num 7, cost 921.270000, nodes: 0(120000.00, 120000.00) 83 197 87 329 4 0(54195.00, 54195.00)
route 14, node_num 7, cost 1086.694000, nodes: 0(120000.00, 120000.00) 366 296 364 38 268 0(42379.00, 42379.00)
route 15, node_num 7, cost 649.418000, nodes: 0(120000.00, 120000.00) 235 270 249 74 134 0(73613.00, 73613.00)
route 16, node_num 8, cost 842.590000, nodes: 0(120000.00, 120000.00) 373 146 182 115 119 193 0(59815.00, 59815.00)
route 17, node_num 5, cost 1008.644000, nodes: 0(120000.00, 120000.00) 157 17 180 0(47954.00, 47954.00)
route 18, node_num 7, cost 685.216000, nodes: 0(120000.00, 120000.00) 132 314 93 220 336 0(71056.00, 71056.00)
route 19, node_num 8, cost 1032.598000, nodes: 0(120000.00, 120000.00) 233 262 25 170 276 118 0(46243.00, 46243.00)
route 20, node_num 8, cost 1923.572000, nodes: 0(120000.00, 120000.00) 351 85 53 107 490(37877.00, 55275.00) 308 0(0.00, 0.00)
route 21, node_num 8, cost 1288.084000, nodes: 0(120000.00, 120000.00) 273 15 224 100 64 381 0(27994.00, 27994.00)
route 22, node_num 8, cost 1095.766000, nodes: 0(120000.00, 120000.00) 189 375 345 59 12 340 0(41731.00, 41731.00)
route 23, node_num 8, cost 1567.034000, nodes: 0(120000.00, 120000.00) 1 194 319 387 377 237 0(8069.00, 8069.00)
route 24, node_num 8, cost 1416.772000, nodes: 0(120000.00, 120000.00) 153 307 55 218 367 65 0(18802.00, 18802.00)
route 25, node_num 8, cost 1356.754000, nodes: 0(120000.00, 120000.00) 327 9 58 123 48 267 0(23089.00, 23089.00)
route 26, node_num 7, cost 1442.686000, nodes: 0(120000.00, 120000.00) 251 309 332 66 323 0(16951.00, 16951.00)
route 27, node_num 9, cost 1896.776000, nodes: 0(120000.00, 120000.00) 378 240 442 213 6 141 125 425(8643.00, 24127.00) 0(0.00, 0.00)
route 28, node_num 7, cost 1575.574000, nodes: 0(120000.00, 120000.00) 212 142 29 73 207 0(7459.00, 7459.00)
route 29, node_num 8, cost 1523.634000, nodes: 0(120000.00, 120000.00) 192 27 165 151 202 393 401 0(11169.00, 11169.00)
route 30, node_num 8, cost 1354.248000, nodes: 0(120000.00, 120000.00) 231 110 105 67 60 203 471 0(23268.00, 23268.00)
route 31, node_num 8, cost 1241.492000, nodes: 0(120000.00, 120000.00) 244 45 174 13 354 369 0(31322.00, 31322.00)
route 32, node_num 8, cost 1437.002000, nodes: 0(120000.00, 120000.00) 285 31 152 348 424 78 241 0(17357.00, 17357.00)
route 33, node_num 8, cost 1678.208000, nodes: 0(120000.00, 120000.00) 185 104 61 28 172 398 401 0(128.00, 128.00)
route 34, node_num 8, cost 1605.744000, nodes: 0(120000.00, 120000.00) 166 245 339 302 281 177 468 486 425 0(5304.00, 5304.00)
route 35, node_num 7, cost 1435.784000, nodes: 0(120000.00, 120000.00) 135 236 292 5 468 80 0(17444.00, 17444.00)
route 36, node_num 7, cost 1493.716000, nodes: 0(120000.00, 120000.00) 10 127 227 24 294 0(13306.00, 13306.00)
route 37, node_num 7, cost 1657.306000, nodes: 0(120000.00, 120000.00) 98 200 113 3 109 0(1621.00, 1621.00)
route 38, node_num 7, cost 838.166000, nodes: 0(120000.00, 120000.00) 89 394 21 256 37 0(60131.00, 60131.00)
route 39, node_num 6, cost 450.856000, nodes: 0(120000.00, 120000.00) 76 46 321 111 0(87796.00, 87796.00)
route 40, node_num 7, cost 726.418000, nodes: 0(120000.00, 120000.00) 315 487 356 335 487 22 238 0(68113.00, 68113.00)
route 41, node_num 6, cost 736.652000, nodes: 0(120000.00, 120000.00) 280 160 284 395 0(67382.00, 67382.00)
route 42, node_num 8, cost 944.930000, nodes: 0(120000.00, 120000.00) 310 69 208 248 169 168 0(52505.00, 52505.00)
route 43, node_num 9, cost 846.356000, nodes: 0(120000.00, 120000.00) 376 214 96 287 32 239 47 0(59546.00, 59546.00)
route 44, node_num 7, cost 1100.806000, nodes: 0(120000.00, 120000.00) 259 56 42 297 137 0(41371.00, 41371.00)
route 45, node_num 8, cost 850.108000, nodes: 0(120000.00, 120000.00) 355 320 291 223 178 371 0(59278.00, 59278.00)
route 46, node_num 6, cost 746.466000, nodes: 0(120000.00, 120000.00) 391 90 122 39 0(66681.00, 66681.00)
route 47, node_num 9, cost 787.640000, nodes: 0(120000.00, 120000.00) 242 272 386 26 95 91 374 0(63740.00, 63740.00)
route 48, node_num 7, cost 363.524000, nodes: 0(120000.00, 120000.00) 222 344 179 325 396 0(94034.00, 94034.00)
route 49, node_num 7, cost 1532.860000, nodes: 0(120000.00, 120000.00) 77 84 295 114 154 0(10510.00, 10510.00)
route 50, node_num 7, cost 819.294000, nodes: 0(120000.00, 120000.00) 173 399 184 217 147 0(61479.00, 61479.00)
route 51, node_num 9, cost 925.288000, nodes: 0(120000.00, 120000.00) 230 283 286 121 341 198 352 0(53908.00, 53908.00)
route 52, node_num 7, cost 634.732000, nodes: 0(120000.00, 120000.00) 263 44 52 317 195 0(74662.00, 74662.00)
route 53, node_num 7, cost 684.894000, nodes: 0(120000.00, 120000.00) 397 190 312 211 349 0(71079.00, 71079.00)
route 54, node_num 7, cost 672.924000, nodes: 0(120000.00, 120000.00) 86 34 209 136 246 451 0(71934.00, 71934.00)
route 55, node_num 7, cost 351.666000, nodes: 0(120000.00, 120000.00) 279 372 333 124 226 0(94881.00, 94881.00)
route 56, node_num 6, cost 1398.222000, nodes: 0(120000.00, 120000.00) 304 243 97 116 0(20127.00, 20127.00)
route 57, node_num 8, cost 1751.680000, nodes: 0(120000.00, 120000.00) 14 260 159 269 274 419(18594.00, 23714.00) 0(0.00, 0.00)
route 58, node_num 7, cost 1589.742000, nodes: 0(120000.00, 120000.00) 363 247 8 144 186 440 0(6447.00, 6447.00)
route 59, node_num 7, cost 1140.160000, nodes: 0(120000.00, 120000.00) 70 380 353 275 155 0(38560.00, 38560.00)
route 60, node_num 7, cost 1064.770000, nodes: 0(120000.00, 120000.00) 289 176 347 221 20 0(43945.00, 43945.00)
route 61, node_num 6, cost 1446.424000, nodes: 0(120000.00, 120000.00) 261 392 359 316 0(16684.00, 16684.00)
route 62, node_num 6, cost 1373.708000, nodes: 0(120000.00, 120000.00) 257 149 370 68 0(21878.00, 21878.00)
route 63, node_num 8, cost 1290.506000, nodes: 0(120000.00, 120000.00) 225 108 43 145 253 288 0(27821.00, 27821.00)
route 64, node_num 7, cost 1512.728000, nodes: 0(120000.00, 120000.00) 346 128 82 126 205 0(11948.00, 11948.00)
route 65, node_num 7, cost 956.116000, nodes: 0(120000.00, 120000.00) 322 365 337 130 36 0(51706.00, 51706.00)
route 66, node_num 8, cost 1539.972000, nodes: 0(120000.00, 120000.00) 361 88 129 385 264 252 0(10002.00, 10002.00)
route 67, node_num 7, cost 1291.108000, nodes: 0(120000.00, 120000.00) 255 300 266 162 343 0(27778.00, 27778.00)
route 68, node_num 7, cost 1122.520000, nodes: 0(120000.00, 120000.00) 383 379 489 19 103 338 0(39820.00, 39820.00)
route 69, node_num 7, cost 1578.948000, nodes: 0(120000.00, 120000.00) 79 117 18 112 23 0(7218.00, 7218.00)
route 70, node_num 8, cost 994.462000, nodes: 0(120000.00, 120000.00) 57 148 163 301 30 219 0(48967.00, 48967.00)
route 71, node_num 7, cost 1253.168000, nodes: 0(120000.00, 120000.00) 326 102 277 206 429 382 0(30488.00, 30488.00)
route 72, node_num 6, cost 1644.748000, nodes: 0(120000.00, 120000.00) 140 156 99 72 0(2518.00, 2518.00)
route 73, node_num 7, cost 1333.990000, nodes: 0(120000.00, 120000.00) 478 51 92 63 334 7 0(24715.00, 24715.00)
route 74, node_num 8, cost 1347.850000, nodes: 0(120000.00, 120000.00) 360 138 271 49 143 161 0(23725.00, 23725.00)
route 75, node_num 7, cost 1561.700000, nodes: 0(120000.00, 120000.00) 368 303 183 358 384 0(8450.00, 8450.00)
vehicle (route) number: 76
Total cost: 108441.53
109617.14, 5418.07
108993.09, 5446.03
109027.58, 5404.49
109258.76, 5431.58
109416.48, 5446.68
108611.76, 5401.27
108441.53, 5402.09
109062.02, 5416.05
109973.00, 5421.67
109005.13, 5428.68
