Details of the solution:
route 0, node_num 5, cost 321.118000, nodes: 0(120000.00, 120000.00) 338 221 277 0(97063.00, 97063.00)
route 1, node_num 7, cost 1303.232000, nodes: 0(120000.00, 120000.00) 423 213 372 258 211 263 473 0(26912.00, 26912.00)
route 2, node_num 9, cost 1806.112000, nodes: 0(120000.00, 120000.00) 423 368 223 45 215 233 32 411(36984.00, 45992.00) 403 0(0.00, 0.00)
route 3, node_num 7, cost 1204.784000, nodes: 0(120000.00, 120000.00) 423 382 144 366 242 157 0(33944.00, 33944.00)
route 4, node_num 7, cost 1217.524000, nodes: 0(120000.00, 120000.00) 423 273 331 337 438 97 205 456 0(33034.00, 33034.00)
route 5, node_num 7, cost 1662.220000, nodes: 0(120000.00, 120000.00) 421 141 158 67 78 309 439 0(1270.00, 1270.00)
route 6, node_num 7, cost 1670.200000, nodes: 0(120000.00, 120000.00) 424 350 229 13 134 269 412 0(700.00, 700.00)
route 7, node_num 8, cost 1530.914000, nodes: 0(120000.00, 120000.00) 422 393 377 177 43 244 428(43270.00, 43270.00) 403 0(10649.00, 10649.00)
route 8, node_num 8, cost 712.950000, nodes: 0(120000.00, 120000.00) 457 174 297 61 70 212 381 0(69075.00, 69075.00)
route 9, node_num 7, cost 785.946000, nodes: 0(120000.00, 120000.00) 135 351 17 169 300 0(63861.00, 63861.00)
route 10, node_num 8, cost 1387.176000, nodes: 0(120000.00, 120000.00) 423 303 1 106 104 208 59 0(20916.00, 20916.00)
route 11, node_num 8, cost 1024.590000, nodes: 0(120000.00, 120000.00) 133 39 168 63 271 53 480 0(46815.00, 46815.00)
route 12, node_num 8, cost 1517.754000, nodes: 0(120000.00, 120000.00) 126 80 285 202 197 411(57581.00, 57581.00) 403 0(11589.00, 11589.00)
route 13, node_num 7, cost 588.406000, nodes: 0(120000.00, 120000.00) 347 403 341 147 82 384 495 0(77971.00, 77971.00)
route 14, node_num 7, cost 1038.380000, nodes: 0(120000.00, 120000.00) 423 328 344 415 81 110 115 423 0(45830.00, 45830.00)
route 15, node_num 7, cost 1553.706000, nodes: 0(120000.00, 120000.00) 426 441 183 235 163 11 180 423 0(9021.00, 9021.00)
route 16, node_num 8, cost 1065.680000, nodes: 0(120000.00, 120000.00) 423 2 139 116 87 127 47 476 0(43880.00, 43880.00)
route 17, node_num 7, cost 991.256000, nodes: 0(120000.00, 120000.00) 457 64 340 121 187 37 457 0(49196.00, 49196.00)
route 18, node_num 7, cost 1072.694000, nodes: 0(120000.00, 120000.00) 423 394 482 239 389 385 71 423 0(43379.00, 43379.00)
route 19, node_num 8, cost 1169.406000, nodes: 0(120000.00, 120000.00) 423 266 477 31 101 248 30 442 75 0(36471.00, 36471.00)
route 20, node_num 7, cost 1073.996000, nodes: 0(120000.00, 120000.00) 24 339 137 20 130 0(43286.00, 43286.00)
route 21, node_num 8, cost 713.580000, nodes: 0(120000.00, 120000.00) 357 23 270 480 156 72 14 0(69030.00, 69030.00)
route 22, node_num 7, cost 1004.206000, nodes: 0(120000.00, 120000.00) 423 255 4 299 35 361 467 403 0(48271.00, 48271.00)
route 23, node_num 7, cost 1108.212000, nodes: 0(120000.00, 120000.00) 166 470 19 240 36 432 164 0(40842.00, 40842.00)
route 24, node_num 7, cost 1106.308000, nodes: 0(120000.00, 120000.00) 423 288 335 108 493 18 254 0(40978.00, 40978.00)
route 25, node_num 7, cost 745.696000, nodes: 0(120000.00, 120000.00) 423 326 247 109 189 12 0(66736.00, 66736.00)
route 26, node_num 8, cost 345.590000, nodes: 0(120000.00, 120000.00) 423 261 290 249 124 423 327 286 0(95315.00, 95315.00)
route 27, node_num 7, cost 1489.824000, nodes: 0(120000.00, 120000.00) 423 84 318 185 463 170 10 428 403 0(13584.00, 13584.00)
route 28, node_num 8, cost 1795.332000, nodes: 0(120000.00, 120000.00) 423 193 419 145 41 209 83 428(24383.00, 32621.00) 403 0(0.00, 0.00)
route 29, node_num 7, cost 1056.846000, nodes: 0(120000.00, 120000.00) 423 403 210 466 56 257 225 253 0(44511.00, 44511.00)
route 30, node_num 7, cost 1439.270000, nodes: 0(120000.00, 120000.00) 40 352 103 307 192 0(17195.00, 17195.00)
route 31, node_num 8, cost 1245.860000, nodes: 0(120000.00, 120000.00) 423 102 231 252 434 179 165 390 403 0(31010.00, 31010.00)
route 32, node_num 7, cost 1623.776000, nodes: 0(120000.00, 120000.00) 423 198 143 5 236 182 0(4016.00, 4016.00)
route 33, node_num 9, cost 1549.198000, nodes: 0(120000.00, 120000.00) 289 293 167 224 51 66 423(13857.00, 13857.00) 0(9343.00, 9343.00)
route 34, node_num 7, cost 1067.962000, nodes: 0(120000.00, 120000.00) 423 175 8 364 188 474 203 474 0(43717.00, 43717.00)
route 35, node_num 8, cost 1768.410000, nodes: 0(120000.00, 120000.00) 423 403 355 149 281 181 260 463 403(2800.00, 9115.00) 0(0.00, 0.00)
route 36, node_num 8, cost 1283.912000, nodes: 0(120000.00, 120000.00) 426 367 190 345 237 320 184 492 403 0(28292.00, 28292.00)
route 37, node_num 7, cost 955.878000, nodes: 0(120000.00, 120000.00) 423 333 476 313 317 476 234 456 346 403 0(51723.00, 51723.00)
route 38, node_num 7, cost 1470.812000, nodes: 0(120000.00, 120000.00) 423 400 199 49 392 256 497 0(14942.00, 14942.00)
route 39, node_num 8, cost 1198.260000, nodes: 0(120000.00, 120000.00) 423 123 321 349 302 283 95 418 0(34410.00, 34410.00)
route 40, node_num 7, cost 1103.228000, nodes: 0(120000.00, 120000.00) 426 441 68 396 287 376 122 0(41198.00, 41198.00)
route 41, node_num 7, cost 1375.164000, nodes: 0(120000.00, 120000.00) 423 52 386 414 69 373 279 444 403 0(21774.00, 21774.00)
route 42, node_num 8, cost 1893.234000, nodes: 0(120000.00, 120000.00) 423 395 348 15 465 151 28 484(23658.00, 38889.00) 403 0(0.00, 0.00)
route 43, node_num 7, cost 922.068000, nodes: 0(120000.00, 120000.00) 457 119 173 206 342 354 418 0(54138.00, 54138.00)
route 44, node_num 8, cost 1201.718000, nodes: 0(120000.00, 120000.00) 423 178 86 409 259 226 370 159 423 0(34163.00, 34163.00)
route 45, node_num 6, cost 780.542000, nodes: 0(120000.00, 120000.00) 21 93 153 312 0(64247.00, 64247.00)
route 46, node_num 8, cost 1747.228000, nodes: 0(120000.00, 120000.00) 422 150 238 330 292 365 435 404(39595.00, 44397.00) 0(0.00, 0.00)
route 47, node_num 7, cost 1480.794000, nodes: 0(120000.00, 120000.00) 423 222 402 132 186 369 107 0(14229.00, 14229.00)
route 48, node_num 8, cost 1300.166000, nodes: 0(120000.00, 120000.00) 423 146 383 243 60 484 363 207 0(27131.00, 27131.00)
route 49, node_num 7, cost 1539.216000, nodes: 0(120000.00, 120000.00) 294 220 358 219 152 461 0(10056.00, 10056.00)
route 50, node_num 8, cost 1316.672000, nodes: 0(120000.00, 120000.00) 423 171 16 214 96 191 34 403 0(25952.00, 25952.00)
route 51, node_num 7, cost 459.368000, nodes: 0(120000.00, 120000.00) 423 268 360 336 42 111 0(87188.00, 87188.00)
route 52, node_num 8, cost 1454.096000, nodes: 0(120000.00, 120000.00) 423 267 90 274 200 155 73 428 403 0(16136.00, 16136.00)
route 53, node_num 7, cost 1542.268000, nodes: 0(120000.00, 120000.00) 423 120 85 276 325 48 445 0(9838.00, 9838.00)
route 54, node_num 8, cost 1333.850000, nodes: 0(120000.00, 120000.00) 426 218 467 161 74 94 379 380 417 0(24725.00, 24725.00)
route 55, node_num 6, cost 955.976000, nodes: 0(120000.00, 120000.00) 426 154 282 353 65 423 0(51716.00, 51716.00)
route 56, node_num 9, cost 1886.780000, nodes: 0(120000.00, 120000.00) 428 100 26 162 291 128 378 451(43152.00, 57922.00) 403 0(0.00, 0.00)
route 57, node_num 7, cost 841.484000, nodes: 0(120000.00, 120000.00) 423 38 391 25 301 495 324 0(59894.00, 59894.00)
route 58, node_num 7, cost 716.282000, nodes: 0(120000.00, 120000.00) 296 142 241 343 306 0(68837.00, 68837.00)
route 59, node_num 6, cost 861.406000, nodes: 0(120000.00, 120000.00) 423 228 44 3 359 403 0(58471.00, 58471.00)
route 60, node_num 7, cost 931.154000, nodes: 0(120000.00, 120000.00) 423 196 246 375 88 138 0(53489.00, 53489.00)
route 61, node_num 7, cost 1350.580000, nodes: 0(120000.00, 120000.00) 421 245 334 319 371 50 461 0(23530.00, 23530.00)
route 62, node_num 8, cost 1051.904000, nodes: 0(120000.00, 120000.00) 423 195 387 136 9 275 77 423 0(44864.00, 44864.00)
route 63, node_num 8, cost 1365.532000, nodes: 0(120000.00, 120000.00) 426 475 55 362 315 172 129 113 0(22462.00, 22462.00)
route 64, node_num 8, cost 1066.520000, nodes: 0(120000.00, 120000.00) 423 27 272 304 397 399 278 415 0(43820.00, 43820.00)
route 65, node_num 6, cost 1293.614000, nodes: 0(120000.00, 120000.00) 423 112 91 264 76 0(27599.00, 27599.00)
route 66, node_num 8, cost 1449.798000, nodes: 0(120000.00, 120000.00) 423 131 6 89 308 413 54 265 0(16443.00, 16443.00)
route 67, node_num 7, cost 1044.764000, nodes: 0(120000.00, 120000.00) 423 22 298 262 58 98 0(45374.00, 45374.00)
route 68, node_num 7, cost 717.080000, nodes: 0(120000.00, 120000.00) 7 217 374 117 216 0(68780.00, 68780.00)
route 69, node_num 8, cost 1718.290000, nodes: 0(120000.00, 120000.00) 204 305 323 251 227 498(15108.00, 17843.00) 0(0.00, 0.00)
route 70, node_num 8, cost 1666.182000, nodes: 0(120000.00, 120000.00) 423 160 356 316 79 148 423(5501.00, 5501.00) 0(987.00, 987.00)
route 71, node_num 7, cost 1797.572000, nodes: 0(120000.00, 120000.00) 421 230 322 487 92 118 456(14980.00, 23378.00) 0(0.00, 0.00)
route 72, node_num 7, cost 1616.664000, nodes: 0(120000.00, 120000.00) 426 478(77863.00, 77863.00) 284 232 194 114 0(4524.00, 4524.00)
route 73, node_num 6, cost 326.466000, nodes: 0(120000.00, 120000.00) 57 398 311 201 0(96681.00, 96681.00)
route 74, node_num 9, cost 1833.398000, nodes: 0(120000.00, 120000.00) 423 403 99 33 329 29 176 125 428(21664.00, 32621.00) 403 0(0.00, 0.00)
route 75, node_num 7, cost 1198.638000, nodes: 0(120000.00, 120000.00) 428 388 250 332 62 105 0(34383.00, 34383.00)
route 76, node_num 8, cost 620.662000, nodes: 0(120000.00, 120000.00) 457 280 46 295 314 140 310 0(75667.00, 75667.00)
vehicle (route) number: 77
Total cost: 116527.33
117153.81, 5420.44
117358.25, 5712.24
118304.05, 5772.18
117849.05, 5964.13
117339.20, 6070.26
116527.33, 5626.08
116966.57, 5629.41
117336.72, 5727.90
119114.47, 5635.12
117899.68, 5786.59
