Details of the solution:
route 0, node_num 8, cost 1078.994000, nodes: 0(120000.00, 120000.00) 491 481 64 335 356 156 446 266 30 433 0(42929.00, 42929.00)
route 1, node_num 7, cost 1325.912000, nodes: 0(120000.00, 120000.00) 433 489 416 443 453 332 1 82 296 101 488 433 0(25292.00, 25292.00)
route 2, node_num 11, cost 1586.158000, nodes: 0(120000.00, 120000.00) 485(97648.00, 97648.00) 428 422 27 202 439(71316.00, 71316.00) 116 392 90 275 488 443(33338.00, 33338.00) 416 491 482 0(6703.00, 6703.00)
route 3, node_num 8, cost 1105.146000, nodes: 0(120000.00, 120000.00) 433 489 416 8 476 151 25 404 131 370 41 404 416 491 482 0(41061.00, 41061.00)
route 4, node_num 7, cost 970.396000, nodes: 0(120000.00, 120000.00) 433 489 416 269 210 319 209 258 489 433 0(50686.00, 50686.00)
route 5, node_num 7, cost 1405.362000, nodes: 0(120000.00, 120000.00) 62 143 61 179 109 432 492 0(19617.00, 19617.00)
route 6, node_num 7, cost 1194.382000, nodes: 0(120000.00, 120000.00) 433 489 416 443 350 453 253 154 239 229 436 443 416 491 482 0(34687.00, 34687.00)
route 7, node_num 7, cost 1645.392000, nodes: 0(120000.00, 120000.00) 492 432 498 78 479 177 172 327 426 110 446 491 482 0(2472.00, 2472.00)
route 8, node_num 7, cost 1270.584000, nodes: 0(120000.00, 120000.00) 492 400 193 406 113 213 406 313 491 482 0(29244.00, 29244.00)
route 9, node_num 10, cost 1696.800000, nodes: 0(120000.00, 120000.00) 491 481(92093.00, 108093.00) 452 434 168 314 487 261 54 488(54993.00, 54993.00) 252 453(48484.00, 48484.00) 443 416 491 482 0(14800.00, 14800.00)
route 10, node_num 8, cost 1155.210000, nodes: 0(120000.00, 120000.00) 433 489 416 274 133 21 345 2 28 443 416 491 482 0(37485.00, 37485.00)
route 11, node_num 7, cost 1221.444000, nodes: 0(120000.00, 120000.00) 491 225 146 169 452 387 271 443 416 491 482 0(32754.00, 32754.00)
route 12, node_num 8, cost 1331.204000, nodes: 0(120000.00, 120000.00) 433 189 486 86 80 344 486 170 316 486 0(24914.00, 24914.00)
route 13, node_num 6, cost 1539.916000, nodes: 0(120000.00, 120000.00) 433 489 416 443 149 436 76 439 176 439 343 488 433 0(10006.00, 10006.00)
route 14, node_num 6, cost 1044.078000, nodes: 0(120000.00, 120000.00) 491 417 147 443 247 443 24 135 433 0(45423.00, 45423.00)
route 15, node_num 8, cost 1787.072000, nodes: 0(120000.00, 120000.00) 491 481(92093.00, 99741.00) 452 434 421 477 264 148 304 241 111 408 439 488 433 0(0.00, 0.00)
route 16, node_num 7, cost 1501.374000, nodes: 0(120000.00, 120000.00) 492 446 192 174 409 188 421 470 380 184 488 433 0(12759.00, 12759.00)
route 17, node_num 8, cost 1698.718000, nodes: 0(120000.00, 120000.00) 485(97648.00, 97648.00) 477 70 14 477 201 45 421 452 446 403(20862.00, 22199.00) 458 0(0.00, 0.00)
route 18, node_num 7, cost 1514.954000, nodes: 0(120000.00, 120000.00) 492 426 52 270 286 487 125 155 487 452 446 491 482 0(11789.00, 11789.00)
route 19, node_num 10, cost 1622.740000, nodes: 0(120000.00, 120000.00) 491 481(92093.00, 100093.00) 406 371 369 389 318 487(57116.00, 57116.00) 232 452 446 403(34289.00, 34289.00) 458 0(12090.00, 12090.00)
route 20, node_num 7, cost 1549.646000, nodes: 0(120000.00, 120000.00) 492 452 238 250 33 217 484 381 484 401 443 416 491 482 0(9311.00, 9311.00)
route 21, node_num 11, cost 1784.902000, nodes: 0(120000.00, 120000.00) 485(97648.00, 120000.00) 402 478 418 475 399 454 455 435(92285.00, 92285.00) 330 441(81937.00, 81937.00) 352 441 249 11 450(64353.00, 64353.00) 407 483 493 0(14859.00, 14859.00)
route 22, node_num 7, cost 1322.230000, nodes: 0(120000.00, 120000.00) 77 354 87 469 37 221 483 493 0(25555.00, 25555.00)
route 23, node_num 7, cost 1045.520000, nodes: 0(120000.00, 120000.00) 138 321 355 175 63 448 493 0(45320.00, 45320.00)
route 24, node_num 8, cost 1201.032000, nodes: 0(120000.00, 120000.00) 491 417 476 422 490 362 218 43 136 490 306 178 445 411 451 0(34212.00, 34212.00)
route 25, node_num 8, cost 1787.954000, nodes: 0(120000.00, 120000.00) 255 357 280 358 499(48197.00, 55908.00) 118 495 471 455 407 483 493 0(0.00, 0.00)
route 26, node_num 12, cost 1661.646000, nodes: 0(120000.00, 120000.00) 485(97648.00, 97648.00) 402 328 445 418 475 246 157 495 302 499(60230.00, 60230.00) 248 495(57791.00, 57791.00) 233 435 404 481(24423.00, 24423.00) 0(1311.00, 1311.00)
route 27, node_num 8, cost 1900.766000, nodes: 0(120000.00, 120000.00) 485(97648.00, 120000.00) 402 478 418 454 455 471 230 307 160 308 471 455(52475.00, 52475.00) 407 483 493 0(6583.00, 6583.00)
route 28, node_num 6, cost 1131.242000, nodes: 0(120000.00, 120000.00) 448 312 263 42 267 448 493 0(39197.00, 39197.00)
route 29, node_num 9, cost 1705.816000, nodes: 0(120000.00, 120000.00) 485(97648.00, 97648.00) 401 207 272 287 276 391 436(31425.00, 33269.00) 443 416 491 482 0(0.00, 0.00)
route 30, node_num 7, cost 1377.642000, nodes: 0(120000.00, 120000.00) 491 417 476 422 190 139 163 484 211 480 418 278 442 402 459 493 0(21597.00, 21597.00)
route 31, node_num 10, cost 1863.036000, nodes: 0(120000.00, 120000.00) 485(97648.00, 120000.00) 402 478 418 454 455 471 186 447 196 447(78790.00, 78790.00) 3 128 346 495(63972.00, 63972.00) 471 455 407 483 493 0(9278.00, 9278.00)
route 32, node_num 7, cost 1250.256000, nodes: 0(120000.00, 120000.00) 227 368 463 40 71 85 448 493 0(30696.00, 30696.00)
route 33, node_num 10, cost 1766.072000, nodes: 0(120000.00, 120000.00) 485(97648.00, 97648.00) 428 427 480 336 326 117 222 408(47968.00, 47968.00) 325 484 453(27536.00, 33684.00) 443 416 491 482 0(0.00, 0.00)
route 34, node_num 10, cost 1457.274000, nodes: 0(120000.00, 120000.00) 485(97648.00, 97648.00) 411 445 105 461(74071.00, 74071.00) 173 115 331 472 212 405(39983.00, 39983.00) 464 0(15909.00, 15909.00)
route 35, node_num 8, cost 1266.132000, nodes: 0(120000.00, 120000.00) 491 445 372 422 340 480 127 5 378 257 436 443 416 491 482 0(29562.00, 29562.00)
route 36, node_num 7, cost 1363.138000, nodes: 0(120000.00, 120000.00) 469 259 103 53 99 292 454 480 443 416 491 482 0(22633.00, 22633.00)
route 37, node_num 10, cost 1668.968000, nodes: 0(120000.00, 120000.00) 485(97648.00, 105648.00) 402 478 418 122 19 472(80605.00, 80605.00) 50 46 471(64490.00, 64490.00) 60 471 455 407 483 493 0(8788.00, 8788.00)
route 38, node_num 7, cost 1595.482000, nodes: 0(120000.00, 120000.00) 469 475 132 315 454 277 141 455 407 12 407 483 493 0(6037.00, 6037.00)
route 39, node_num 7, cost 1555.862000, nodes: 0(120000.00, 120000.00) 491 417 59 476 422 490 36 94 455 390 435 382 455 407 483 493 0(8867.00, 8867.00)
route 40, node_num 11, cost 1595.244000, nodes: 0(120000.00, 120000.00) 433(101822.00, 101822.00) 223 281 420(63970.00, 63970.00) 245 69 498(52064.00, 52064.00) 342 432 458(24093.00, 24093.00) 0(6054.00, 6054.00)
route 41, node_num 8, cost 990.528000, nodes: 0(120000.00, 120000.00) 491 403 303 360 107 383 481 121 191 496 413 0(49248.00, 49248.00)
route 42, node_num 7, cost 549.458000, nodes: 0(120000.00, 120000.00) 413 256 129 100 444 32 119 413 0(80753.00, 80753.00)
route 43, node_num 7, cost 358.358000, nodes: 0(120000.00, 120000.00) 220 291 317 204 467 39 0(94403.00, 94403.00)
route 44, node_num 5, cost 442.484000, nodes: 0(120000.00, 120000.00) 228 283 444 55 0(88394.00, 88394.00)
route 45, node_num 8, cost 518.630000, nodes: 0(120000.00, 120000.00) 89 23 467 96 361 311 81 466 0(82955.00, 82955.00)
route 46, node_num 6, cost 945.728000, nodes: 0(120000.00, 120000.00) 206 397 108 152 481 0(52448.00, 52448.00)
route 47, node_num 7, cost 1624.952000, nodes: 0(120000.00, 120000.00) 492 431 479 395 282 498 56 167 112 479 492 0(3932.00, 3932.00)
route 48, node_num 7, cost 564.732000, nodes: 0(120000.00, 120000.00) 18 413 496 20 298 348 164 0(79662.00, 79662.00)
route 49, node_num 8, cost 669.634000, nodes: 0(120000.00, 120000.00) 423 219 144 183 93 231 466 195 466 0(72169.00, 72169.00)
route 50, node_num 8, cost 1513.848000, nodes: 0(120000.00, 120000.00) 492 339 265 492 431 9 414 73 214 194 414 431 492 0(11868.00, 11868.00)
route 51, node_num 6, cost 813.582000, nodes: 0(120000.00, 120000.00) 433 489 199 268 417 208 26 491 482 0(61887.00, 61887.00)
route 52, node_num 6, cost 564.494000, nodes: 0(120000.00, 120000.00) 423 262 215 242 180 0(79679.00, 79679.00)
route 53, node_num 6, cost 1204.490000, nodes: 0(120000.00, 120000.00) 492 75 376 432 66 431 419 243 0(33965.00, 33965.00)
route 54, node_num 8, cost 954.674000, nodes: 0(120000.00, 120000.00) 260 394 285 465 324 34 456 57 0(51809.00, 51809.00)
route 55, node_num 8, cost 1074.878000, nodes: 0(120000.00, 120000.00) 457 386 216 162 251 84 254 458 0(43223.00, 43223.00)
route 56, node_num 6, cost 895.384000, nodes: 0(120000.00, 120000.00) 374 104 457 385 458 15 458 0(56044.00, 56044.00)
route 57, node_num 8, cost 555.618000, nodes: 0(120000.00, 120000.00) 65 92 150 161 396 337 423 0(80313.00, 80313.00)
route 58, node_num 7, cost 729.890000, nodes: 0(120000.00, 120000.00) 97 83 68 347 106 458 0(67865.00, 67865.00)
route 59, node_num 7, cost 501.522000, nodes: 0(120000.00, 120000.00) 333 165 95 203 47 0(84177.00, 84177.00)
route 60, node_num 6, cost 796.306000, nodes: 0(120000.00, 120000.00) 17 457 284 456 388 7 0(63121.00, 63121.00)
route 61, node_num 6, cost 397.320000, nodes: 0(120000.00, 120000.00) 294 88 367 437 48 0(91620.00, 91620.00)
route 62, node_num 8, cost 799.904000, nodes: 0(120000.00, 120000.00) 474 38 140 493 309 74 334 398 464 0(62864.00, 62864.00)
route 63, node_num 7, cost 1059.478000, nodes: 0(120000.00, 120000.00) 58 411 159 301 329 244 428 438 0(44323.00, 44323.00)
route 64, node_num 5, cost 532.322000, nodes: 0(120000.00, 120000.00) 474 181 364 134 464 0(81977.00, 81977.00)
route 65, node_num 7, cost 1155.938000, nodes: 0(120000.00, 120000.00) 197 445 114 310 67 411 198 402 459 493 0(37433.00, 37433.00)
route 66, node_num 6, cost 426.076000, nodes: 0(120000.00, 120000.00) 31 464 288 464 279 359 0(89566.00, 89566.00)
route 67, node_num 7, cost 921.046000, nodes: 0(120000.00, 120000.00) 464 35 341 297 145 13 459 493 0(54211.00, 54211.00)
route 68, node_num 7, cost 993.636000, nodes: 0(120000.00, 120000.00) 205 474 123 224 51 142 464 0(49026.00, 49026.00)
route 69, node_num 8, cost 1035.874000, nodes: 0(120000.00, 120000.00) 102 449 236 449 166 463 379 235 438 126 0(46009.00, 46009.00)
route 70, node_num 8, cost 2008.944000, nodes: 0(120000.00, 120000.00) 492 452 434 421 477 16 373 462 187 22 49 488 409(11610.00, 35106.00) 416 491 482 0(0.00, 0.00)
route 71, node_num 8, cost 995.218000, nodes: 0(120000.00, 120000.00) 290 493 320 366 295 29 353 483 493 0(48913.00, 48913.00)
route 72, node_num 7, cost 531.902000, nodes: 0(120000.00, 120000.00) 226 4 72 474 153 393 464 0(82007.00, 82007.00)
route 73, node_num 8, cost 1087.548000, nodes: 0(120000.00, 120000.00) 185 489 416 322 300 10 476 299 428 485 182 438 0(42318.00, 42318.00)
route 74, node_num 7, cost 1210.636000, nodes: 0(120000.00, 120000.00) 448 305 6 137 469 234 445 171 459 493 0(33526.00, 33526.00)
route 75, node_num 7, cost 676.620000, nodes: 0(120000.00, 120000.00) 124 44 130 474 240 293 464 0(71670.00, 71670.00)
route 76, node_num 8, cost 1024.310000, nodes: 0(120000.00, 120000.00) 413 496 158 489 416 98 120 443 273 438 384 323 0(46835.00, 46835.00)
route 77, node_num 8, cost 807.786000, nodes: 0(120000.00, 120000.00) 363 377 349 91 375 438 200 0(62301.00, 62301.00)
route 78, node_num 8, cost 802.214000, nodes: 0(120000.00, 120000.00) 338 237 79 365 351 491 482 289 433 0(62699.00, 62699.00)
vehicle (route) number: 79
Total cost: 115981.66
116211.33, 5439.02
118443.11, 5446.13
118201.42, 5441.95
116444.80, 5448.24
117254.36, 5415.88
118198.09, 5415.12
116441.26, 5451.02
116395.70, 5543.06
115981.66, 5425.54
116299.44, 5407.31
