Details of the solution:
route 0, node_num 7, cost 1420.412000, nodes: 0(120000.00, 120000.00) 177 92 43 200 274 0(18542.00, 18542.00)
route 1, node_num 7, cost 1292.886000, nodes: 0(120000.00, 120000.00) 245 230 66 51 294 0(27651.00, 27651.00)
route 2, node_num 7, cost 1451.268000, nodes: 0(120000.00, 120000.00) 246 351 63 39 196 0(16338.00, 16338.00)
route 3, node_num 6, cost 854.616000, nodes: 0(120000.00, 120000.00) 380 71 81 126 0(58956.00, 58956.00)
route 4, node_num 7, cost 1283.590000, nodes: 0(120000.00, 120000.00) 310 61 70 212 111 0(28315.00, 28315.00)
route 5, node_num 8, cost 1046.822000, nodes: 0(120000.00, 120000.00) 307 358 289 293 167 224 0(45227.00, 45227.00)
route 6, node_num 8, cost 1689.436000, nodes: 0(120000.00, 120000.00) 303 91 54 85 15 475(20942.00, 21616.00) 0(0.00, 0.00)
route 7, node_num 6, cost 448.994000, nodes: 0(120000.00, 120000.00) 312 296 398 201 0(87929.00, 87929.00)
route 8, node_num 7, cost 1354.696000, nodes: 0(120000.00, 120000.00) 394 231 112 279 116 0(23236.00, 23236.00)
route 9, node_num 7, cost 919.660000, nodes: 0(120000.00, 120000.00) 131 374 98 117 346 0(54310.00, 54310.00)
route 10, node_num 8, cost 1014.986000, nodes: 0(120000.00, 120000.00) 387 195 25 136 361 218 0(47501.00, 47501.00)
route 11, node_num 6, cost 987.882000, nodes: 0(120000.00, 120000.00) 360 300 7 268 0(49437.00, 49437.00)
route 12, node_num 7, cost 1761.844000, nodes: 0(120000.00, 120000.00) 90 99 453 236 5 475(15770.00, 21616.00) 0(0.00, 0.00)
route 13, node_num 8, cost 1699.754000, nodes: 0(120000.00, 120000.00) 283 323 259 302 8 437(17421.00, 18832.00) 0(0.00, 0.00)
route 14, node_num 6, cost 1593.886000, nodes: 0(120000.00, 120000.00) 340 121 130 119 0(6151.00, 6151.00)
route 15, node_num 8, cost 1733.214000, nodes: 0(120000.00, 120000.00) 369 143 276 13 198 475(17815.00, 21616.00) 0(0.00, 0.00)
route 16, node_num 5, cost 854.294000, nodes: 0(120000.00, 120000.00) 313 6 4 0(58979.00, 58979.00)
route 17, node_num 7, cost 1648.290000, nodes: 0(120000.00, 120000.00) 41 292 209 330 244 0(2265.00, 2265.00)
route 18, node_num 7, cost 1098.356000, nodes: 0(120000.00, 120000.00) 108 250 75 94 31 0(41546.00, 41546.00)
route 19, node_num 10, cost 2004.534000, nodes: 0(120000.00, 120000.00) 407 208 48 441(48668.00, 48668.00) 104 325 441(42022.00, 46371.00) 59 437(0.00, 18832.00) 0(0.00, 0.00)
route 20, node_num 8, cost 1656.242000, nodes: 0(120000.00, 120000.00) 146 349 400 49 392 226 0(1697.00, 1697.00)
route 21, node_num 7, cost 1333.052000, nodes: 0(120000.00, 120000.00) 165 211 191 225 38 0(24782.00, 24782.00)
route 22, node_num 7, cost 952.952000, nodes: 0(120000.00, 120000.00) 12 189 338 315 404 277 0(51932.00, 51932.00)
route 23, node_num 7, cost 895.720000, nodes: 0(120000.00, 120000.00) 65 359 109 347 311 0(56020.00, 56020.00)
route 24, node_num 7, cost 1081.612000, nodes: 0(120000.00, 120000.00) 180 235 114 377 284 0(42742.00, 42742.00)
route 25, node_num 7, cost 1509.634000, nodes: 0(120000.00, 120000.00) 207 222 373 252 52 0(12169.00, 12169.00)
route 26, node_num 8, cost 1148.756000, nodes: 0(120000.00, 120000.00) 47 127 389 337 331 129 0(37946.00, 37946.00)
route 27, node_num 7, cost 1493.926000, nodes: 0(120000.00, 120000.00) 84 318 100 148 150 0(13291.00, 13291.00)
route 28, node_num 8, cost 1739.500000, nodes: 0(120000.00, 120000.00) 411(72171.00, 76421.00) 159 137 95 20 88 0(0.00, 0.00)
route 29, node_num 8, cost 1730.498000, nodes: 0(120000.00, 120000.00) 118 83 128 291 145 452(7539.00, 11146.00) 0(0.00, 0.00)
route 30, node_num 8, cost 1832.208000, nodes: 0(120000.00, 120000.00) 370 243 76 265 1 474(23702.00, 34574.00) 412 0(0.00, 0.00)
route 31, node_num 7, cost 974.456000, nodes: 0(120000.00, 120000.00) 24 14 327 138 57 0(50396.00, 50396.00)
route 32, node_num 8, cost 1119.384000, nodes: 0(120000.00, 120000.00) 205 333 257 390 391 9 0(40044.00, 40044.00)
route 33, node_num 6, cost 1259.062000, nodes: 0(120000.00, 120000.00) 157 158 141 334 0(30067.00, 30067.00)
route 34, node_num 7, cost 1823.416000, nodes: 0(120000.00, 120000.00) 16 151 229 350 475(11372.00, 21616.00) 0(0.00, 0.00)
route 35, node_num 6, cost 714.336000, nodes: 0(120000.00, 120000.00) 18 241 306 343 0(68976.00, 68976.00)
route 36, node_num 7, cost 1598.772000, nodes: 0(120000.00, 120000.00) 365 79 281 356 316 0(5802.00, 5802.00)
route 37, node_num 7, cost 1068.200000, nodes: 0(120000.00, 120000.00) 210 56 228 317 44 0(43700.00, 43700.00)
route 38, node_num 4, cost 89.222000, nodes: 0(120000.00, 120000.00) 153 93 0(113627.00, 113627.00)
route 39, node_num 8, cost 1315.608000, nodes: 0(120000.00, 120000.00) 489 314 295 46 280 324 206 0(26028.00, 26028.00)
route 40, node_num 6, cost 1606.668000, nodes: 0(120000.00, 120000.00) 179 96 120 214 0(5238.00, 5238.00)
route 41, node_num 7, cost 1088.332000, nodes: 0(120000.00, 120000.00) 286 133 221 42 135 0(42262.00, 42262.00)
route 42, node_num 6, cost 1235.878000, nodes: 0(120000.00, 120000.00) 322 78 309 155 0(31723.00, 31723.00)
route 43, node_num 7, cost 1175.748000, nodes: 0(120000.00, 120000.00) 21 101 248 362 10 0(36018.00, 36018.00)
route 44, node_num 7, cost 731.808000, nodes: 0(120000.00, 120000.00) 122 103 152 376 166 0(67728.00, 67728.00)
route 45, node_num 9, cost 1751.134000, nodes: 0(120000.00, 120000.00) 170 233 462 497(62486.00, 62486.00) 29 176 355 452(6065.00, 11146.00) 0(0.00, 0.00)
route 46, node_num 7, cost 1264.620000, nodes: 0(120000.00, 120000.00) 175 140 326 174 216 0(29670.00, 29670.00)
route 47, node_num 8, cost 1969.058000, nodes: 0(120000.00, 120000.00) 305 339 251 204 168 412(5971.00, 26618.00) 0(0.00, 0.00)
route 48, node_num 7, cost 1506.218000, nodes: 0(120000.00, 120000.00) 185 160 285 197 395 0(12413.00, 12413.00)
route 49, node_num 10, cost 1643.446000, nodes: 0(120000.00, 120000.00) 34 89 470(59185.00, 59185.00) 264 308 406(56603.00, 56603.00) 106 474(37185.00, 37185.00) 412 0(2611.00, 2611.00)
route 50, node_num 7, cost 1039.136000, nodes: 0(120000.00, 120000.00) 371 242 393 73 163 0(45776.00, 45776.00)
route 51, node_num 7, cost 1567.790000, nodes: 0(120000.00, 120000.00) 64 227 173 53 203 0(8015.00, 8015.00)
route 52, node_num 9, cost 1729.196000, nodes: 0(120000.00, 120000.00) 238 162 378 26 125 329 452(7632.00, 11146.00) 0(0.00, 0.00)
route 53, node_num 7, cost 1303.190000, nodes: 0(120000.00, 120000.00) 342 354 23 357 381 0(26915.00, 26915.00)
route 54, node_num 6, cost 1512.784000, nodes: 0(120000.00, 120000.00) 86 363 60 258 403 0(11944.00, 11944.00)
route 55, node_num 7, cost 1577.310000, nodes: 0(120000.00, 120000.00) 142 187 271 37 375 0(7335.00, 7335.00)
route 56, node_num 7, cost 1041.936000, nodes: 0(120000.00, 120000.00) 266 247 147 123 336 0(45576.00, 45576.00)
route 57, node_num 7, cost 1337.098000, nodes: 0(120000.00, 120000.00) 188 364 17 110 301 0(24493.00, 24493.00)
route 58, node_num 8, cost 1718.066000, nodes: 0(120000.00, 120000.00) 80 182 134 132 186 475(18897.00, 21616.00) 0(0.00, 0.00)
route 59, node_num 9, cost 1710.856000, nodes: 0(120000.00, 120000.00) 487(101577.00, 120000.00) 437 256 321 28 199 383 474(50793.00, 50793.00) 412 0(16219.00, 16219.00)
route 60, node_num 7, cost 1320.046000, nodes: 0(120000.00, 120000.00) 253 22 213 263 169 0(25711.00, 25711.00)
route 61, node_num 7, cost 1458.772000, nodes: 0(120000.00, 120000.00) 273 107 348 69 269 0(15802.00, 15802.00)
route 62, node_num 8, cost 991.956000, nodes: 0(120000.00, 120000.00) 171 234 299 2 139 275 0(49146.00, 49146.00)
route 63, node_num 7, cost 1471.120000, nodes: 0(120000.00, 120000.00) 270 156 72 297 82 0(14920.00, 14920.00)
route 64, node_num 5, cost 283.640000, nodes: 0(120000.00, 120000.00) 154 36 254 0(99740.00, 99740.00)
route 65, node_num 7, cost 1148.686000, nodes: 0(120000.00, 120000.00) 332 30 449 193 172 74 0(37951.00, 37951.00)
route 66, node_num 7, cost 1092.378000, nodes: 0(120000.00, 120000.00) 178 217 115 384 341 0(41973.00, 41973.00)
route 67, node_num 7, cost 1422.750000, nodes: 0(120000.00, 120000.00) 298 262 372 58 35 0(18375.00, 18375.00)
route 68, node_num 6, cost 816.830000, nodes: 0(120000.00, 120000.00) 3 379 328 255 0(61655.00, 61655.00)
route 69, node_num 9, cost 1658.062000, nodes: 0(120000.00, 120000.00) 436 181 439(58190.00, 58190.00) 33 149 202 260 475(23183.00, 23183.00) 0(1567.00, 1567.00)
route 70, node_num 7, cost 1039.402000, nodes: 0(120000.00, 120000.00) 113 386 397 62 304 0(45757.00, 45757.00)
route 71, node_num 7, cost 1011.906000, nodes: 0(120000.00, 120000.00) 40 319 219 352 220 0(47721.00, 47721.00)
route 72, node_num 6, cost 1209.348000, nodes: 0(120000.00, 120000.00) 67 194 183 232 0(33618.00, 33618.00)
route 73, node_num 6, cost 715.624000, nodes: 0(120000.00, 120000.00) 261 249 124 290 0(68884.00, 68884.00)
route 74, node_num 7, cost 1070.776000, nodes: 0(120000.00, 120000.00) 344 239 385 97 87 0(43516.00, 43516.00)
route 75, node_num 6, cost 741.524000, nodes: 0(120000.00, 120000.00) 144 366 288 77 0(67034.00, 67034.00)
route 76, node_num 7, cost 525.994000, nodes: 0(120000.00, 120000.00) 282 164 55 452 19 240 0(82429.00, 82429.00)
route 77, node_num 6, cost 1018.458000, nodes: 0(120000.00, 120000.00) 353 382 192 11 0(47253.00, 47253.00)
route 78, node_num 6, cost 902.020000, nodes: 0(120000.00, 120000.00) 278 272 27 399 0(55570.00, 55570.00)
route 79, node_num 6, cost 836.122000, nodes: 0(120000.00, 120000.00) 345 190 184 102 0(60277.00, 60277.00)
route 80, node_num 8, cost 793.338000, nodes: 0(120000.00, 120000.00) 335 50 267 68 396 287 0(63333.00, 63333.00)
route 81, node_num 7, cost 836.710000, nodes: 0(120000.00, 120000.00) 320 237 161 388 367 0(60235.00, 60235.00)
route 82, node_num 9, cost 1716.400000, nodes: 0(120000.00, 120000.00) 105 368 45 215 223 32 452(8546.00, 11146.00) 0(0.00, 0.00)
vehicle (route) number: 83
Total cost: 128988.11
130429.61, 6577.83
129649.68, 5827.28
129564.47, 5941.97
129094.40, 5557.23
129661.47, 5408.01
129960.94, 5496.48
128988.11, 5427.61
131272.74, 5923.74
130713.70, 5681.63
130041.07, 5771.77
