Details of the solution:
route 0, node_num 8, cost 962.444000, nodes: 0(120000.00, 120000.00) 383 360 337 130 36 338 0(51254.00, 51254.00)
route 1, node_num 8, cost 1128.302000, nodes: 0(120000.00, 120000.00) 192 27 15 218 318 435 0(39407.00, 39407.00)
route 2, node_num 8, cost 1092.994000, nodes: 0(120000.00, 120000.00) 189 375 292 59 324 80 0(41929.00, 41929.00)
route 3, node_num 7, cost 1325.786000, nodes: 0(120000.00, 120000.00) 153 307 55 65 572 0(25301.00, 25301.00)
route 4, node_num 8, cost 1239.322000, nodes: 0(120000.00, 120000.00) 409 9 165 100 64 381 0(31477.00, 31477.00)
route 5, node_num 8, cost 1213.268000, nodes: 0(120000.00, 120000.00) 497 408 174 402 523 354 623 0(33338.00, 33338.00)
route 6, node_num 8, cost 1233.918000, nodes: 0(120000.00, 120000.00) 212 465 191 483 506 323 0(31863.00, 31863.00)
route 7, node_num 8, cost 997.976000, nodes: 0(120000.00, 120000.00) 187 41 330 196 569 340 0(48716.00, 48716.00)
route 8, node_num 7, cost 1355.942000, nodes: 0(120000.00, 120000.00) 135 236 583 48 534 0(23147.00, 23147.00)
route 9, node_num 9, cost 917.490000, nodes: 0(120000.00, 120000.00) 146 449 350 342 216 232 181 0(54465.00, 54465.00)
route 10, node_num 7, cost 812.728000, nodes: 0(120000.00, 120000.00) 460 401 541 578 510 0(61948.00, 61948.00)
route 11, node_num 9, cost 933.170000, nodes: 0(120000.00, 120000.00) 201 81 327 175 234 553 469 0(53345.00, 53345.00)
route 12, node_num 8, cost 846.902000, nodes: 0(120000.00, 120000.00) 311 400 182 115 561 448 0(59507.00, 59507.00)
route 13, node_num 7, cost 800.226000, nodes: 0(120000.00, 120000.00) 75 563 305 520 188 0(62841.00, 62841.00)
route 14, node_num 7, cost 951.258000, nodes: 0(120000.00, 120000.00) 322 365 438 101 420 0(52053.00, 52053.00)
route 15, node_num 8, cost 979.300000, nodes: 0(120000.00, 120000.00) 430 273 345 444 12 443 0(50050.00, 50050.00)
route 16, node_num 8, cost 1182.748000, nodes: 0(120000.00, 120000.00) 249 19 379 5 571 267 0(35518.00, 35518.00)
route 17, node_num 8, cost 1258.978000, nodes: 0(120000.00, 120000.00) 592 429 224 367 527 13 0(30073.00, 30073.00)
route 18, node_num 7, cost 457.520000, nodes: 0(120000.00, 120000.00) 167 362 204 40 544 0(87320.00, 87320.00)
route 19, node_num 8, cost 948.080000, nodes: 0(120000.00, 120000.00) 412 593 25 545 268 4 0(52280.00, 52280.00)
route 20, node_num 8, cost 995.134000, nodes: 0(120000.00, 120000.00) 157 170 35 254 458 276 601 0(48919.00, 48919.00)
route 21, node_num 6, cost 606.466000, nodes: 0(120000.00, 120000.00) 158 532 94 11 0(76681.00, 76681.00)
route 22, node_num 7, cost 740.824000, nodes: 0(120000.00, 120000.00) 366 512 546 636 220 403 0(67084.00, 67084.00)
route 23, node_num 7, cost 852.474000, nodes: 0(120000.00, 120000.00) 496 87 197 293 329 0(59109.00, 59109.00)
route 24, node_num 6, cost 583.772000, nodes: 0(120000.00, 120000.00) 132 314 415 396 0(78302.00, 78302.00)
route 25, node_num 7, cost 702.758000, nodes: 0(120000.00, 120000.00) 229 131 503 180 511 614 0(69803.00, 69803.00)
route 26, node_num 6, cost 729.652000, nodes: 0(120000.00, 120000.00) 83 486 557 93 0(67882.00, 67882.00)
route 27, node_num 8, cost 671.804000, nodes: 0(120000.00, 120000.00) 235 250 513 491 106 428 0(72014.00, 72014.00)
route 28, node_num 7, cost 526.316000, nodes: 0(120000.00, 120000.00) 76 270 52 464 2 0(82406.00, 82406.00)
route 29, node_num 8, cost 843.332000, nodes: 0(120000.00, 120000.00) 481 531 33 139 133 369 0(59762.00, 59762.00)
route 30, node_num 8, cost 634.732000, nodes: 0(120000.00, 120000.00) 373 397 190 317 195 575 0(74662.00, 74662.00)
route 31, node_num 8, cost 735.140000, nodes: 0(120000.00, 120000.00) 357 120 62 425 164 50 0(67490.00, 67490.00)
route 32, node_num 6, cost 571.886000, nodes: 0(120000.00, 120000.00) 529 540 568 282 0(79151.00, 79151.00)
route 33, node_num 6, cost 704.522000, nodes: 0(120000.00, 120000.00) 492 71 490 426 0(69677.00, 69677.00)
route 34, node_num 7, cost 722.260000, nodes: 0(120000.00, 120000.00) 556 501 258 418 331 0(68410.00, 68410.00)
route 35, node_num 7, cost 676.900000, nodes: 0(120000.00, 120000.00) 389 388 427 488 336 0(71650.00, 71650.00)
route 36, node_num 7, cost 781.886000, nodes: 0(120000.00, 120000.00) 390 199 74 459 134 0(64151.00, 64151.00)
route 37, node_num 6, cost 588.462000, nodes: 0(120000.00, 120000.00) 514 566 570 613 559 0(77967.00, 77967.00)
route 38, node_num 6, cost 920.332000, nodes: 0(120000.00, 120000.00) 233 262 17 454 0(54262.00, 54262.00)
route 39, node_num 8, cost 1893.542000, nodes: 0(120000.00, 120000.00) 660(66386.00, 98386.00) 597 213 6 107 690 308 0(16747.00, 16747.00)
route 40, node_num 8, cost 1617.196000, nodes: 0(120000.00, 120000.00) 487 142 29 564 73 207 0(4486.00, 4486.00)
route 41, node_num 3, cost 103.460000, nodes: 0(120000.00, 120000.00) 46 0(112610.00, 112610.00)
route 42, node_num 8, cost 1854.286000, nodes: 0(120000.00, 120000.00) 612(72845.00, 85294.00) 586 679 99 414 598 72 0(0.00, 0.00)
route 43, node_num 7, cost 1346.604000, nodes: 0(120000.00, 120000.00) 277 140 567 18 494 0(23814.00, 23814.00)
route 44, node_num 7, cost 1619.548000, nodes: 0(120000.00, 120000.00) 472 156 97 126 560 667 0(4318.00, 4318.00)
route 45, node_num 7, cost 1389.248000, nodes: 0(120000.00, 120000.00) 261 392 359 30 193 0(20768.00, 20768.00)
route 46, node_num 8, cost 1520.106000, nodes: 0(120000.00, 120000.00) 346 562 128 316 505 205 0(11421.00, 11421.00)
route 47, node_num 9, cost 1747.396000, nodes: 0(120000.00, 120000.00) 14 260 159 670(55715.00, 60529.00) 183 436 23 0(0.00, 0.00)
route 48, node_num 8, cost 1498.756000, nodes: 0(120000.00, 120000.00) 304 461 82 580 477 509 685 0(12946.00, 12946.00)
route 49, node_num 7, cost 1641.934000, nodes: 0(120000.00, 120000.00) 535 88 129 269 252 0(2719.00, 2719.00)
route 50, node_num 8, cost 1598.912000, nodes: 0(120000.00, 120000.00) 363 247 518 112 384 423 685 0(5792.00, 5792.00)
route 51, node_num 8, cost 1553.538000, nodes: 0(120000.00, 120000.00) 612(72845.00, 72845.00) 473 8 144 116 219 0(9033.00, 9033.00)
route 52, node_num 7, cost 1495.522000, nodes: 0(120000.00, 120000.00) 79 117 405 404 186 640 0(13177.00, 13177.00)
route 53, node_num 9, cost 1729.546000, nodes: 0(120000.00, 120000.00) 533 605 200 3 385 264 476 619(20175.00, 23714.00) 0(0.00, 0.00)
route 54, node_num 8, cost 1304.744000, nodes: 0(120000.00, 120000.00) 542 103 243 49 143 161 0(26804.00, 26804.00)
route 55, node_num 7, cost 795.998000, nodes: 0(120000.00, 120000.00) 489 90 137 169 539 0(63143.00, 63143.00)
route 56, node_num 7, cost 1607.550000, nodes: 0(120000.00, 120000.00) 526 530 113 114 109 0(5175.00, 5175.00)
route 57, node_num 7, cost 1237.180000, nodes: 0(120000.00, 120000.00) 504 102 271 353 215 0(31630.00, 31630.00)
route 58, node_num 8, cost 1349.600000, nodes: 0(120000.00, 120000.00) 361 300 266 456 295 371 0(23600.00, 23600.00)
route 59, node_num 8, cost 1064.658000, nodes: 0(120000.00, 120000.00) 326 416 163 301 275 600 0(43953.00, 43953.00)
route 60, node_num 7, cost 819.294000, nodes: 0(120000.00, 120000.00) 173 399 184 217 147 0(61479.00, 61479.00)
route 61, node_num 8, cost 1301.356000, nodes: 0(120000.00, 120000.00) 442 108 43 145 253 457 651 0(27046.00, 27046.00)
route 62, node_num 8, cost 1068.116000, nodes: 0(120000.00, 120000.00) 225 515 56 42 274 474 0(43706.00, 43706.00)
route 63, node_num 8, cost 1333.766000, nodes: 0(120000.00, 120000.00) 678 51 92 63 334 198 352 0(24731.00, 24731.00)
route 64, node_num 7, cost 1393.350000, nodes: 0(120000.00, 120000.00) 257 149 370 653 162 462 0(20475.00, 20475.00)
route 65, node_num 7, cost 1054.830000, nodes: 0(120000.00, 120000.00) 259 565 445 538 297 0(44655.00, 44655.00)
route 66, node_num 6, cost 1274.014000, nodes: 0(120000.00, 120000.00) 475 604 98 585 382 0(28999.00, 28999.00)
route 67, node_num 8, cost 983.542000, nodes: 0(120000.00, 120000.00) 57 588 574 299 119 536 0(49747.00, 49747.00)
route 68, node_num 7, cost 1269.912000, nodes: 0(120000.00, 120000.00) 70 138 547 68 7 0(29292.00, 29292.00)
route 69, node_num 8, cost 1150.422000, nodes: 0(120000.00, 120000.00) 591 380 507 221 155 168 0(37827.00, 37827.00)
route 70, node_num 8, cost 1040.928000, nodes: 0(120000.00, 120000.00) 255 176 347 148 20 343 0(45648.00, 45648.00)
route 71, node_num 7, cost 1100.918000, nodes: 0(120000.00, 120000.00) 77 407 84 206 577 0(41363.00, 41363.00)
route 72, node_num 7, cost 1441.524000, nodes: 0(120000.00, 120000.00) 368 303 358 576 288 0(17034.00, 17034.00)
route 73, node_num 7, cost 768.446000, nodes: 0(120000.00, 120000.00) 289 551 298 122 39 0(65111.00, 65111.00)
route 74, node_num 8, cost 1100.750000, nodes: 0(120000.00, 120000.00) 680 278 210 437 227 590 519 0(41375.00, 41375.00)
route 75, node_num 7, cost 1343.664000, nodes: 0(120000.00, 120000.00) 468 521 66 573 105 0(24024.00, 24024.00)
route 76, node_num 8, cost 1667.120000, nodes: 0(120000.00, 120000.00) 10 127 421 387 377 543 0(920.00, 920.00)
route 77, node_num 8, cost 1499.974000, nodes: 0(120000.00, 120000.00) 285 251 548 537 498 290 0(12859.00, 12859.00)
route 78, node_num 7, cost 1094.142000, nodes: 0(120000.00, 120000.00) 231 38 522 313 171 0(41847.00, 41847.00)
route 79, node_num 8, cost 1412.852000, nodes: 0(120000.00, 120000.00) 31 596 152 237 348 241 0(19082.00, 19082.00)
route 80, node_num 8, cost 1113.952000, nodes: 0(120000.00, 120000.00) 150 328 450 16 24 294 0(40432.00, 40432.00)
route 81, node_num 8, cost 1498.994000, nodes: 0(120000.00, 120000.00) 549 309 493 439 471 78 0(12929.00, 12929.00)
route 82, node_num 8, cost 1270.696000, nodes: 0(120000.00, 120000.00) 306 446 296 364 228 636 118 0(29236.00, 29236.00)
route 83, node_num 7, cost 1591.002000, nodes: 0(120000.00, 120000.00) 185 104 61 172 517 0(6357.00, 6357.00)
route 84, node_num 8, cost 1409.324000, nodes: 0(120000.00, 120000.00) 45 441 440 424 67 203 671 0(19334.00, 19334.00)
route 85, node_num 8, cost 1337.742000, nodes: 0(120000.00, 120000.00) 244 110 581 332 60 54 0(24447.00, 24447.00)
route 86, node_num 9, cost 1570.296000, nodes: 0(120000.00, 120000.00) 478 463 151 28 202 398 647 671(44385.00, 44385.00) 0(7836.00, 7836.00)
route 87, node_num 9, cost 1909.418000, nodes: 0(120000.00, 120000.00) 378 240 53 141 495 125 625(7740.00, 24127.00) 0(0.00, 0.00)
route 88, node_num 9, cost 1678.502000, nodes: 0(120000.00, 120000.00) 351 1 194 499 319 595 671(36656.00, 36656.00) 0(107.00, 107.00)
route 89, node_num 8, cost 1640.226000, nodes: 0(120000.00, 120000.00) 432 466 455 302 281 177 668 686 625 0(2841.00, 2841.00)
route 90, node_num 8, cost 1622.502000, nodes: 0(120000.00, 120000.00) 166 245 339 85 413 452 0(4107.00, 4107.00)
route 91, node_num 8, cost 1447.852000, nodes: 0(120000.00, 120000.00) 516 582 58 123 467 393 601 0(16582.00, 16582.00)
route 92, node_num 8, cost 1024.674000, nodes: 0(120000.00, 120000.00) 599 160 284 26 552 657 47 0(46809.00, 46809.00)
route 93, node_num 8, cost 408.870000, nodes: 0(120000.00, 120000.00) 222 279 558 485 124 226 0(90795.00, 90795.00)
route 94, node_num 7, cost 571.858000, nodes: 0(120000.00, 120000.00) 315 272 386 508 395 0(79153.00, 79153.00)
route 95, node_num 9, cost 1093.386000, nodes: 0(120000.00, 120000.00) 528 453 335 587 451 410 154 0(41901.00, 41901.00)
route 96, node_num 7, cost 639.632000, nodes: 0(120000.00, 120000.00) 86 34 209 136 417 0(74312.00, 74312.00)
route 97, node_num 8, cost 940.114000, nodes: 0(120000.00, 120000.00) 310 394 286 238 22 374 0(52849.00, 52849.00)
route 98, node_num 8, cost 559.776000, nodes: 0(120000.00, 120000.00) 479 280 411 550 620 470 589 0(80016.00, 80016.00)
route 99, node_num 8, cost 1131.172000, nodes: 0(120000.00, 120000.00) 356 524 96 422 95 91 0(39202.00, 39202.00)
route 100, node_num 7, cost 900.144000, nodes: 0(120000.00, 120000.00) 594 208 69 223 419 0(55704.00, 55704.00)
route 101, node_num 8, cost 662.242000, nodes: 0(120000.00, 120000.00) 242 502 646 287 32 239 111 0(72697.00, 72697.00)
route 102, node_num 7, cost 867.188000, nodes: 0(120000.00, 120000.00) 89 434 248 121 341 0(58058.00, 58058.00)
route 103, node_num 7, cost 634.214000, nodes: 0(120000.00, 120000.00) 355 320 291 447 349 0(74699.00, 74699.00)
route 104, node_num 6, cost 377.090000, nodes: 0(120000.00, 120000.00) 431 484 179 325 0(93065.00, 93065.00)
route 105, node_num 7, cost 647.108000, nodes: 0(120000.00, 120000.00) 391 44 312 211 37 0(73778.00, 73778.00)
route 106, node_num 6, cost 380.646000, nodes: 0(120000.00, 120000.00) 263 554 344 321 0(92811.00, 92811.00)
route 107, node_num 7, cost 731.864000, nodes: 0(120000.00, 120000.00) 230 283 21 256 584 0(67724.00, 67724.00)
route 108, node_num 6, cost 513.226000, nodes: 0(120000.00, 120000.00) 376 214 482 333 0(83341.00, 83341.00)
route 109, node_num 8, cost 958.916000, nodes: 0(120000.00, 120000.00) 480 406 433 178 579 246 651 0(51506.00, 51506.00)
route 110, node_num 7, cost 344.764000, nodes: 0(120000.00, 120000.00) 555 265 372 525 500 0(95374.00, 95374.00)
vehicle (route) number: 111
Total cost: 153092.64
155175.38, 9010.24
154213.85, 9019.93
153565.18, 9020.89
155553.70, 9021.02
155262.81, 9020.47
154686.06, 9062.03
153519.97, 9084.49
153092.64, 9029.30
154442.27, 9015.32
153739.71, 9088.61
