Details of the solution:
route 0, node_num 8, cost 1322.818000, nodes: 0(120000.00, 120000.00) 244 548 672 483 16 553 54 0(25513.00, 25513.00)
route 1, node_num 8, cost 1219.302000, nodes: 0(120000.00, 120000.00) 360 103 19 5 571 267 0(32907.00, 32907.00)
route 2, node_num 7, cost 1238.874000, nodes: 0(120000.00, 120000.00) 98 515 445 297 137 0(31509.00, 31509.00)
route 3, node_num 8, cost 796.222000, nodes: 0(120000.00, 120000.00) 75 563 305 139 133 369 0(63127.00, 63127.00)
route 4, node_num 9, cost 1972.964000, nodes: 0(120000.00, 120000.00) 586 670 260 183 269 656(28278.00, 28278.00) 509 640(1689.00, 22615.00) 0(0.00, 0.00)
route 5, node_num 8, cost 1335.040000, nodes: 0(120000.00, 120000.00) 152 596 127 506 323 469 0(24640.00, 24640.00)
route 6, node_num 8, cost 982.114000, nodes: 0(120000.00, 120000.00) 187 196 330 342 318 435 0(49849.00, 49849.00)
route 7, node_num 8, cost 1356.362000, nodes: 0(120000.00, 120000.00) 678 51 63 92 456 457 168 0(23117.00, 23117.00)
route 8, node_num 7, cost 1050.658000, nodes: 0(120000.00, 120000.00) 356 394 524 687 22 238 0(44953.00, 44953.00)
route 9, node_num 8, cost 1253.756000, nodes: 0(120000.00, 120000.00) 150 9 165 354 569 340 0(30446.00, 30446.00)
route 10, node_num 7, cost 1494.570000, nodes: 0(120000.00, 120000.00) 442 530 585 114 109 0(13245.00, 13245.00)
route 11, node_num 7, cost 1405.068000, nodes: 0(120000.00, 120000.00) 257 149 334 295 274 0(19638.00, 19638.00)
route 12, node_num 7, cost 926.688000, nodes: 0(120000.00, 120000.00) 259 538 208 223 474 0(53808.00, 53808.00)
route 13, node_num 7, cost 768.138000, nodes: 0(120000.00, 120000.00) 89 283 21 256 37 0(65133.00, 65133.00)
route 14, node_num 8, cost 1497.104000, nodes: 0(120000.00, 120000.00) 192 236 245 583 281 177 668 686 625 0(13064.00, 13064.00)
route 15, node_num 7, cost 1100.918000, nodes: 0(120000.00, 120000.00) 77 407 84 206 577 0(41363.00, 41363.00)
route 16, node_num 7, cost 1420.846000, nodes: 0(120000.00, 120000.00) 153 307 48 534 633 393 601 0(18511.00, 18511.00)
route 17, node_num 6, cost 407.652000, nodes: 0(120000.00, 120000.00) 431 484 525 500 0(90882.00, 90882.00)
route 18, node_num 8, cost 1479.464000, nodes: 0(120000.00, 120000.00) 549 309 421 537 498 237 0(14324.00, 14324.00)
route 19, node_num 8, cost 1144.192000, nodes: 0(120000.00, 120000.00) 475 565 56 42 576 288 0(38272.00, 38272.00)
route 20, node_num 8, cost 1586.172000, nodes: 0(120000.00, 120000.00) 487 142 302 455 413 452 0(6702.00, 6702.00)
route 21, node_num 8, cost 1552.628000, nodes: 0(120000.00, 120000.00) 441 582 440 439 424 290 0(9098.00, 9098.00)
route 22, node_num 9, cost 1690.094000, nodes: 0(120000.00, 120000.00) 472 156 99 679(60755.00, 61476.00) 414 598 72 0(0.00, 0.00)
route 23, node_num 8, cost 1841.882000, nodes: 0(120000.00, 120000.00) 378 240 53 141 125 625(12564.00, 24127.00) 0(0.00, 0.00)
route 24, node_num 6, cost 1601.348000, nodes: 0(120000.00, 120000.00) 361 473 128 316 0(5618.00, 5618.00)
route 25, node_num 9, cost 1712.788000, nodes: 0(120000.00, 120000.00) 432 61 463 28 595 398 647 671(34207.00, 36549.00) 0(0.00, 0.00)
route 26, node_num 7, cost 1353.800000, nodes: 0(120000.00, 120000.00) 535 140 567 18 494 0(23300.00, 23300.00)
route 27, node_num 9, cost 1262.016000, nodes: 0(120000.00, 120000.00) 189 375 15 218 367 527 65 0(29856.00, 29856.00)
route 28, node_num 9, cost 949.298000, nodes: 0(120000.00, 120000.00) 212 465 101 324 216 232 80 0(52193.00, 52193.00)
route 29, node_num 9, cost 1093.386000, nodes: 0(120000.00, 120000.00) 528 453 335 587 451 410 154 0(41901.00, 41901.00)
route 30, node_num 8, cost 1592.612000, nodes: 0(120000.00, 120000.00) 351 1 194 499 319 543 0(6242.00, 6242.00)
route 31, node_num 8, cost 1395.142000, nodes: 0(120000.00, 120000.00) 450 110 581 332 67 590 671 0(20347.00, 20347.00)
route 32, node_num 7, cost 913.752000, nodes: 0(120000.00, 120000.00) 594 399 184 169 382 0(54732.00, 54732.00)
route 33, node_num 7, cost 809.480000, nodes: 0(120000.00, 120000.00) 310 434 248 217 349 0(62180.00, 62180.00)
route 34, node_num 7, cost 585.116000, nodes: 0(120000.00, 120000.00) 555 397 52 464 396 0(78206.00, 78206.00)
route 35, node_num 9, cost 886.886000, nodes: 0(120000.00, 120000.00) 242 272 386 26 95 552 657 47 0(56651.00, 56651.00)
route 36, node_num 8, cost 1163.232000, nodes: 0(120000.00, 120000.00) 328 210 437 227 24 294 0(36912.00, 36912.00)
route 37, node_num 7, cost 680.218000, nodes: 0(120000.00, 120000.00) 76 249 556 459 147 0(71413.00, 71413.00)
route 38, node_num 9, cost 719.992000, nodes: 0(120000.00, 120000.00) 235 389 120 62 425 164 50 0(68572.00, 68572.00)
route 39, node_num 7, cost 761.838000, nodes: 0(120000.00, 120000.00) 173 69 447 317 195 0(65583.00, 65583.00)
route 40, node_num 8, cost 1628.760000, nodes: 0(120000.00, 120000.00) 10 493 377 387 471 78 0(3660.00, 3660.00)
route 41, node_num 10, cost 1556.142000, nodes: 0(120000.00, 120000.00) 612(72845.00, 72845.00) 88 129 405 385 655(50850.00, 50850.00) 476 619(32561.00, 32561.00) 0(8847.00, 8847.00)
route 42, node_num 6, cost 700.098000, nodes: 0(120000.00, 120000.00) 71 501 568 282 0(69993.00, 69993.00)
route 43, node_num 6, cost 685.146000, nodes: 0(120000.00, 120000.00) 230 34 136 246 651 0(71061.00, 71061.00)
route 44, node_num 8, cost 1010.940000, nodes: 0(120000.00, 120000.00) 502 482 96 91 422 374 0(47790.00, 47790.00)
route 45, node_num 6, cost 684.362000, nodes: 0(120000.00, 120000.00) 132 314 94 11 0(71117.00, 71117.00)
route 46, node_num 8, cost 1223.292000, nodes: 0(120000.00, 120000.00) 383 379 292 59 523 181 0(32622.00, 32622.00)
route 47, node_num 8, cost 1200.094000, nodes: 0(120000.00, 120000.00) 306 522 38 545 268 118 0(34279.00, 34279.00)
route 48, node_num 8, cost 605.934000, nodes: 0(120000.00, 120000.00) 315 599 287 32 239 111 0(76719.00, 76719.00)
route 49, node_num 8, cost 1282.302000, nodes: 0(120000.00, 120000.00) 225 108 43 145 253 419 0(28407.00, 28407.00)
route 50, node_num 6, cost 441.350000, nodes: 0(120000.00, 120000.00) 391 86 325 584 0(88475.00, 88475.00)
route 51, node_num 6, cost 920.332000, nodes: 0(120000.00, 120000.00) 233 262 17 454 0(54262.00, 54262.00)
route 52, node_num 7, cost 629.020000, nodes: 0(120000.00, 120000.00) 167 40 532 415 331 0(75070.00, 75070.00)
route 53, node_num 8, cost 1403.794000, nodes: 0(120000.00, 120000.00) 346 562 580 477 505 205 0(19729.00, 19729.00)
route 54, node_num 8, cost 966.336000, nodes: 0(120000.00, 120000.00) 480 406 433 178 579 371 0(50976.00, 50976.00)
route 55, node_num 8, cost 1540.686000, nodes: 0(120000.00, 120000.00) 261 392 29 564 73 207 0(9951.00, 9951.00)
route 56, node_num 7, cost 609.294000, nodes: 0(120000.00, 120000.00) 376 214 160 284 417 0(76479.00, 76479.00)
route 57, node_num 7, cost 805.658000, nodes: 0(120000.00, 120000.00) 357 496 197 636 220 403 0(62453.00, 62453.00)
route 58, node_num 7, cost 1460.508000, nodes: 0(120000.00, 120000.00) 368 303 358 384 161 0(15678.00, 15678.00)
route 59, node_num 7, cost 715.078000, nodes: 0(120000.00, 120000.00) 158 486 557 180 511 614 0(68923.00, 68923.00)
route 60, node_num 9, cost 811.454000, nodes: 0(120000.00, 120000.00) 311 146 182 449 491 106 428 0(62039.00, 62039.00)
route 61, node_num 6, cost 796.180000, nodes: 0(120000.00, 120000.00) 229 570 87 426 0(63130.00, 63130.00)
route 62, node_num 7, cost 999.558000, nodes: 0(120000.00, 120000.00) 157 131 503 254 4 0(48603.00, 48603.00)
route 63, node_num 7, cost 897.512000, nodes: 0(120000.00, 120000.00) 497 81 33 327 293 0(55892.00, 55892.00)
route 64, node_num 8, cost 1030.288000, nodes: 0(120000.00, 120000.00) 231 593 25 170 458 276 601 0(46408.00, 46408.00)
route 65, node_num 8, cost 963.956000, nodes: 0(120000.00, 120000.00) 255 416 148 299 7 462 0(51146.00, 51146.00)
route 66, node_num 8, cost 1354.640000, nodes: 0(120000.00, 120000.00) 70 162 271 49 143 423 685 0(23240.00, 23240.00)
route 67, node_num 7, cost 768.446000, nodes: 0(120000.00, 120000.00) 289 551 298 122 39 0(65111.00, 65111.00)
route 68, node_num 9, cost 1661.086000, nodes: 0(120000.00, 120000.00) 166 466 339 85 495 123 625(25478.00, 25478.00) 0(1351.00, 1351.00)
route 69, node_num 8, cost 1454.782000, nodes: 0(120000.00, 120000.00) 31 446 296 364 348 241 0(16087.00, 16087.00)
route 70, node_num 8, cost 890.078000, nodes: 0(120000.00, 120000.00) 460 401 541 115 561 448 0(56423.00, 56423.00)
route 71, node_num 7, cost 1240.218000, nodes: 0(120000.00, 120000.00) 277 300 266 507 215 0(31413.00, 31413.00)
route 72, node_num 8, cost 1163.806000, nodes: 0(120000.00, 120000.00) 468 45 174 402 13 381 0(36871.00, 36871.00)
route 73, node_num 7, cost 1084.944000, nodes: 0(120000.00, 120000.00) 492 278 313 171 228 601 0(42504.00, 42504.00)
route 74, node_num 7, cost 1159.704000, nodes: 0(120000.00, 120000.00) 409 408 27 55 572 0(37164.00, 37164.00)
route 75, node_num 8, cost 1348.858000, nodes: 0(120000.00, 120000.00) 304 461 82 126 144 219 0(23653.00, 23653.00)
route 76, node_num 5, cost 540.022000, nodes: 0(120000.00, 120000.00) 529 540 270 0(81427.00, 81427.00)
route 77, node_num 9, cost 1057.868000, nodes: 0(120000.00, 120000.00) 135 365 438 30 119 443 536 0(44438.00, 44438.00)
route 78, node_num 8, cost 923.244000, nodes: 0(120000.00, 120000.00) 201 350 531 175 234 329 0(54054.00, 54054.00)
route 79, node_num 6, cost 739.662000, nodes: 0(120000.00, 120000.00) 390 199 681 258 490 0(67167.00, 67167.00)
route 80, node_num 7, cost 1675.702000, nodes: 0(120000.00, 120000.00) 14 159 436 112 23 0(307.00, 307.00)
route 81, node_num 7, cost 470.848000, nodes: 0(120000.00, 120000.00) 481 362 204 418 544 0(86368.00, 86368.00)
route 82, node_num 7, cost 841.470000, nodes: 0(120000.00, 120000.00) 400 337 130 578 510 0(59895.00, 59895.00)
route 83, node_num 7, cost 959.224000, nodes: 0(120000.00, 120000.00) 322 41 191 520 188 0(51484.00, 51484.00)
route 84, node_num 6, cost 831.334000, nodes: 0(120000.00, 120000.00) 412 366 35 93 0(60619.00, 60619.00)
route 85, node_num 7, cost 744.016000, nodes: 0(120000.00, 120000.00) 373 250 513 74 134 0(66856.00, 66856.00)
route 86, node_num 8, cost 987.448000, nodes: 0(120000.00, 120000.00) 430 273 345 444 12 420 0(49468.00, 49468.00)
route 87, node_num 7, cost 1457.400000, nodes: 0(120000.00, 120000.00) 363 247 518 97 193 0(15900.00, 15900.00)
route 88, node_num 4, cost 211.918000, nodes: 0(120000.00, 120000.00) 479 46 0(104863.00, 104863.00)
route 89, node_num 7, cost 1442.728000, nodes: 0(120000.00, 120000.00) 79 117 370 275 600 0(16948.00, 16948.00)
route 90, node_num 8, cost 1327.914000, nodes: 0(120000.00, 120000.00) 516 429 58 478 467 519 0(25149.00, 25149.00)
route 91, node_num 8, cost 408.870000, nodes: 0(120000.00, 120000.00) 222 279 558 485 124 226 0(90795.00, 90795.00)
route 92, node_num 7, cost 1493.478000, nodes: 0(120000.00, 120000.00) 526 102 8 116 560 667 0(13323.00, 13323.00)
route 93, node_num 8, cost 1893.542000, nodes: 0(120000.00, 120000.00) 660(66386.00, 98386.00) 597 213 6 107 690 308 0(16747.00, 16747.00)
route 94, node_num 8, cost 671.650000, nodes: 0(120000.00, 120000.00) 542 190 312 211 539 575 0(72025.00, 72025.00)
route 95, node_num 9, cost 1761.970000, nodes: 0(120000.00, 120000.00) 533 605(53195.00, 59050.00) 200 113 3 264 252 0(0.00, 0.00)
route 96, node_num 9, cost 823.130000, nodes: 0(120000.00, 120000.00) 489 320 291 121 341 198 352 0(61205.00, 61205.00)
route 97, node_num 8, cost 1030.442000, nodes: 0(120000.00, 120000.00) 504 176 347 547 68 343 0(46397.00, 46397.00)
route 98, node_num 6, cost 648.928000, nodes: 0(120000.00, 120000.00) 411 280 508 395 0(73648.00, 73648.00)
route 99, node_num 8, cost 1388.156000, nodes: 0(120000.00, 120000.00) 285 251 521 66 573 105 0(20846.00, 20846.00)
route 100, node_num 7, cost 747.838000, nodes: 0(120000.00, 120000.00) 83 546 512 559 2 0(66583.00, 66583.00)
route 101, node_num 7, cost 1087.394000, nodes: 0(120000.00, 120000.00) 591 380 353 221 155 0(42329.00, 42329.00)
route 102, node_num 8, cost 724.906000, nodes: 0(120000.00, 120000.00) 355 209 286 550 620 470 589 0(68221.00, 68221.00)
route 103, node_num 7, cost 721.238000, nodes: 0(120000.00, 120000.00) 566 388 427 488 336 0(68483.00, 68483.00)
route 104, node_num 7, cost 1409.478000, nodes: 0(120000.00, 120000.00) 138 243 359 404 186 640 0(19323.00, 19323.00)
route 105, node_num 8, cost 1553.356000, nodes: 0(120000.00, 120000.00) 185 104 151 202 172 517 0(9046.00, 9046.00)
route 106, node_num 7, cost 952.028000, nodes: 0(120000.00, 120000.00) 57 588 163 301 20 0(51998.00, 51998.00)
route 107, node_num 5, cost 462.308000, nodes: 0(120000.00, 120000.00) 514 44 321 0(86978.00, 86978.00)
route 108, node_num 6, cost 342.230000, nodes: 0(120000.00, 120000.00) 554 263 179 344 0(95555.00, 95555.00)
route 109, node_num 5, cost 164.598000, nodes: 0(120000.00, 120000.00) 265 372 333 0(108243.00, 108243.00)
route 110, node_num 7, cost 926.856000, nodes: 0(120000.00, 120000.00) 326 90 574 36 338 0(53796.00, 53796.00)
route 111, node_num 8, cost 1294.720000, nodes: 0(120000.00, 120000.00) 592 224 100 64 60 203 671 0(27520.00, 27520.00)
vehicle (route) number: 112
Total cost: 154336.98
155450.74, 10122.87
154336.98, 10471.04
154545.26, 9807.11
156477.56, 9098.73
156557.85, 9970.83
154724.56, 9462.56
155164.88, 9051.17
155616.74, 9529.26
155946.99, 9291.35
154993.45, 9301.04
