Details of the solution:
route 0, node_num 8, cost 631.414000, nodes: 0(120000.00, 120000.00) 612 450 359 374 266 65 7 0(74899.00, 74899.00)
route 1, node_num 7, cost 365.372000, nodes: 0(120000.00, 120000.00) 628 540 212 569 566 14 0(93902.00, 93902.00)
route 2, node_num 9, cost 631.232000, nodes: 0(120000.00, 120000.00) 633 342 206 314 46 324 633 295 633 221 691 0(74912.00, 74912.00)
route 3, node_num 8, cost 622.356000, nodes: 0(120000.00, 120000.00) 628 61 587 174 697 381 458 638 70 638 0(75546.00, 75546.00)
route 4, node_num 7, cost 391.244000, nodes: 0(120000.00, 120000.00) 311 57 201 455 347 0(92054.00, 92054.00)
route 5, node_num 7, cost 213.598000, nodes: 0(120000.00, 120000.00) 277 315 612 484 111 604 286 0(104743.00, 104743.00)
route 6, node_num 7, cost 729.988000, nodes: 0(120000.00, 120000.00) 633 338 691 608 375 88 459 488 0(67858.00, 67858.00)
route 7, node_num 5, cost 209.482000, nodes: 0(120000.00, 120000.00) 327 138 467 0(105037.00, 105037.00)
route 8, node_num 9, cost 746.760000, nodes: 0(120000.00, 120000.00) 343 658 508 585 544 268 123 336 691 0(66660.00, 66660.00)
route 9, node_num 8, cost 518.392000, nodes: 0(120000.00, 120000.00) 153 563 93 679 658 124 290 613 509 0(82972.00, 82972.00)
route 10, node_num 8, cost 799.274000, nodes: 0(120000.00, 120000.00) 628 249 261 613 175 341 147 643 384 643 0(62909.00, 62909.00)
route 11, node_num 8, cost 789.712000, nodes: 0(120000.00, 120000.00) 633 280 403 630 178 515 572 42 691 0(63592.00, 63592.00)
route 12, node_num 8, cost 762.776000, nodes: 0(120000.00, 120000.00) 12 691 246 351 586 63 500 0(65516.00, 65516.00)
route 13, node_num 8, cost 768.208000, nodes: 0(120000.00, 120000.00) 627 579 23 357 638 512 697 354 297 627 0(65128.00, 65128.00)
route 14, node_num 8, cost 616.728000, nodes: 0(120000.00, 120000.00) 300 247 568 82 441 115 608 691 0(75948.00, 75948.00)
route 15, node_num 6, cost 542.066000, nodes: 0(120000.00, 120000.00) 154 142 398 462 0(81281.00, 81281.00)
route 16, node_num 8, cost 424.382000, nodes: 0(120000.00, 120000.00) 604 691 109 475 135 216 310 445 0(89687.00, 89687.00)
route 17, node_num 8, cost 779.898000, nodes: 0(120000.00, 120000.00) 628 140 326 621 538 72 156 270 627 0(64293.00, 64293.00)
route 18, node_num 9, cost 877.842000, nodes: 0(120000.00, 120000.00) 423 36 699 19 472 406 382 77 660 613 0(57297.00, 57297.00)
route 19, node_num 8, cost 969.682000, nodes: 0(120000.00, 120000.00) 604 532 218 645 335 671 367 50 479 688 611 613 0(50737.00, 50737.00)
route 20, node_num 8, cost 967.162000, nodes: 0(120000.00, 120000.00) 493 636 103 446 68 287 482 0(50917.00, 50917.00)
route 21, node_num 8, cost 1200.108000, nodes: 0(120000.00, 120000.00) 648 561 564 557 352 436 507 0(34278.00, 34278.00)
route 22, node_num 8, cost 1222.984000, nodes: 0(120000.00, 120000.00) 625 353 693 671 366 242 524 421 653 267 616 625 699 679 0(32644.00, 32644.00)
route 23, node_num 8, cost 1410.752000, nodes: 0(120000.00, 120000.00) 294 224 470 412 622 220 597 0(19232.00, 19232.00)
route 24, node_num 8, cost 1094.100000, nodes: 0(120000.00, 120000.00) 612 679 254 18 307 166 376 122 660 613 0(41850.00, 41850.00)
route 25, node_num 9, cost 1017.646000, nodes: 0(120000.00, 120000.00) 549 396 489 40 152 486 523 699 679 0(47311.00, 47311.00)
route 26, node_num 8, cost 807.100000, nodes: 0(120000.00, 120000.00) 633 669 518 64 53 227 119 130 655 633 0(62350.00, 62350.00)
route 27, node_num 8, cost 1041.348000, nodes: 0(120000.00, 120000.00) 625 164 688 371 190 345 626 320 161 626 695 611 613 0(45618.00, 45618.00)
route 28, node_num 8, cost 833.196000, nodes: 0(120000.00, 120000.00) 306 521 679 548 240 664 192 660 531 660 613 0(60486.00, 60486.00)
route 29, node_num 8, cost 893.802000, nodes: 0(120000.00, 120000.00) 625 108 102 413 255 9 654 360 691 0(56157.00, 56157.00)
route 30, node_num 9, cost 1056.930000, nodes: 0(120000.00, 120000.00) 464 3 237 626 388 74 184 534 645 611 613 0(44505.00, 44505.00)
route 31, node_num 8, cost 842.310000, nodes: 0(120000.00, 120000.00) 625 404 611 419 481 171 361 346 691 0(59835.00, 59835.00)
route 32, node_num 7, cost 660.842000, nodes: 0(120000.00, 120000.00) 612 21 296 312 679 241 451 0(72797.00, 72797.00)
route 33, node_num 8, cost 1387.904000, nodes: 0(120000.00, 120000.00) 673 620 222 442 96 602 15 373 432 609 620 673 613 0(20864.00, 20864.00)
route 34, node_num 8, cost 1313.130000, nodes: 0(120000.00, 120000.00) 191 179 231 511 47 116 698 645 611 613 0(26205.00, 26205.00)
route 35, node_num 8, cost 1533.350000, nodes: 0(120000.00, 120000.00) 673 620 389 602 107 186 369 466 214 602 609 620 673 613 0(10475.00, 10475.00)
route 36, node_num 11, cost 1588.748000, nodes: 0(120000.00, 120000.00) 630 601 659 674 603 160 202 452 644 32 670(60944.00, 60944.00) 426 666(50763.00, 50763.00) 279 643(23035.00, 23035.00) 0(6518.00, 6518.00)
route 37, node_num 8, cost 1309.042000, nodes: 0(120000.00, 120000.00) 630 601 659 536 386 567 69 603 631 97 239 700 609 620 673 613 0(26497.00, 26497.00)
route 38, node_num 8, cost 1402.114000, nodes: 0(120000.00, 120000.00) 630 643 687 556 16 598 120 151 252 629 613 0(19849.00, 19849.00)
route 39, node_num 8, cost 1351.882000, nodes: 0(120000.00, 120000.00) 630 643 609 273 603 260 520 337 331 52 609 620 673 613 0(23437.00, 23437.00)
route 40, node_num 11, cost 1701.742000, nodes: 0(120000.00, 120000.00) 630 607 678(75834.00, 75834.00) 591 429 223 663(56217.00, 56217.00) 408 610(51062.00, 51062.00) 308 614 689 619(23197.00, 24750.00) 0(0.00, 0.00)
route 41, node_num 11, cost 1798.958000, nodes: 0(120000.00, 120000.00) 629(89163.00, 89163.00) 666 233 670(64887.00, 64887.00) 99 618(58952.00, 58952.00) 663 546 610 476 134 614 689(21006.00, 29503.00) 619 0(0.00, 0.00)
route 42, node_num 8, cost 1585.878000, nodes: 0(120000.00, 120000.00) 630 601 659 674 79 181 281 474 588 592 657 674 659 620 673 613 0(6723.00, 6723.00)
route 43, node_num 8, cost 1407.462000, nodes: 0(120000.00, 120000.00) 630 601 659 674 318 550 84 594 269 674 659 448 620 673 613 0(19467.00, 19467.00)
route 44, node_num 8, cost 1509.606000, nodes: 0(120000.00, 120000.00) 630 601 659 674 499 185 285 395 197 80 662 631 682 620 673 613 0(12171.00, 12171.00)
route 45, node_num 10, cost 1720.460000, nodes: 0(120000.00, 120000.00) 629(89163.00, 113163.00) 631 348 666(95771.00, 115771.00) 644 418 543 356 519 684 651 608(56812.00, 56812.00) 691 0(41110.00, 41110.00)
route 46, node_num 9, cost 1869.336000, nodes: 0(120000.00, 120000.00) 629(89163.00, 120000.00) 666 644 378 162 291 562 209 634 651(48601.00, 48601.00) 613 0(17313.00, 17313.00)
route 47, node_num 9, cost 1773.114000, nodes: 0(120000.00, 120000.00) 630 601 659 674 657 646(67173.00, 67173.00) 149 176 590 215 45 663 689(22852.00, 29503.00) 619 0(0.00, 0.00)
route 48, node_num 9, cost 1817.298000, nodes: 0(120000.00, 120000.00) 629(89163.00, 89163.00) 666 368 431 460 670 316 483 684 651 608(5895.00, 15702.00) 691 0(0.00, 0.00)
route 49, node_num 9, cost 1792.742000, nodes: 0(120000.00, 120000.00) 630 601 659 674 657 646 83 125 26 329 29 33 618 619(16697.00, 24750.00) 0(0.00, 0.00)
route 50, node_num 11, cost 1826.062000, nodes: 0(120000.00, 120000.00) 629(89163.00, 89163.00) 662 646 502 641(58662.00, 58662.00) 128 355 525 647(45879.00, 45879.00) 646 555 629 608(5269.00, 15702.00) 691 0(0.00, 0.00)
route 51, node_num 8, cost 1497.468000, nodes: 0(120000.00, 120000.00) 625 653 635 180 498 245 668 141 600 428 652 660 613 0(13038.00, 13038.00)
route 52, node_num 8, cost 1415.974000, nodes: 0(120000.00, 120000.00) 625 542 580 90 73 377 584 652 660 613 0(18859.00, 18859.00)
route 53, node_num 8, cost 1567.034000, nodes: 0(120000.00, 120000.00) 625 11 163 582 440 617 67 477 616 625 699 679 0(8069.00, 8069.00)
route 54, node_num 8, cost 1398.712000, nodes: 0(120000.00, 120000.00) 632 513 51 639 66 492 219 454 656 679 0(20092.00, 20092.00)
route 55, node_num 7, cost 1477.014000, nodes: 0(120000.00, 120000.00) 289 167 293 478 622 358 0(14499.00, 14499.00)
route 56, node_num 7, cost 1201.466000, nodes: 0(120000.00, 120000.00) 506 409 393 150 690 288 671 688 611 613 0(34181.00, 34181.00)
route 57, node_num 8, cost 1530.396000, nodes: 0(120000.00, 120000.00) 547 480 668 230 437 668 194 158 664 699 679 0(10686.00, 10686.00)
route 58, node_num 8, cost 1346.982000, nodes: 0(120000.00, 120000.00) 625 444 334 284 235 114 576 616 625 699 679 0(23787.00, 23787.00)
route 59, node_num 8, cost 1290.842000, nodes: 0(120000.00, 120000.00) 625 533 319 232 183 571 407 623 664 699 679 0(27797.00, 27797.00)
route 60, node_num 8, cost 1426.502000, nodes: 0(120000.00, 120000.00) 625 537 148 100 402 589 657 144 671 688 611 613 0(18107.00, 18107.00)
route 61, node_num 8, cost 1407.980000, nodes: 0(120000.00, 120000.00) 625 653 635 157 155 461 274 200 250 693 672 0(19430.00, 19430.00)
route 62, node_num 8, cost 1641.080000, nodes: 0(120000.00, 120000.00) 625 653 635 420 553 309 78 322 463 692 616 625 699 679 0(2780.00, 2780.00)
route 63, node_num 8, cost 1177.064000, nodes: 0(120000.00, 120000.00) 630 601 468 490 332 447 10 626 55 660 613 0(35924.00, 35924.00)
route 64, node_num 7, cost 1672.496000, nodes: 0(120000.00, 120000.00) 630 601 659 674 606 330 145 238 365 526 634 606 674 659 620 673 613 0(536.00, 536.00)
route 65, node_num 9, cost 1748.460000, nodes: 0(120000.00, 120000.00) 625 688 577 433 177 43 244 92 650 606 608(10812.00, 15702.00) 691 0(0.00, 0.00)
route 66, node_num 9, cost 1895.404000, nodes: 0(120000.00, 120000.00) 630(107271.00, 107271.00) 643 683 424 41 292 427 642 118 650 606 608(316.00, 15702.00) 691 0(0.00, 0.00)
route 67, node_num 8, cost 1291.234000, nodes: 0(120000.00, 120000.00) 625 688 415 657 30 657 193 170 75 94 674 659 620 673 613 0(27769.00, 27769.00)
route 68, node_num 8, cost 1389.948000, nodes: 0(120000.00, 120000.00) 630 601 659 674 456 599 24 362 101 248 657 674 659 620 673 613 0(20718.00, 20718.00)
route 69, node_num 8, cost 947.688000, nodes: 0(120000.00, 120000.00) 630 608 195 110 465 187 405 37 655 633 0(52308.00, 52308.00)
route 70, node_num 8, cost 923.860000, nodes: 0(120000.00, 120000.00) 189 133 691 608 196 443 434 39 619 0(54010.00, 54010.00)
route 71, node_num 7, cost 1000.020000, nodes: 0(120000.00, 120000.00) 630 17 22 58 188 364 619 0(48570.00, 48570.00)
route 72, node_num 8, cost 1175.916000, nodes: 0(120000.00, 120000.00) 630 601 659 113 674 527 129 172 397 685 278 698 645 611 613 0(36006.00, 36006.00)
route 73, node_num 8, cost 903.084000, nodes: 0(120000.00, 120000.00) 630 643 213 416 169 491 203 217 643 0(55494.00, 55494.00)
route 74, node_num 8, cost 1013.558000, nodes: 0(120000.00, 120000.00) 469 643 565 683 535 272 27 457 699 679 0(47603.00, 47603.00)
route 75, node_num 9, cost 817.908000, nodes: 0(120000.00, 120000.00) 673 541 131 205 558 417 596 117 691 0(61578.00, 61578.00)
route 76, node_num 8, cost 1144.458000, nodes: 0(120000.00, 120000.00) 630 560 31 105 304 62 399 620 673 613 0(38253.00, 38253.00)
route 77, node_num 8, cost 1020.432000, nodes: 0(120000.00, 120000.00) 604 282 693 344 698 578 379 551 645 611 275 611 613 0(47112.00, 47112.00)
route 78, node_num 8, cost 938.196000, nodes: 0(120000.00, 120000.00) 630 643 317 313 504 2 210 333 633 0(52986.00, 52986.00)
route 79, node_num 8, cost 1068.816000, nodes: 0(120000.00, 120000.00) 228 620 385 682 34 165 522 391 643 0(43656.00, 43656.00)
route 80, node_num 8, cost 1014.244000, nodes: 0(120000.00, 120000.00) 673 620 81 126 4 501 6 645 473 0(47554.00, 47554.00)
route 81, node_num 7, cost 899.234000, nodes: 0(120000.00, 120000.00) 301 136 25 390 387 0(55769.00, 55769.00)
route 82, node_num 7, cost 901.712000, nodes: 0(120000.00, 120000.00) 38 328 234 44 380 620 673 613 0(55592.00, 55592.00)
route 83, node_num 9, cost 976.542000, nodes: 0(120000.00, 120000.00) 630 257 471 56 581 263 253 146 633 0(50247.00, 50247.00)
route 84, node_num 9, cost 938.112000, nodes: 0(120000.00, 120000.00) 545 98 595 299 410 687 414 575 673 613 0(52992.00, 52992.00)
route 85, node_num 8, cost 1075.088000, nodes: 0(120000.00, 120000.00) 630 643 430 609 127 87 503 71 35 620 673 613 0(43208.00, 43208.00)
route 86, node_num 8, cost 1086.288000, nodes: 0(120000.00, 120000.00) 630 608 619 8 262 298 422 207 363 619 0(42408.00, 42408.00)
route 87, node_num 8, cost 1306.354000, nodes: 0(120000.00, 120000.00) 633 570 619 505 497 539 259 323 624 655 633 0(26689.00, 26689.00)
route 88, node_num 8, cost 1388.310000, nodes: 0(120000.00, 120000.00) 630 453 574 208 552 59 615 675 349 689 619 0(20835.00, 20835.00)
route 89, node_num 8, cost 950.824000, nodes: 0(120000.00, 120000.00) 633 168 340 121 95 529 271 655 633 0(52084.00, 52084.00)
route 90, node_num 8, cost 1073.492000, nodes: 0(120000.00, 120000.00) 633 621 487 251 339 554 495 411 669 0(43322.00, 43322.00)
route 91, node_num 8, cost 1475.446000, nodes: 0(120000.00, 120000.00) 630 225 629 494 264 76 383 258 633 0(14611.00, 14611.00)
route 92, node_num 8, cost 1154.580000, nodes: 0(120000.00, 120000.00) 633 559 321 256 496 28 283 619 0(37530.00, 37530.00)
route 93, node_num 8, cost 1066.828000, nodes: 0(120000.00, 120000.00) 226 516 392 49 400 86 619 0(43798.00, 43798.00)
route 94, node_num 8, cost 1209.530000, nodes: 0(120000.00, 120000.00) 633 621 204 583 305 199 667 370 159 619 0(33605.00, 33605.00)
route 95, node_num 8, cost 1312.304000, nodes: 0(120000.00, 120000.00) 630 608 619 1 303 243 60 372 530 654 691 0(26264.00, 26264.00)
route 96, node_num 8, cost 1071.084000, nodes: 0(120000.00, 120000.00) 633 621 137 624 593 624 20 510 438 173 694 633 0(43494.00, 43494.00)
route 97, node_num 8, cost 1433.012000, nodes: 0(120000.00, 120000.00) 630 608 619 302 449 54 435 104 48 649 629 613 0(17642.00, 17642.00)
route 98, node_num 9, cost 1754.564000, nodes: 0(120000.00, 120000.00) 673 620 682 631 666 132 610 661 143 528 5 517 13 678 607(32098.00, 37424.00) 689 619 0(0.00, 0.00)
route 99, node_num 8, cost 1589.658000, nodes: 0(120000.00, 120000.00) 673 620 682 631 91 425 85 198 182 661 236 610 662 631 682 620 673 613 0(6453.00, 6453.00)
route 100, node_num 7, cost 1572.018000, nodes: 0(120000.00, 120000.00) 630 608 619 675 615 676 229 439 276 350 325 667 643 0(7713.00, 7713.00)
route 101, node_num 8, cost 1304.170000, nodes: 0(120000.00, 120000.00) 630 139 687 394 89 485 106 265 633 0(26845.00, 26845.00)
route 102, node_num 7, cost 1212.988000, nodes: 0(120000.00, 120000.00) 630 643 211 112 401 514 573 619 0(33358.00, 33358.00)
vehicle (route) number: 103
Total cost: 150123.89
151773.75, 9056.32
151772.02, 9109.74
150506.30, 9126.50
151670.76, 9040.66
150281.51, 9021.89
151094.73, 9051.65
150991.46, 9011.96
150123.89, 9019.80
150599.64, 9053.17
150943.17, 9001.77
