Details of the solution:
route 0, node_num 7, cost 860.944000, nodes: 0(120000.00, 120000.00) 44 693 341 552 528 13 659 693 0(58504.00, 58504.00)
route 1, node_num 8, cost 1637.678000, nodes: 0(120000.00, 120000.00) 692 632 698 78 578 549 69 575 640 493 632 692 0(3023.00, 3023.00)
route 2, node_num 7, cost 983.766000, nodes: 0(120000.00, 120000.00) 691 603 303 567 574 560 643 543 617 613 0(49731.00, 49731.00)
route 3, node_num 7, cost 1242.640000, nodes: 0(120000.00, 120000.00) 648 511 42 402 37 221 683 693 0(31240.00, 31240.00)
route 4, node_num 8, cost 1219.106000, nodes: 0(120000.00, 120000.00) 102 649 43 486 136 690 306 178 645 611 651 0(32921.00, 32921.00)
route 5, node_num 7, cost 1580.012000, nodes: 0(120000.00, 120000.00) 691 617 59 676 622 690 36 467 46 654 470 680 643 616 691 682 0(7142.00, 7142.00)
route 6, node_num 7, cost 1427.636000, nodes: 0(120000.00, 120000.00) 692 577 626 270 286 497 389 687 652 646 691 682 0(18026.00, 18026.00)
route 7, node_num 8, cost 1273.510000, nodes: 0(120000.00, 120000.00) 18 692 75 80 86 344 646 110 646 691 682 0(29035.00, 29035.00)
route 8, node_num 7, cost 970.396000, nodes: 0(120000.00, 120000.00) 633 689 616 269 210 319 209 258 689 633 0(50686.00, 50686.00)
route 9, node_num 9, cost 2071.510000, nodes: 0(120000.00, 120000.00) 691 617 676 622(84065.00, 84065.00) 662 406 22 504 432 496 688 609(7141.00, 35106.00) 616 691 682 0(0.00, 0.00)
route 10, node_num 7, cost 602.532000, nodes: 0(120000.00, 120000.00) 664 35 443 472 398 293 664 0(76962.00, 76962.00)
route 11, node_num 7, cost 1582.784000, nodes: 0(120000.00, 120000.00) 692 652 371 579 369 125 155 687 652 646 691 682 0(6944.00, 6944.00)
route 12, node_num 7, cost 844.606000, nodes: 0(120000.00, 120000.00) 535 436 297 597 145 683 693 0(59671.00, 59671.00)
route 13, node_num 6, cost 883.484000, nodes: 0(120000.00, 120000.00) 97 83 556 656 24 633 0(56894.00, 56894.00)
route 14, node_num 7, cost 1256.878000, nodes: 0(120000.00, 120000.00) 648 312 599 40 267 85 648 693 0(30223.00, 30223.00)
route 15, node_num 11, cost 1589.826000, nodes: 0(120000.00, 120000.00) 633(101822.00, 101822.00) 223 281 620(63970.00, 63970.00) 588 521 624(56459.00, 56459.00) 245 610 658(24480.00, 24480.00) 0(6441.00, 6441.00)
route 16, node_num 9, cost 1580.586000, nodes: 0(120000.00, 120000.00) 685(97648.00, 97648.00) 602 678 618 669 537 438 50 526 661 212 605(31175.00, 31175.00) 664 0(7101.00, 7101.00)
route 17, node_num 8, cost 737.982000, nodes: 0(120000.00, 120000.00) 185 140 562 51 591 450 674 664 0(67287.00, 67287.00)
route 18, node_num 8, cost 974.428000, nodes: 0(120000.00, 120000.00) 633 689 199 617 322 576 301 310 628 598 659 693 0(50398.00, 50398.00)
route 19, node_num 7, cost 1366.974000, nodes: 0(120000.00, 120000.00) 633 689 616 643 350 653 609 688 76 380 101 184 688 633 0(22359.00, 22359.00)
route 20, node_num 10, cost 1562.400000, nodes: 0(120000.00, 120000.00) 685(97648.00, 97648.00) 247 609(80034.00, 80034.00) 1 261 54 275 688 643(35035.00, 35035.00) 616 691 682 0(8400.00, 8400.00)
route 21, node_num 9, cost 1935.892000, nodes: 0(120000.00, 120000.00) 685(97648.00, 97648.00) 602 678 618 654 655 671 230 427 160 128 346 695(36416.00, 54694.00) 671 655 607 683 693 0(0.00, 0.00)
route 22, node_num 7, cost 1402.170000, nodes: 0(120000.00, 120000.00) 77 354 485 19 618 559 678 602 659 693 0(19845.00, 19845.00)
route 23, node_num 8, cost 871.864000, nodes: 0(120000.00, 120000.00) 17 658 360 107 424 271 135 633 0(57724.00, 57724.00)
route 24, node_num 8, cost 786.352000, nodes: 0(120000.00, 120000.00) 498 619 284 656 68 347 403 57 0(63832.00, 63832.00)
route 25, node_num 6, cost 589.792000, nodes: 0(120000.00, 120000.00) 228 283 613 388 570 0(77872.00, 77872.00)
route 26, node_num 7, cost 1477.490000, nodes: 0(120000.00, 120000.00) 105 173 115 331 555 683 693 0(14465.00, 14465.00)
route 27, node_num 8, cost 1091.902000, nodes: 0(120000.00, 120000.00) 691 681 64 356 146 387 409 433 633 0(42007.00, 42007.00)
route 28, node_num 8, cost 959.574000, nodes: 0(120000.00, 120000.00) 260 394 285 665 324 34 656 243 0(51459.00, 51459.00)
route 29, node_num 6, cost 576.366000, nodes: 0(120000.00, 120000.00) 580 4 348 164 0(78831.00, 78831.00)
route 30, node_num 8, cost 1228.738000, nodes: 0(120000.00, 120000.00) 691 617 676 622 139 190 127 5 378 601 41 604 616 691 682 0(32233.00, 32233.00)
route 31, node_num 7, cost 579.810000, nodes: 0(120000.00, 120000.00) 623 219 165 573 337 47 0(78585.00, 78585.00)
route 32, node_num 7, cost 1556.016000, nodes: 0(120000.00, 120000.00) 138 678 607 523 277 141 410 655 607 683 693 0(8856.00, 8856.00)
route 33, node_num 8, cost 1150.142000, nodes: 0(120000.00, 120000.00) 445 611 151 604 131 513 370 604 545 676 616 691 682 0(37847.00, 37847.00)
route 34, node_num 8, cost 1330.826000, nodes: 0(120000.00, 120000.00) 542 613 633 691 193 606 188 621 437 621 466 232 652 646 691 682 0(24941.00, 24941.00)
route 35, node_num 8, cost 1341.144000, nodes: 0(120000.00, 120000.00) 692 376 177 452 172 327 626 254 658 0(24204.00, 24204.00)
route 36, node_num 7, cost 464.548000, nodes: 0(120000.00, 120000.00) 294 88 367 637 240 442 0(86818.00, 86818.00)
route 37, node_num 9, cost 1795.164000, nodes: 0(120000.00, 120000.00) 255 561 302 695 503 635 690(26392.00, 26392.00) 278 642 602 613(2863.00, 11089.00) 0(0.00, 0.00)
route 38, node_num 7, cost 1249.780000, nodes: 0(120000.00, 120000.00) 648 305 6 137 564 508 659 693 0(30730.00, 30730.00)
route 39, node_num 9, cost 559.118000, nodes: 0(120000.00, 120000.00) 333 516 183 93 231 666 195 81 666 0(80063.00, 80063.00)
route 40, node_num 8, cost 1476.958000, nodes: 0(120000.00, 120000.00) 633 689 616 274 609 176 447 202 639 163 381 684 601 643 616 691 682 0(14503.00, 14503.00)
route 41, node_num 7, cost 1189.720000, nodes: 0(120000.00, 120000.00) 674 38 611 604 133 25 604 299 628 198 602 659 693 0(35020.00, 35020.00)
route 42, node_num 7, cost 469.448000, nodes: 0(120000.00, 120000.00) 31 664 288 664 279 39 359 0(86468.00, 86468.00)
route 43, node_num 8, cost 1004.892000, nodes: 0(120000.00, 120000.00) 613 696 158 689 616 8 676 300 544 10 676 617 384 0(48222.00, 48222.00)
route 44, node_num 8, cost 1641.528000, nodes: 0(120000.00, 120000.00) 692 652 238 650 352 250 33 401 325 643 616 691 682 0(2748.00, 2748.00)
route 45, node_num 8, cost 1059.954000, nodes: 0(120000.00, 120000.00) 205 674 693 663 355 321 175 63 648 171 659 693 0(44289.00, 44289.00)
route 46, node_num 6, cost 767.704000, nodes: 0(120000.00, 120000.00) 439 130 72 273 638 0(65164.00, 65164.00)
route 47, node_num 8, cost 1349.572000, nodes: 0(120000.00, 120000.00) 691 617 676 622 520 690 259 53 99 292 654 482 683 693 0(23602.00, 23602.00)
route 48, node_num 7, cost 1523.452000, nodes: 0(120000.00, 120000.00) 692 626 52 14 634 169 652 170 316 686 0(11182.00, 11182.00)
route 49, node_num 7, cost 1581.314000, nodes: 0(120000.00, 120000.00) 633 689 616 643 601 584 27 639 116 343 688 252 609 616 691 682 0(7049.00, 7049.00)
route 50, node_num 10, cost 1648.668000, nodes: 0(120000.00, 120000.00) 692 632 698 449 395 640(61175.00, 61175.00) 596 441 625(50047.00, 50047.00) 84 681(25350.00, 25350.00) 0(2238.00, 2238.00)
route 51, node_num 8, cost 995.218000, nodes: 0(120000.00, 120000.00) 290 693 320 366 295 29 353 683 693 0(48913.00, 48913.00)
route 52, node_num 9, cost 1665.678000, nodes: 0(120000.00, 120000.00) 685(97648.00, 97648.00) 602 678 618 654 413 330 423 421 118 695 248 695 671 655 607 683 693 0(1023.00, 1023.00)
route 53, node_num 10, cost 1766.408000, nodes: 0(120000.00, 120000.00) 685(97648.00, 120000.00) 602 678 618 675 399 654(96160.00, 96160.00) 404 3 308 11 650(65674.00, 65674.00) 607 683 693 0(16180.00, 16180.00)
route 54, node_num 8, cost 1119.202000, nodes: 0(120000.00, 120000.00) 62 265 692 554 251 541 266 691 682 0(40057.00, 40057.00)
route 55, node_num 7, cost 1530.424000, nodes: 0(120000.00, 120000.00) 669 429 655 494 446 655 390 635 655 475 607 683 693 0(10684.00, 10684.00)
route 56, node_num 8, cost 1307.810000, nodes: 0(120000.00, 120000.00) 691 617 676 622 690 362 218 340 680 531 684 512 431 676 616 691 682 0(26585.00, 26585.00)
route 57, node_num 8, cost 1255.338000, nodes: 0(120000.00, 120000.00) 58 611 149 636 154 21 229 257 636 643 616 691 682 0(30333.00, 30333.00)
route 58, node_num 8, cost 856.660000, nodes: 0(120000.00, 120000.00) 586 533 268 417 587 689 323 0(58810.00, 58810.00)
route 59, node_num 9, cost 1738.884000, nodes: 0(120000.00, 120000.00) 685(97648.00, 97648.00) 484 509 538 111 608 391 636(29063.00, 33269.00) 643 616 691 682 0(0.00, 0.00)
route 60, node_num 8, cost 1326.080000, nodes: 0(120000.00, 120000.00) 692 631 419 9 614 502 66 214 631 665 572 665 0(25280.00, 25280.00)
route 61, node_num 11, cost 1888.432000, nodes: 0(120000.00, 120000.00) 691 681(92093.00, 108093.00) 652 634 168 687(84674.00, 84674.00) 373 16 201 662(63654.00, 63654.00) 519 608 611 651(15167.00, 15167.00) 0(1112.00, 1112.00)
route 62, node_num 9, cost 488.698000, nodes: 0(120000.00, 120000.00) 23 317 204 465 361 311 408 666 0(85093.00, 85093.00)
route 63, node_num 8, cost 2113.566000, nodes: 0(120000.00, 120000.00) 633 611 117 592 673 456 563 49 688 609(4137.00, 35106.00) 616 691 682 0(0.00, 0.00)
route 64, node_num 8, cost 1854.832000, nodes: 0(120000.00, 120000.00) 691 681(92093.00, 92093.00) 407 455 630 547 668 444 621 652 646 603(9711.00, 22199.00) 658 0(0.00, 0.00)
route 65, node_num 9, cost 1766.590000, nodes: 0(120000.00, 120000.00) 685(97648.00, 101648.00) 628 627 680 336 326 207 548 249 650(47309.00, 49494.00) 607 683 693 0(0.00, 0.00)
route 66, node_num 7, cost 1098.818000, nodes: 0(120000.00, 120000.00) 633 689 616 98 643 412 159 329 244 628 638 0(41513.00, 41513.00)
route 67, node_num 8, cost 1438.206000, nodes: 0(120000.00, 120000.00) 692 448 518 679 342 440 73 194 614 631 692 0(17271.00, 17271.00)
route 68, node_num 11, cost 1753.402000, nodes: 0(120000.00, 120000.00) 685(97648.00, 97648.00) 602 678 618 654 655 671 186 647(59732.00, 120000.00) 196 647(116706.00, 116706.00) 307 483 233 635 604 681(78137.00, 78137.00) 0(55025.00, 55025.00)
route 69, node_num 6, cost 994.728000, nodes: 0(120000.00, 120000.00) 692 428 162 490 681 15 658 0(48948.00, 48948.00)
route 70, node_num 8, cost 857.906000, nodes: 0(120000.00, 120000.00) 363 478 147 569 120 643 603 191 696 613 0(58721.00, 58721.00)
route 71, node_num 7, cost 535.444000, nodes: 0(120000.00, 120000.00) 613 256 129 100 644 479 200 0(81754.00, 81754.00)
route 72, node_num 9, cost 1728.300000, nodes: 0(120000.00, 120000.00) 669 672 405 357 280 358 583 60 671(45762.00, 49212.00) 655 607 683 693 0(0.00, 0.00)
route 73, node_num 7, cost 831.600000, nodes: 0(120000.00, 120000.00) 374 104 557 657 385 106 658 0(60600.00, 60600.00)
route 74, node_num 7, cost 1375.024000, nodes: 0(120000.00, 120000.00) 669 458 103 565 607 12 463 683 693 0(21784.00, 21784.00)
route 75, node_num 10, cost 1625.820000, nodes: 0(120000.00, 120000.00) 685(97648.00, 97648.00) 628 627 680 582 608(61848.00, 61848.00) 264 481 241 608 514 604(36377.00, 36377.00) 616 691 682 0(3870.00, 3870.00)
route 76, node_num 8, cost 675.402000, nodes: 0(120000.00, 120000.00) 623 262 144 451 215 242 180 0(71757.00, 71757.00)
route 77, node_num 7, cost 1033.382000, nodes: 0(120000.00, 120000.00) 691 225 550 335 594 517 633 0(46187.00, 46187.00)
route 78, node_num 9, cost 1661.576000, nodes: 0(120000.00, 120000.00) 685(97648.00, 97648.00) 602 422 148 304 414 222 608 611 651(15371.00, 15371.00) 0(1316.00, 1316.00)
route 79, node_num 8, cost 1293.628000, nodes: 0(120000.00, 120000.00) 692 646 192 174 609 253 653 345 2 28 643 616 691 682 0(27598.00, 27598.00)
route 80, node_num 7, cost 827.960000, nodes: 0(120000.00, 120000.00) 691 471 418 208 681 383 681 434 691 682 0(60860.00, 60860.00)
route 81, node_num 11, cost 1681.806000, nodes: 0(120000.00, 120000.00) 589 613 633 691 603 652 634 621 677 70 314 687(64874.00, 64874.00) 318 476 668(55364.00, 55364.00) 581 677 606 681(22983.00, 23112.00) 0(0.00, 0.00)
route 82, node_num 9, cost 1928.864000, nodes: 0(120000.00, 120000.00) 685(97648.00, 97648.00) 628 627 608 568 426 187 453 527 662 639 636(15493.00, 33269.00) 643 616 691 682 0(0.00, 0.00)
route 83, node_num 8, cost 1817.760000, nodes: 0(120000.00, 120000.00) 691 681(92093.00, 120000.00) 607 650 641 506 525 272 505 650 607 683(33002.00, 33002.00) 693 0(18067.00, 18067.00)
route 84, node_num 9, cost 1586.522000, nodes: 0(120000.00, 120000.00) 600 672 246 157 672 87 669(50783.00, 50783.00) 416 605(30751.00, 30751.00) 664 0(6677.00, 6677.00)
route 85, node_num 7, cost 754.642000, nodes: 0(120000.00, 120000.00) 338 237 79 365 351 691 682 0(66097.00, 66097.00)
route 86, node_num 8, cost 719.096000, nodes: 0(120000.00, 120000.00) 613 696 20 206 298 546 121 32 0(68636.00, 68636.00)
route 87, node_num 8, cost 1444.996000, nodes: 0(120000.00, 120000.00) 657 386 420 82 239 688 296 688 474 601 643 616 691 682 0(16786.00, 16786.00)
route 88, node_num 8, cost 670.404000, nodes: 0(120000.00, 120000.00) 430 488 26 691 515 696 119 289 633 0(72114.00, 72114.00)
route 89, node_num 6, cost 904.176000, nodes: 0(120000.00, 120000.00) 674 123 571 224 605 593 664 0(55416.00, 55416.00)
route 90, node_num 8, cost 1478.792000, nodes: 0(120000.00, 120000.00) 692 480 282 698 56 167 112 435 679 692 0(14372.00, 14372.00)
route 91, node_num 8, cost 841.260000, nodes: 0(120000.00, 120000.00) 613 499 685 377 349 91 375 638 126 0(59910.00, 59910.00)
route 92, node_num 9, cost 459.522000, nodes: 0(120000.00, 120000.00) 473 291 460 522 96 667 501 48 0(87177.00, 87177.00)
route 93, node_num 7, cost 1294.706000, nodes: 0(120000.00, 120000.00) 657 469 665 339 530 462 396 629 0(27521.00, 27521.00)
route 94, node_num 8, cost 1061.088000, nodes: 0(120000.00, 120000.00) 691 645 372 114 454 627 67 536 611 685 182 638 0(44208.00, 44208.00)
route 95, node_num 8, cost 1702.624000, nodes: 0(120000.00, 120000.00) 685(97648.00, 105648.00) 602 678 618 122 655 635 650 287 276 650 539 659(22451.00, 22451.00) 693 0(6384.00, 6384.00)
route 96, node_num 7, cost 1124.368000, nodes: 0(120000.00, 120000.00) 633 216 189 400 686 156 646 313 691 682 0(39688.00, 39688.00)
route 97, node_num 7, cost 1533.140000, nodes: 0(120000.00, 120000.00) 669 675 132 315 411 94 382 655 607 683 693 0(10490.00, 10490.00)
route 98, node_num 8, cost 992.880000, nodes: 0(120000.00, 120000.00) 227 368 663 166 663 236 492 529 659 693 0(49080.00, 49080.00)
route 99, node_num 7, cost 977.270000, nodes: 0(120000.00, 120000.00) 197 234 328 645 379 235 659 693 0(50195.00, 50195.00)
route 100, node_num 7, cost 1337.840000, nodes: 0(120000.00, 120000.00) 691 617 676 510 609 332 590 684 211 217 684 601 643 616 691 682 0(24440.00, 24440.00)
route 101, node_num 8, cost 549.290000, nodes: 0(120000.00, 120000.00) 664 459 181 309 74 334 142 664 0(80765.00, 80765.00)
route 102, node_num 6, cost 1186.752000, nodes: 0(120000.00, 120000.00) 124 693 659 263 71 534 694 693 0(35232.00, 35232.00)
route 103, node_num 9, cost 1599.878000, nodes: 0(120000.00, 120000.00) 692 415 634 621 677 595 392 90 45 500 688 681(28835.00, 28835.00) 0(5723.00, 5723.00)
route 104, node_num 6, cost 506.730000, nodes: 0(120000.00, 120000.00) 558 551 491 7 0(83805.00, 83805.00)
route 105, node_num 7, cost 1392.916000, nodes: 0(120000.00, 120000.00) 613 540 692 143 61 179 109 632 692 0(20506.00, 20506.00)
route 106, node_num 8, cost 356.916000, nodes: 0(120000.00, 120000.00) 226 585 364 153 134 393 664 0(94506.00, 94506.00)
route 107, node_num 7, cost 1524.110000, nodes: 0(120000.00, 120000.00) 692 113 464 213 524 677 457 0(11135.00, 11135.00)
route 108, node_num 8, cost 291.508000, nodes: 0(120000.00, 120000.00) 461 220 89 425 489 507 0(99178.00, 99178.00)
route 109, node_num 9, cost 430.486000, nodes: 0(120000.00, 120000.00) 65 92 95 203 495 487 566 623 0(89251.00, 89251.00)
route 110, node_num 7, cost 395.920000, nodes: 0(120000.00, 120000.00) 477 468 150 161 532 0(91720.00, 91720.00)
route 111, node_num 8, cost 908.852000, nodes: 0(120000.00, 120000.00) 55 691 397 108 152 553 30 633 0(55082.00, 55082.00)
vehicle (route) number: 112
Total cost: 167369.71
170048.87, 9025.28
169517.32, 9099.50
170353.79, 9021.68
171153.37, 9371.63
169722.74, 10542.72
169096.69, 9441.18
168039.77, 9009.20
167369.71, 9012.47
168862.44, 9563.93
169227.21, 9425.29
