Details of the solution:
route 0, node_num 8, cost 1388.310000, nodes: 0(120000.00, 120000.00) 630 453 574 208 552 59 615 675 349 689 619 0(20835.00, 20835.00)
route 1, node_num 8, cost 1524.810000, nodes: 0(120000.00, 120000.00) 630 601 659 674 527 603 160 285 395 197 80 662 631 682 620 673 613 0(11085.00, 11085.00)
route 2, node_num 7, cost 970.088000, nodes: 0(120000.00, 120000.00) 549 396 557 352 486 0(50708.00, 50708.00)
route 3, node_num 11, cost 1711.682000, nodes: 0(120000.00, 120000.00) 630 601 659 674 79 181 452 644(61823.00, 61823.00) 32 670 316 605(51530.00, 51530.00) 588 634 606 608(13439.00, 15702.00) 691 0(0.00, 0.00)
route 4, node_num 8, cost 1287.538000, nodes: 0(120000.00, 120000.00) 625 319 334 232 183 571 407 623 664 699 679 0(28033.00, 28033.00)
route 5, node_num 8, cost 1775.802000, nodes: 0(120000.00, 120000.00) 630 601 659 674 603 368 431 460 215 45 663 689(22660.00, 29503.00) 619 0(0.00, 0.00)
route 6, node_num 7, cost 1438.150000, nodes: 0(120000.00, 120000.00) 632 513 51 639 66 492 478 623 664 699 679 0(17275.00, 17275.00)
route 7, node_num 8, cost 1484.686000, nodes: 0(120000.00, 120000.00) 630 225 629 449 54 435 308 678 372 633 0(13951.00, 13951.00)
route 8, node_num 8, cost 1243.550000, nodes: 0(120000.00, 120000.00) 191 401 243 60 258 530 654 691 0(31175.00, 31175.00)
route 9, node_num 9, cost 737.870000, nodes: 0(120000.00, 120000.00) 627 579 61 587 697 381 458 638 70 638 512 638 0(67295.00, 67295.00)
route 10, node_num 7, cost 336.266000, nodes: 0(120000.00, 120000.00) 189 109 135 216 445 0(95981.00, 95981.00)
route 11, node_num 7, cost 820.064000, nodes: 0(120000.00, 120000.00) 301 585 328 234 596 654 691 0(61424.00, 61424.00)
route 12, node_num 8, cost 1629.908000, nodes: 0(120000.00, 120000.00) 673 620 682 16 677 439 229 276 517 48 649 629 613 0(3578.00, 3578.00)
route 13, node_num 9, cost 1792.742000, nodes: 0(120000.00, 120000.00) 630 601 659 674 657 646 83 125 26 329 29 33 618 619(16697.00, 24750.00) 0(0.00, 0.00)
route 14, node_num 11, cost 1595.384000, nodes: 0(120000.00, 120000.00) 630 643(103499.00, 103499.00) 1 143 546 5 408 666(50289.00, 50289.00) 279 643(22561.00, 22561.00) 0(6044.00, 6044.00)
route 15, node_num 7, cost 1036.938000, nodes: 0(120000.00, 120000.00) 630 608 619 505 262 298 422 573 619 0(45933.00, 45933.00)
route 16, node_num 7, cost 1369.956000, nodes: 0(120000.00, 120000.00) 630 643 609 179 231 700 603 69 337 331 633 0(22146.00, 22146.00)
route 17, node_num 8, cost 1410.808000, nodes: 0(120000.00, 120000.00) 630 601 659 674 499 185 84 594 373 432 609 620 673 613 0(19228.00, 19228.00)
route 18, node_num 8, cost 1667.708000, nodes: 0(120000.00, 120000.00) 673 620 682 631 666 132 107 186 610 528 198 13 682 620 673 613 0(878.00, 878.00)
route 19, node_num 8, cost 858.592000, nodes: 0(120000.00, 120000.00) 604 691 475 246 351 586 63 271 655 633 0(58672.00, 58672.00)
route 20, node_num 7, cost 979.846000, nodes: 0(120000.00, 120000.00) 625 353 693 335 671 413 255 695 268 691 0(50011.00, 50011.00)
route 21, node_num 8, cost 1619.226000, nodes: 0(120000.00, 120000.00) 673 620 682 631 91 85 425 134 182 661 236 610 662 631 682 620 673 613 0(4341.00, 4341.00)
route 22, node_num 9, cost 670.880000, nodes: 0(120000.00, 120000.00) 633 342 206 314 46 324 354 297 627 0(72080.00, 72080.00)
route 23, node_num 8, cost 1636.404000, nodes: 0(120000.00, 120000.00) 630 601 659 674 657 145 418 543 474 526 592 657 674 659 620 673 613 0(3114.00, 3114.00)
route 24, node_num 8, cost 1073.828000, nodes: 0(120000.00, 120000.00) 673 620 81 127 87 503 71 35 620 673 613 0(43298.00, 43298.00)
route 25, node_num 8, cost 518.392000, nodes: 0(120000.00, 120000.00) 153 563 93 679 658 124 290 613 509 0(82972.00, 82972.00)
route 26, node_num 9, cost 1683.682000, nodes: 0(120000.00, 120000.00) 630 643 687(88725.00, 88988.00) 682 631 666 591 429 223 590 618 426 555 674 659 620 673 613 0(0.00, 0.00)
route 27, node_num 8, cost 1431.920000, nodes: 0(120000.00, 120000.00) 625 11 90 284 235 114 576 616 625 699 679 0(17720.00, 17720.00)
route 28, node_num 9, cost 1043.238000, nodes: 0(120000.00, 120000.00) 625 542 580 533 482 489 376 122 660 613 0(45483.00, 45483.00)
route 29, node_num 8, cost 1103.942000, nodes: 0(120000.00, 120000.00) 469 643 565 105 447 10 601 551 645 611 613 0(41147.00, 41147.00)
route 30, node_num 9, cost 1863.540000, nodes: 0(120000.00, 120000.00) 630 601 659 674 606 605 176 641 128 355 525 646(40534.00, 40534.00) 250 690 643(3407.00, 16517.00) 0(0.00, 0.00)
route 31, node_num 9, cost 770.826000, nodes: 0(120000.00, 120000.00) 111 604 375 88 53 227 187 37 655 633 0(64941.00, 64941.00)
route 32, node_num 8, cost 985.726000, nodes: 0(120000.00, 120000.00) 625 164 688 371 367 50 479 55 660 613 0(49591.00, 49591.00)
route 33, node_num 7, cost 1540.280000, nodes: 0(120000.00, 120000.00) 625 444 433 177 244 584 652 660 613 0(9980.00, 9980.00)
route 34, node_num 8, cost 1195.600000, nodes: 0(120000.00, 120000.00) 673 620 682 394 682 385 682 129 172 674 659 380 620 391 643 0(34600.00, 34600.00)
route 35, node_num 8, cost 1411.298000, nodes: 0(120000.00, 120000.00) 625 537 157 155 274 200 461 671 688 611 613 0(19193.00, 19193.00)
route 36, node_num 8, cost 539.420000, nodes: 0(120000.00, 120000.00) 300 247 568 82 441 295 633 0(81470.00, 81470.00)
route 37, node_num 7, cost 1391.656000, nodes: 0(120000.00, 120000.00) 625 653 635 180 163 377 150 690 288 671 688 611 613 0(20596.00, 20596.00)
route 38, node_num 8, cost 1052.954000, nodes: 0(120000.00, 120000.00) 604 282 693 481 3 4 410 687 299 620 673 613 0(44789.00, 44789.00)
route 39, node_num 8, cost 1048.880000, nodes: 0(120000.00, 120000.00) 630 608 619 8 321 256 496 28 500 0(45080.00, 45080.00)
route 40, node_num 8, cost 1104.320000, nodes: 0(120000.00, 120000.00) 633 339 251 554 20 510 221 691 0(41120.00, 41120.00)
route 41, node_num 9, cost 1734.096000, nodes: 0(120000.00, 120000.00) 630 651(88767.00, 120000.00) 609 330 41 292 209 356 684 651(58657.00, 58657.00) 613 0(27369.00, 27369.00)
route 42, node_num 7, cost 365.372000, nodes: 0(120000.00, 120000.00) 628 540 212 569 566 14 0(93902.00, 93902.00)
route 43, node_num 6, cost 293.888000, nodes: 0(120000.00, 120000.00) 311 57 201 462 0(99008.00, 99008.00)
route 44, node_num 10, cost 1709.428000, nodes: 0(120000.00, 120000.00) 423 660 498 43 92 427 642(56111.00, 56111.00) 118 650 606 608(13600.00, 15702.00) 691 0(0.00, 0.00)
route 45, node_num 8, cost 900.956000, nodes: 0(120000.00, 120000.00) 548 19 660 547 192 660 406 660 531 660 613 0(55646.00, 55646.00)
route 46, node_num 8, cost 1381.352000, nodes: 0(120000.00, 120000.00) 630 643 687 556 96 598 120 106 265 633 0(21332.00, 21332.00)
route 47, node_num 8, cost 1213.170000, nodes: 0(120000.00, 120000.00) 648 561 564 436 507 632 220 597 0(33345.00, 33345.00)
route 48, node_num 8, cost 1137.220000, nodes: 0(120000.00, 120000.00) 625 688 415 409 366 388 320 626 695 171 645 611 613 0(38770.00, 38770.00)
route 49, node_num 8, cost 942.690000, nodes: 0(120000.00, 120000.00) 628 249 261 613 178 196 203 217 643 0(52665.00, 52665.00)
route 50, node_num 8, cost 1331.484000, nodes: 0(120000.00, 120000.00) 630 601 659 674 30 657 24 193 362 269 674 659 448 620 673 613 0(24894.00, 24894.00)
route 51, node_num 8, cost 1383.088000, nodes: 0(120000.00, 120000.00) 630 601 468 100 589 101 248 657 674 659 278 698 645 611 613 0(21208.00, 21208.00)
route 52, node_num 9, cost 1118.586000, nodes: 0(120000.00, 120000.00) 633 559 583 305 204 495 411 323 624 655 633 0(40101.00, 40101.00)
route 53, node_num 7, cost 639.422000, nodes: 0(120000.00, 120000.00) 154 142 398 455 347 0(74327.00, 74327.00)
route 54, node_num 8, cost 1097.278000, nodes: 0(120000.00, 120000.00) 226 392 49 667 199 667 370 159 619 0(41623.00, 41623.00)
route 55, node_num 8, cost 1067.668000, nodes: 0(120000.00, 120000.00) 630 601 272 31 304 74 184 534 645 611 613 0(43738.00, 43738.00)
route 56, node_num 7, cost 1000.020000, nodes: 0(120000.00, 120000.00) 630 17 22 58 188 364 619 0(48570.00, 48570.00)
route 57, node_num 8, cost 1287.510000, nodes: 0(120000.00, 120000.00) 633 621 137 302 539 400 259 696 283 619 0(28035.00, 28035.00)
route 58, node_num 8, cost 1588.762000, nodes: 0(120000.00, 120000.00) 630 643 211 629 494 264 614 350 325 104 649 629 613 0(6517.00, 6517.00)
route 59, node_num 8, cost 1066.646000, nodes: 0(120000.00, 120000.00) 630 643 430 112 34 165 522 473 0(43811.00, 43811.00)
route 60, node_num 7, cost 853.916000, nodes: 0(120000.00, 120000.00) 630 608 195 110 465 390 387 0(59006.00, 59006.00)
route 61, node_num 7, cost 759.024000, nodes: 0(120000.00, 120000.00) 612 679 254 18 240 472 457 699 679 0(65784.00, 65784.00)
route 62, node_num 6, cost 391.734000, nodes: 0(120000.00, 120000.00) 633 338 133 12 484 0(92019.00, 92019.00)
route 63, node_num 8, cost 1090.726000, nodes: 0(120000.00, 120000.00) 625 108 102 601 560 126 47 116 698 645 611 613 0(42091.00, 42091.00)
route 64, node_num 8, cost 640.892000, nodes: 0(120000.00, 120000.00) 612 450 98 595 654 266 65 7 0(74222.00, 74222.00)
route 65, node_num 8, cost 763.224000, nodes: 0(120000.00, 120000.00) 633 570 326 621 538 459 655 119 655 310 0(65484.00, 65484.00)
route 66, node_num 8, cost 1286.292000, nodes: 0(120000.00, 120000.00) 673 620 389 222 442 239 97 575 673 613 0(28122.00, 28122.00)
route 67, node_num 8, cost 1147.622000, nodes: 0(120000.00, 120000.00) 612 636 36 699 307 166 446 421 653 267 616 625 699 679 0(38027.00, 38027.00)
route 68, node_num 6, cost 450.576000, nodes: 0(120000.00, 120000.00) 633 280 174 140 697 467 0(87816.00, 87816.00)
route 69, node_num 8, cost 1356.726000, nodes: 0(120000.00, 120000.00) 630 601 659 674 456 318 550 511 414 333 633 0(23091.00, 23091.00)
route 70, node_num 8, cost 1663.270000, nodes: 0(120000.00, 120000.00) 625 653 635 420 553 582 440 617 67 477 616 625 699 679 0(1195.00, 1195.00)
route 71, node_num 8, cost 990.164000, nodes: 0(120000.00, 120000.00) 343 658 404 611 620 139 2 210 643 42 691 0(49274.00, 49274.00)
route 72, node_num 8, cost 625.730000, nodes: 0(120000.00, 120000.00) 306 521 374 175 123 336 691 0(75305.00, 75305.00)
route 73, node_num 4, cost 42.812000, nodes: 0(120000.00, 120000.00) 327 286 0(116942.00, 116942.00)
route 74, node_num 8, cost 838.824000, nodes: 0(120000.00, 120000.00) 633 218 419 544 361 9 673 117 691 0(60084.00, 60084.00)
route 75, node_num 8, cost 908.376000, nodes: 0(120000.00, 120000.00) 633 168 340 121 95 529 405 0(55116.00, 55116.00)
route 76, node_num 8, cost 1304.800000, nodes: 0(120000.00, 120000.00) 625 688 577 393 242 73 524 144 671 688 611 613 0(26800.00, 26800.00)
route 77, node_num 7, cost 1654.618000, nodes: 0(120000.00, 120000.00) 673 620 682 631 666 233 670 99 369 466 252 629 613 0(1813.00, 1813.00)
route 78, node_num 8, cost 1356.950000, nodes: 0(120000.00, 120000.00) 630 643 609 273 603 260 520 170 75 94 674 659 620 673 613 0(23075.00, 23075.00)
route 79, node_num 8, cost 966.084000, nodes: 0(120000.00, 120000.00) 38 344 698 578 379 44 620 346 691 0(50994.00, 50994.00)
route 80, node_num 8, cost 1210.440000, nodes: 0(120000.00, 120000.00) 506 332 490 62 397 685 399 620 673 613 0(33540.00, 33540.00)
route 81, node_num 8, cost 1307.138000, nodes: 0(120000.00, 120000.00) 673 620 682 89 485 303 514 207 363 619 0(26633.00, 26633.00)
route 82, node_num 8, cost 1539.412000, nodes: 0(120000.00, 120000.00) 630 601 659 536 348 666 476 15 151 214 602 609 620 673 613 0(10042.00, 10042.00)
route 83, node_num 8, cost 693.700000, nodes: 0(120000.00, 120000.00) 464 359 341 643 115 515 488 0(70450.00, 70450.00)
route 84, node_num 7, cost 660.842000, nodes: 0(120000.00, 120000.00) 612 21 296 312 679 241 451 0(72797.00, 72797.00)
route 85, node_num 8, cost 889.700000, nodes: 0(120000.00, 120000.00) 277 315 612 630 403 619 443 434 39 619 0(56450.00, 56450.00)
route 86, node_num 9, cost 976.542000, nodes: 0(120000.00, 120000.00) 630 257 471 56 581 263 253 146 633 0(50247.00, 50247.00)
route 87, node_num 9, cost 981.428000, nodes: 0(120000.00, 120000.00) 493 636 103 287 68 152 40 656 523 699 679 0(49898.00, 49898.00)
route 88, node_num 8, cost 806.162000, nodes: 0(120000.00, 120000.00) 138 628 23 357 638 72 627 270 156 627 0(62417.00, 62417.00)
route 89, node_num 9, cost 1870.190000, nodes: 0(120000.00, 120000.00) 629(89163.00, 120000.00) 666 644 378 162 291 562 519 684 651 608(32954.00, 32954.00) 691 0(17252.00, 17252.00)
route 90, node_num 10, cost 1761.802000, nodes: 0(120000.00, 120000.00) 629(89163.00, 89163.00) 662 646 502 647(60769.00, 60769.00) 149 202 281 483 684 651 608(9859.00, 15702.00) 691 0(0.00, 0.00)
route 91, node_num 8, cost 1556.254000, nodes: 0(120000.00, 120000.00) 294 224 470 412 622 293 358 0(8839.00, 8839.00)
route 92, node_num 9, cost 1029.112000, nodes: 0(120000.00, 120000.00) 673 541 237 626 190 345 161 626 382 77 660 613 0(46492.00, 46492.00)
route 93, node_num 8, cost 1501.906000, nodes: 0(120000.00, 120000.00) 230 437 245 668 194 158 692 428 652 660 613 0(12721.00, 12721.00)
route 94, node_num 8, cost 894.054000, nodes: 0(120000.00, 120000.00) 604 532 131 205 558 620 501 6 643 0(56139.00, 56139.00)
route 95, node_num 8, cost 910.042000, nodes: 0(120000.00, 120000.00) 228 317 313 504 620 417 360 691 0(54997.00, 54997.00)
route 96, node_num 8, cost 796.166000, nodes: 0(120000.00, 120000.00) 545 508 136 25 643 147 643 384 643 0(63131.00, 63131.00)
route 97, node_num 8, cost 1363.250000, nodes: 0(120000.00, 120000.00) 633 621 487 696 516 667 497 607 76 383 86 619 0(22625.00, 22625.00)
route 98, node_num 8, cost 1479.968000, nodes: 0(120000.00, 120000.00) 630 601 659 674 657 148 599 238 365 402 52 609 620 673 613 0(14288.00, 14288.00)
route 99, node_num 8, cost 1019.410000, nodes: 0(120000.00, 120000.00) 633 669 518 64 694 593 438 173 130 655 633 0(47185.00, 47185.00)
route 100, node_num 8, cost 1130.836000, nodes: 0(120000.00, 120000.00) 630 601 659 113 674 386 567 535 27 611 275 611 613 0(39226.00, 39226.00)
route 101, node_num 8, cost 1393.196000, nodes: 0(120000.00, 120000.00) 289 167 141 600 219 454 656 679 0(20486.00, 20486.00)
route 102, node_num 7, cost 843.920000, nodes: 0(120000.00, 120000.00) 630 643 213 416 169 491 572 608 691 0(59720.00, 59720.00)
route 103, node_num 8, cost 1600.270000, nodes: 0(120000.00, 120000.00) 632 480 668 692 309 424 78 322 463 692 616 625 699 679 0(5695.00, 5695.00)
vehicle (route) number: 104
Total cost: 150513.45
151894.07, 11999.25
152029.95, 10831.76
151122.93, 10156.87
151929.10, 9205.21
150513.45, 9528.57
152077.67, 9107.54
152499.84, 9091.01
150680.02, 9146.53
151215.07, 9042.31
151577.77, 9427.52
