Details of the solution:
route 0, node_num 9, cost 502.460000, nodes: 0(120000.00, 120000.00) 23 615 767 465 361 311 408 866 0(84110.00, 84110.00)
route 1, node_num 6, cost 570.752000, nodes: 0(120000.00, 120000.00) 185 864 291 777 442 0(79232.00, 79232.00)
route 2, node_num 8, cost 431.144000, nodes: 0(120000.00, 120000.00) 900 707 656 204 867 501 636 900 39 0(89204.00, 89204.00)
route 3, node_num 8, cost 308.378000, nodes: 0(120000.00, 120000.00) 461 220 89 489 627 900 507 0(97973.00, 97973.00)
route 4, node_num 7, cost 984.788000, nodes: 0(120000.00, 120000.00) 823 219 394 285 865 324 856 243 0(49658.00, 49658.00)
route 5, node_num 9, cost 586.236000, nodes: 0(120000.00, 120000.00) 260 451 215 690 606 396 566 823 0(78126.00, 78126.00)
route 6, node_num 8, cost 423.094000, nodes: 0(120000.00, 120000.00) 65 92 150 203 495 692 0(89779.00, 89779.00)
route 7, node_num 8, cost 817.068000, nodes: 0(120000.00, 120000.00) 17 540 792 242 614 180 0(61638.00, 61638.00)
route 8, node_num 8, cost 539.658000, nodes: 0(120000.00, 120000.00) 823 262 95 573 570 487 721 0(81453.00, 81453.00)
route 9, node_num 9, cost 520.352000, nodes: 0(120000.00, 120000.00) 477 516 183 93 231 866 195 81 866 0(82832.00, 82832.00)
route 10, node_num 7, cost 517.622000, nodes: 0(120000.00, 120000.00) 498 551 491 7 532 0(83027.00, 83027.00)
route 11, node_num 9, cost 499.030000, nodes: 0(120000.00, 120000.00) 473 317 460 522 96 867 725 867 425 0(84355.00, 84355.00)
route 12, node_num 7, cost 830.200000, nodes: 0(120000.00, 120000.00) 857 611 83 556 856 795 161 0(60700.00, 60700.00)
route 13, node_num 8, cost 748.510000, nodes: 0(120000.00, 120000.00) 97 613 68 403 708 106 858 0(66535.00, 66535.00)
route 14, node_num 6, cost 295.596000, nodes: 0(120000.00, 120000.00) 226 580 279 359 0(98886.00, 98886.00)
route 15, node_num 7, cost 854.560000, nodes: 0(120000.00, 120000.00) 374 857 284 856 659 385 857 658 858 0(58960.00, 58960.00)
route 16, node_num 6, cost 429.506000, nodes: 0(120000.00, 120000.00) 468 558 388 609 0(89321.00, 89321.00)
route 17, node_num 7, cost 437.416000, nodes: 0(120000.00, 120000.00) 333 144 165 337 47 0(88756.00, 88756.00)
route 18, node_num 8, cost 474.824000, nodes: 0(120000.00, 120000.00) 294 88 367 718 751 837 48 0(86084.00, 86084.00)
route 19, node_num 7, cost 1446.116000, nodes: 0(120000.00, 120000.00) 892 826 52 270 676 457 821 686 833 0(16706.00, 16706.00)
route 20, node_num 9, cost 2009.812000, nodes: 0(120000.00, 120000.00) 891 881(92093.00, 100093.00) 806 371 868 672 453 49 602 888 881(7554.00, 23112.00) 0(0.00, 0.00)
route 21, node_num 7, cost 1193.458000, nodes: 0(120000.00, 120000.00) 18 833 891 193 806 113 213 806 673 833 0(34753.00, 34753.00)
route 22, node_num 8, cost 1320.004000, nodes: 0(120000.00, 120000.00) 833 889 816 843 350 853 612 786 500 184 743 833 0(25714.00, 25714.00)
route 23, node_num 8, cost 1278.018000, nodes: 0(120000.00, 120000.00) 892 846 724 420 82 888 604 409 433 833 0(28713.00, 28713.00)
route 24, node_num 9, cost 1787.338000, nodes: 0(120000.00, 120000.00) 891 881(92093.00, 120000.00) 852 834 168 314 887 667 730 527 862 839 836(53509.00, 53509.00) 843 816 891 882 0(20240.00, 20240.00)
route 25, node_num 8, cost 1419.936000, nodes: 0(120000.00, 120000.00) 589 813 833 891 803 806 464 14 524 666 581 877 852 846 891 882 0(18576.00, 18576.00)
route 26, node_num 7, cost 1560.412000, nodes: 0(120000.00, 120000.00) 892 852 834 821 484 728 654 706 45 821 852 846 891 882 0(8542.00, 8542.00)
route 27, node_num 8, cost 1416.450000, nodes: 0(120000.00, 120000.00) 892 756 579 286 497 389 887 675 833 0(18825.00, 18825.00)
route 28, node_num 10, cost 1571.794000, nodes: 0(120000.00, 120000.00) 892 733 824(67950.00, 67950.00) 223 588 521 824 760 746 898 856(27607.00, 27607.00) 0(7729.00, 7729.00)
route 29, node_num 9, cost 1742.580000, nodes: 0(120000.00, 120000.00) 892 577 826 812(65649.00, 65649.00) 650 547 868 318 476 812 825 886 858(13569.00, 18039.00) 0(0.00, 0.00)
route 30, node_num 7, cost 1257.494000, nodes: 0(120000.00, 120000.00) 892 775 169 852 633 156 846 313 891 882 0(30179.00, 30179.00)
route 31, node_num 7, cost 1372.952000, nodes: 0(120000.00, 120000.00) 833 889 816 269 853 809 757 76 380 101 888 833 0(21932.00, 21932.00)
route 32, node_num 7, cost 1676.178000, nodes: 0(120000.00, 120000.00) 892 852 834 821 877 509 373 16 201 444 888 833 0(273.00, 273.00)
route 33, node_num 9, cost 1730.680000, nodes: 0(120000.00, 120000.00) 891 881(92093.00, 92093.00) 407 455 720 830 812 657 812 825 766 826 881(19492.00, 23112.00) 0(0.00, 0.00)
route 34, node_num 7, cost 1633.576000, nodes: 0(120000.00, 120000.00) 892 852 834 821 877 70 369 663 825 125 155 887 852 846 891 882 0(3316.00, 3316.00)
route 35, node_num 8, cost 1393.420000, nodes: 0(120000.00, 120000.00) 892 415 188 671 437 821 466 232 852 846 891 882 0(20470.00, 20470.00)
route 36, node_num 7, cost 995.512000, nodes: 0(120000.00, 120000.00) 891 225 550 335 605 517 833 0(48892.00, 48892.00)
route 37, node_num 7, cost 456.442000, nodes: 0(120000.00, 120000.00) 662 443 744 472 398 864 0(87397.00, 87397.00)
route 38, node_num 7, cost 657.552000, nodes: 0(120000.00, 120000.00) 542 813 206 749 26 891 515 896 813 0(73032.00, 73032.00)
route 39, node_num 6, cost 361.438000, nodes: 0(120000.00, 120000.00) 631 717 293 240 0(94183.00, 94183.00)
route 40, node_num 8, cost 419.286000, nodes: 0(120000.00, 120000.00) 723 288 364 153 134 393 864 0(90051.00, 90051.00)
route 41, node_num 9, cost 652.148000, nodes: 0(120000.00, 120000.00) 687 586 533 695 629 323 384 0(73418.00, 73418.00)
route 42, node_num 6, cost 498.148000, nodes: 0(120000.00, 120000.00) 228 763 283 844 164 0(84418.00, 84418.00)
route 43, node_num 7, cost 486.276000, nodes: 0(120000.00, 120000.00) 864 459 181 309 790 142 864 0(85266.00, 85266.00)
route 44, node_num 7, cost 724.794000, nodes: 0(120000.00, 120000.00) 124 713 674 619 273 838 0(68229.00, 68229.00)
route 45, node_num 7, cost 742.812000, nodes: 0(120000.00, 120000.00) 338 237 79 635 646 0(66942.00, 66942.00)
route 46, node_num 7, cost 542.710000, nodes: 0(120000.00, 120000.00) 585 864 35 51 74 334 864 0(81235.00, 81235.00)
route 47, node_num 6, cost 774.480000, nodes: 0(120000.00, 120000.00) 430 488 891 24 677 833 0(64680.00, 64680.00)
route 48, node_num 8, cost 923.174000, nodes: 0(120000.00, 120000.00) 55 891 397 108 152 553 881 254 858 0(54059.00, 54059.00)
route 49, node_num 7, cost 821.184000, nodes: 0(120000.00, 120000.00) 891 471 418 208 490 881 15 858 0(61344.00, 61344.00)
route 50, node_num 8, cost 662.018000, nodes: 0(120000.00, 120000.00) 31 864 4 72 719 479 200 0(72713.00, 72713.00)
route 51, node_num 7, cost 751.408000, nodes: 0(120000.00, 120000.00) 439 130 745 562 591 864 0(66328.00, 66328.00)
route 52, node_num 8, cost 955.318000, nodes: 0(120000.00, 120000.00) 205 874 360 107 424 271 135 833 0(51763.00, 51763.00)
route 53, node_num 7, cost 551.012000, nodes: 0(120000.00, 120000.00) 813 729 129 100 844 32 119 813 0(80642.00, 80642.00)
route 54, node_num 8, cost 643.790000, nodes: 0(120000.00, 120000.00) 813 256 20 298 348 121 546 896 813 0(74015.00, 74015.00)
route 55, node_num 7, cost 840.154000, nodes: 0(120000.00, 120000.00) 813 896 158 365 268 639 817 543 817 813 0(59989.00, 59989.00)
route 56, node_num 7, cost 831.502000, nodes: 0(120000.00, 120000.00) 363 478 417 816 351 891 882 289 833 0(60607.00, 60607.00)
route 57, node_num 8, cost 1420.930000, nodes: 0(120000.00, 120000.00) 892 648 683 452 172 722 493 832 892 0(18505.00, 18505.00)
route 58, node_num 9, cost 1633.492000, nodes: 0(120000.00, 120000.00) 892 832 898 78 578 69 245 327 771 826 886 858(21361.00, 21361.00) 0(3322.00, 3322.00)
route 59, node_num 8, cost 1281.266000, nodes: 0(120000.00, 120000.00) 892 448 518 750 879 342 214 832 34 856 0(28481.00, 28481.00)
route 60, node_num 7, cost 1454.824000, nodes: 0(120000.00, 120000.00) 892 831 637 502 440 73 814 462 819 823 0(16084.00, 16084.00)
route 61, node_num 8, cost 1403.962000, nodes: 0(120000.00, 120000.00) 833 189 886 679 776 770 170 316 886 0(19717.00, 19717.00)
route 62, node_num 8, cost 1259.062000, nodes: 0(120000.00, 120000.00) 892 428 886 742 86 703 251 30 833 0(30067.00, 30067.00)
route 63, node_num 8, cost 1478.792000, nodes: 0(120000.00, 120000.00) 892 480 282 898 56 167 112 435 879 892 0(14372.00, 14372.00)
route 64, node_num 9, cost 1623.846000, nodes: 0(120000.00, 120000.00) 892 832 898 449 840 620 665 810(56680.00, 56680.00) 549 575 840 832 858(22050.00, 22050.00) 0(4011.00, 4011.00)
route 65, node_num 10, cost 1727.726000, nodes: 0(120000.00, 120000.00) 857(94699.00, 94699.00) 832 879 395 840 820 281 820 441 596 825 826(42319.00, 42319.00) 110 846 803(18790.00, 22199.00) 858 0(0.00, 0.00)
route 66, node_num 8, cost 1283.352000, nodes: 0(120000.00, 120000.00) 892 376 177 80 344 84 266 891 882 0(28332.00, 28332.00)
route 67, node_num 7, cost 1393.868000, nodes: 0(120000.00, 120000.00) 833 710 892 143 61 179 109 832 892 0(20438.00, 20438.00)
route 68, node_num 8, cost 1267.658000, nodes: 0(120000.00, 120000.00) 892 831 419 693 814 698 66 684 831 865 572 865 0(29453.00, 29453.00)
route 69, node_num 7, cost 1062.572000, nodes: 0(120000.00, 120000.00) 857 469 865 339 530 735 892 347 858 0(44102.00, 44102.00)
route 70, node_num 8, cost 992.278000, nodes: 0(120000.00, 120000.00) 857 104 704 557 857 881 383 881 782 803 610 833 0(49123.00, 49123.00)
route 71, node_num 8, cost 1343.356000, nodes: 0(120000.00, 120000.00) 857 798 897 660 645 9 747 194 814 831 892 0(24046.00, 24046.00)
route 72, node_num 7, cost 1047.452000, nodes: 0(120000.00, 120000.00) 891 881 64 356 400 554 886 541 833 0(45182.00, 45182.00)
route 73, node_num 7, cost 1246.056000, nodes: 0(120000.00, 120000.00) 62 265 892 75 630 832 57 0(30996.00, 30996.00)
route 74, node_num 7, cost 1060.206000, nodes: 0(120000.00, 120000.00) 857 386 216 162 700 434 891 882 0(44271.00, 44271.00)
route 75, node_num 7, cost 1214.094000, nodes: 0(120000.00, 120000.00) 891 817 876 822 190 127 5 378 800 811 851 0(33279.00, 33279.00)
route 76, node_num 8, cost 949.074000, nodes: 0(120000.00, 120000.00) 58 349 576 329 536 811 885 182 838 0(52209.00, 52209.00)
route 77, node_num 8, cost 1051.834000, nodes: 0(120000.00, 120000.00) 891 803 567 768 210 764 587 889 668 891 882 0(44869.00, 44869.00)
route 78, node_num 8, cost 1101.282000, nodes: 0(120000.00, 120000.00) 891 803 303 634 146 594 670 191 896 813 0(41337.00, 41337.00)
route 79, node_num 8, cost 921.368000, nodes: 0(120000.00, 120000.00) 833 889 816 98 716 560 574 120 697 833 0(54188.00, 54188.00)
route 80, node_num 8, cost 904.554000, nodes: 0(120000.00, 120000.00) 833 889 199 817 147 569 319 209 258 889 833 0(55389.00, 55389.00)
route 81, node_num 7, cost 1046.038000, nodes: 0(120000.00, 120000.00) 781 59 876 131 387 843 626 816 891 882 0(45283.00, 45283.00)
route 82, node_num 9, cost 899.150000, nodes: 0(120000.00, 120000.00) 709 817 8 544 759 618 10 876 694 816 891 882 0(55775.00, 55775.00)
route 83, node_num 8, cost 1087.954000, nodes: 0(120000.00, 120000.00) 891 791 881 510 513 688 21 229 836 843 816 891 882 0(42289.00, 42289.00)
route 84, node_num 8, cost 1073.450000, nodes: 0(120000.00, 120000.00) 833 889 816 159 412 801 151 25 804 370 41 804 816 891 882 0(43325.00, 43325.00)
route 85, node_num 8, cost 1078.518000, nodes: 0(120000.00, 120000.00) 833 889 816 322 787 741 804 642 512 431 876 816 891 882 0(42963.00, 42963.00)
route 86, node_num 8, cost 1148.000000, nodes: 0(120000.00, 120000.00) 702 881 247 345 257 705 474 801 843 816 891 882 0(38000.00, 38000.00)
route 87, node_num 8, cost 1143.156000, nodes: 0(120000.00, 120000.00) 833 889 644 114 454 827 340 880 822 301 545 876 816 891 882 0(38346.00, 38346.00)
route 88, node_num 8, cost 1404.732000, nodes: 0(120000.00, 120000.00) 892 846 192 174 809 640 239 888 296 888 252 809 816 891 882 0(19662.00, 19662.00)
route 89, node_num 8, cost 1356.852000, nodes: 0(120000.00, 120000.00) 833 889 816 651 876 149 836 253 154 163 780 833 0(23082.00, 23082.00)
route 90, node_num 8, cost 1310.064000, nodes: 0(120000.00, 120000.00) 833 889 816 843 625 809 740 590 685 758 880 647 811 851 0(26424.00, 26424.00)
route 91, node_num 8, cost 1251.418000, nodes: 0(120000.00, 120000.00) 833 889 816 843 853 332 796 1 888 715 853 2 28 843 816 891 882 0(30613.00, 30613.00)
route 92, node_num 8, cost 1046.822000, nodes: 0(120000.00, 120000.00) 197 738 682 234 601 838 126 0(45227.00, 45227.00)
route 93, node_num 8, cost 849.758000, nodes: 0(120000.00, 120000.00) 617 290 893 649 91 375 664 859 893 0(59303.00, 59303.00)
route 94, node_num 8, cost 877.982000, nodes: 0(120000.00, 120000.00) 712 436 297 736 145 13 859 893 0(57287.00, 57287.00)
route 95, node_num 9, cost 913.556000, nodes: 0(120000.00, 120000.00) 227 368 863 691 236 492 769 849 598 859 893 0(54746.00, 54746.00)
route 96, node_num 8, cost 898.520000, nodes: 0(120000.00, 120000.00) 44 727 893 797 681 267 85 848 893 0(55820.00, 55820.00)
route 97, node_num 8, cost 1079.372000, nodes: 0(120000.00, 120000.00) 848 511 778 894 366 295 779 805 450 874 864 0(42902.00, 42902.00)
route 98, node_num 7, cost 943.488000, nodes: 0(120000.00, 120000.00) 535 341 622 528 784 883 893 0(52608.00, 52608.00)
route 99, node_num 8, cost 1001.812000, nodes: 0(120000.00, 120000.00) 874 38 140 893 198 802 328 845 244 845 171 859 893 0(48442.00, 48442.00)
route 100, node_num 8, cost 1061.900000, nodes: 0(120000.00, 120000.00) 793 571 552 29 597 353 883 893 0(44150.00, 44150.00)
route 101, node_num 8, cost 866.712000, nodes: 0(120000.00, 120000.00) 445 863 608 166 863 379 235 641 859 893 0(58092.00, 58092.00)
route 102, node_num 6, cost 885.654000, nodes: 0(120000.00, 120000.00) 874 320 123 224 805 593 864 0(56739.00, 56739.00)
route 103, node_num 8, cost 868.854000, nodes: 0(120000.00, 120000.00) 765 377 299 310 653 753 859 893 0(57939.00, 57939.00)
route 104, node_num 8, cost 1207.108000, nodes: 0(120000.00, 120000.00) 813 499 885 300 876 822 486 890 564 818 603 818 278 842 802 859 893 0(33778.00, 33778.00)
route 105, node_num 7, cost 1200.304000, nodes: 0(120000.00, 120000.00) 689 77 137 869 67 748 0(34264.00, 34264.00)
route 106, node_num 7, cost 1186.528000, nodes: 0(120000.00, 120000.00) 848 305 6 508 559 878 529 859 893 0(35248.00, 35248.00)
route 107, node_num 7, cost 1247.736000, nodes: 0(120000.00, 120000.00) 848 312 599 402 37 221 883 893 0(30876.00, 30876.00)
route 108, node_num 7, cost 1171.128000, nodes: 0(120000.00, 120000.00) 849 789 632 849 40 701 534 894 893 0(36348.00, 36348.00)
route 109, node_num 7, cost 1045.520000, nodes: 0(120000.00, 120000.00) 138 321 355 175 63 848 893 0(45320.00, 45320.00)
route 110, node_num 9, cost 1709.582000, nodes: 0(120000.00, 120000.00) 891 817(93479.00, 95592.00) 843 801 429 835 330 423 421 895 503 233 855 807 883 893 0(0.00, 0.00)
route 111, node_num 8, cost 1778.546000, nodes: 0(120000.00, 120000.00) 885(97648.00, 104687.00) 802 878 818 854 413 726 841 196 847 307 60 871 855 807 883 893 0(0.00, 0.00)
route 112, node_num 7, cost 1449.840000, nodes: 0(120000.00, 120000.00) 891 845 372 822 890 523 277 475 12 807 883 893 0(16440.00, 16440.00)
route 113, node_num 10, cost 1743.210000, nodes: 0(120000.00, 120000.00) 869 875 132 315 411 46 871(60278.00, 60278.00) 754 755 871 855 807(37515.00, 42030.00) 883 893 0(0.00, 0.00)
route 114, node_num 10, cost 1666.168000, nodes: 0(120000.00, 120000.00) 885(97648.00, 97648.00) 802 878 818 854 405 357 280 358 583 118 895 871(50200.00, 50200.00) 855 807 883 893 0(988.00, 988.00)
route 115, node_num 7, cost 1522.948000, nodes: 0(120000.00, 120000.00) 869 875 399 607 669 141 410 855 807 883 893 0(11218.00, 11218.00)
route 116, node_num 8, cost 1875.174000, nodes: 0(120000.00, 120000.00) 255 623 621 302 899 483 871(35271.00, 49212.00) 855 807 883 893 0(0.00, 0.00)
route 117, node_num 8, cost 1459.696000, nodes: 0(120000.00, 120000.00) 600 872 246 734 19 785 799 883 893 0(15736.00, 15736.00)
route 118, node_num 8, cost 1449.714000, nodes: 0(120000.00, 120000.00) 891 817 876 822 520 890 494 446 382 855 292 854 714 883 893 0(16449.00, 16449.00)
route 119, node_num 10, cost 1532.930000, nodes: 0(120000.00, 120000.00) 885(97648.00, 97648.00) 811 845 105 861 732 438 872(62324.00, 62324.00) 331 872 212 805(34579.00, 34579.00) 864 0(10505.00, 10505.00)
route 120, node_num 7, cost 1513.974000, nodes: 0(120000.00, 120000.00) 122 354 485 87 869 652 883 893 0(11859.00, 11859.00)
route 121, node_num 8, cost 1201.032000, nodes: 0(120000.00, 120000.00) 891 817 876 822 890 362 218 43 136 890 306 178 845 811 851 0(34212.00, 34212.00)
route 122, node_num 8, cost 1293.362000, nodes: 0(120000.00, 120000.00) 848 628 263 42 71 774 762 883 893 0(27617.00, 27617.00)
route 123, node_num 7, cost 1409.996000, nodes: 0(120000.00, 120000.00) 833 752 818 875 699 783 854 390 835 696 883 893 0(19286.00, 19286.00)
route 124, node_num 7, cost 1385.888000, nodes: 0(120000.00, 120000.00) 102 849 761 875 458 99 482 883 893 0(21008.00, 21008.00)
route 125, node_num 10, cost 1447.922000, nodes: 0(120000.00, 120000.00) 885(97648.00, 97648.00) 811 845 616 173 115 555 848(51199.00, 51199.00) 416 805(40651.00, 40651.00) 864 0(16577.00, 16577.00)
route 126, node_num 10, cost 1694.574000, nodes: 0(120000.00, 120000.00) 885(97648.00, 97648.00) 802 878 818 869 537 680 50 561 899(56092.00, 56092.00) 248 895 871(48171.00, 49212.00) 855 807 883 893 0(0.00, 0.00)
route 127, node_num 7, cost 1395.898000, nodes: 0(120000.00, 120000.00) 869 259 103 565 53 880 470 880 843 816 891 882 0(20293.00, 20293.00)
route 128, node_num 9, cost 1595.090000, nodes: 0(120000.00, 120000.00) 885(97648.00, 101648.00) 802 878 818 36 157 467 94 872 526 861 891(24489.00, 24489.00) 882 0(10065.00, 10065.00)
route 129, node_num 7, cost 1428.196000, nodes: 0(120000.00, 120000.00) 833 889 816 843 801 788 531 884 211 539 463 883 893 0(17986.00, 17986.00)
route 130, node_num 9, cost 1662.192000, nodes: 0(120000.00, 120000.00) 885(97648.00, 97648.00) 828 827 880 582 808 148 481 241 222 808 811 851(15327.00, 15327.00) 0(1272.00, 1272.00)
route 131, node_num 8, cost 1911.210000, nodes: 0(120000.00, 120000.00) 892 852 834 821 877 568 426 304 187 519 808 811(6681.00, 23196.00) 851 0(0.00, 0.00)
route 132, node_num 9, cost 2060.506000, nodes: 0(120000.00, 120000.00) 885(97648.00, 97648.00) 802 878 818 854 855 427 592 432 496 624 808 839 801(6026.00, 33205.00) 843 816 891 882 0(0.00, 0.00)
route 133, node_num 9, cost 1972.502000, nodes: 0(120000.00, 120000.00) 892 852 834 821 877 643 868(59717.00, 62571.00) 731 406 22 794 888 803 858(0.00, 18039.00) 0(0.00, 0.00)
route 134, node_num 9, cost 2032.450000, nodes: 0(120000.00, 120000.00) 885(97648.00, 97648.00) 811 117 456 563 504 308 871 855(20717.00, 45892.00) 807 883 893 0(0.00, 0.00)
route 135, node_num 7, cost 1559.642000, nodes: 0(120000.00, 120000.00) 833 889 816 274 809 336 287 276 514 801 843 816 891 882 0(8597.00, 8597.00)
route 136, node_num 8, cost 1641.528000, nodes: 0(120000.00, 120000.00) 892 852 238 850 352 250 33 401 325 843 816 891 882 0(2748.00, 2748.00)
route 137, node_num 9, cost 1935.668000, nodes: 0(120000.00, 120000.00) 885(97648.00, 109648.00) 802 878 818 854 855 871 230 525 160 128 346 895(48432.00, 54694.00) 871 855 807 883 893 0(0.00, 0.00)
route 138, node_num 9, cost 1665.188000, nodes: 0(120000.00, 120000.00) 885(97648.00, 105648.00) 828 822 655 326 207 548 391 836(42327.00, 42327.00) 843 816 891 882 0(9058.00, 9058.00)
route 139, node_num 10, cost 1943.928000, nodes: 0(120000.00, 120000.00) 885(97648.00, 97648.00) 802 878 818 854 855 871 186 847 404 272 505 841(40869.00, 40869.00) 249 850(30642.00, 49494.00) 807 883 893 0(0.00, 0.00)
route 140, node_num 9, cost 1848.140000, nodes: 0(120000.00, 120000.00) 891 881(92093.00, 92093.00) 807 850 841 506 661 3 711 11 850(37484.00, 49494.00) 807 883 893 0(0.00, 0.00)
route 141, node_num 7, cost 1533.644000, nodes: 0(120000.00, 120000.00) 833 889 816 843 804 133 884 116 638 343 739 833 0(10454.00, 10454.00)
route 142, node_num 8, cost 1460.214000, nodes: 0(120000.00, 120000.00) 833 889 816 843 801 584 839 447 176 202 839 217 884 381 884 801 843 816 891 882 0(15699.00, 15699.00)
route 143, node_num 9, cost 1613.178000, nodes: 0(120000.00, 120000.00) 892 772 27 839 261 678 54 275 888 843(31408.00, 31408.00) 816 891 882 0(4773.00, 4773.00)
route 144, node_num 8, cost 1663.172000, nodes: 0(120000.00, 120000.00) 891 817 876 822 139 884 595 392 538 90 737 833 0(1202.00, 1202.00)
route 145, node_num 9, cost 1705.578000, nodes: 0(120000.00, 120000.00) 885(97648.00, 97648.00) 811 773 422 264 111 414 808 811 851(12228.00, 14055.00) 0(0.00, 0.00)
vehicle (route) number: 146
Total cost: 214710.04
218471.55, 12653.26
218102.44, 12648.20
216288.35, 12617.86
217777.38, 12622.47
217822.45, 12619.46
216638.75, 12611.40
218515.93, 12623.08
215027.90, 12612.36
214710.04, 12628.87
214753.05, 12616.26
