Details of the solution:
route 0, node_num 8, cost 661.710000, nodes: 0(120000.00, 120000.00) 205 130 745 72 719 200 0(72735.00, 72735.00)
route 1, node_num 9, cost 461.790000, nodes: 0(120000.00, 120000.00) 226 364 288 593 450 393 153 874 864 0(87015.00, 87015.00)
route 2, node_num 8, cost 824.068000, nodes: 0(120000.00, 120000.00) 813 540 613 659 556 856 403 243 0(61138.00, 61138.00)
route 3, node_num 8, cost 558.040000, nodes: 0(120000.00, 120000.00) 813 729 542 813 551 491 7 532 0(80140.00, 80140.00)
route 4, node_num 8, cost 1364.762000, nodes: 0(120000.00, 120000.00) 833 752 818 890 761 875 458 99 292 854 714 883 893 0(22517.00, 22517.00)
route 5, node_num 8, cost 859.726000, nodes: 0(120000.00, 120000.00) 44 893 341 528 597 353 784 883 893 0(58591.00, 58591.00)
route 6, node_num 8, cost 1268.470000, nodes: 0(120000.00, 120000.00) 892 376 177 80 344 703 886 30 833 0(29395.00, 29395.00)
route 7, node_num 8, cost 1185.450000, nodes: 0(120000.00, 120000.00) 833 889 816 843 350 247 688 21 378 545 876 816 891 882 0(35325.00, 35325.00)
route 8, node_num 7, cost 1422.120000, nodes: 0(120000.00, 120000.00) 891 817 876 822 890 43 875 523 277 463 12 807 883 893 0(18420.00, 18420.00)
route 9, node_num 7, cost 1376.074000, nodes: 0(120000.00, 120000.00) 892 400 742 86 179 109 832 892 0(21709.00, 21709.00)
route 10, node_num 10, cost 1668.674000, nodes: 0(120000.00, 120000.00) 578 395 69 549 810(50120.00, 50120.00) 245 746 898 856(20687.00, 20687.00) 0(809.00, 809.00)
route 11, node_num 8, cost 1104.796000, nodes: 0(120000.00, 120000.00) 206 709 817 131 513 512 431 876 816 891 882 0(41086.00, 41086.00)
route 12, node_num 10, cost 1668.884000, nodes: 0(120000.00, 120000.00) 885(97648.00, 97648.00) 828 827 494 855(70337.00, 70337.00) 835 330 423 421 118 895 248 895 871 855 807 883 893 0(794.00, 794.00)
route 13, node_num 8, cost 955.192000, nodes: 0(120000.00, 120000.00) 617 893 859 552 848 236 691 492 769 883 893 0(51772.00, 51772.00)
route 14, node_num 10, cost 1644.678000, nodes: 0(120000.00, 120000.00) 891 817 876 822 139 884(75506.00, 75506.00) 595 392 538 90 275 888 843(29158.00, 29158.00) 816 891 882 0(2523.00, 2523.00)
route 15, node_num 6, cost 489.104000, nodes: 0(120000.00, 120000.00) 813 256 129 100 844 507 0(85064.00, 85064.00)
route 16, node_num 10, cost 1607.270000, nodes: 0(120000.00, 120000.00) 891 881(92093.00, 92093.00) 806 756 369 663 825 318 657 476 812 825 886 858(23234.00, 23234.00) 0(5195.00, 5195.00)
route 17, node_num 8, cost 757.680000, nodes: 0(120000.00, 120000.00) 58 237 79 635 365 748 0(65880.00, 65880.00)
route 18, node_num 6, cost 455.406000, nodes: 0(120000.00, 120000.00) 533 586 348 164 0(87471.00, 87471.00)
route 19, node_num 8, cost 937.510000, nodes: 0(120000.00, 120000.00) 833 889 816 716 98 574 319 209 697 833 0(53035.00, 53035.00)
route 20, node_num 7, cost 1219.442000, nodes: 0(120000.00, 120000.00) 290 893 859 802 828 822 190 127 880 244 828 198 802 859 893 0(32897.00, 32897.00)
route 21, node_num 7, cost 1218.700000, nodes: 0(120000.00, 120000.00) 874 38 811 804 133 5 642 801 299 828 838 0(32950.00, 32950.00)
route 22, node_num 8, cost 1144.542000, nodes: 0(120000.00, 120000.00) 608 520 890 486 136 890 559 878 598 859 893 0(38247.00, 38247.00)
route 23, node_num 8, cost 438.690000, nodes: 0(120000.00, 120000.00) 900 615 656 465 361 311 425 0(88665.00, 88665.00)
route 24, node_num 8, cost 1502.410000, nodes: 0(120000.00, 120000.00) 892 480 282 898 342 440 73 194 814 831 892 0(12685.00, 12685.00)
route 25, node_num 6, cost 961.170000, nodes: 0(120000.00, 120000.00) 891 225 550 108 152 881 0(51345.00, 51345.00)
route 26, node_num 8, cost 690.690000, nodes: 0(120000.00, 120000.00) 687 158 646 351 670 191 896 813 0(70665.00, 70665.00)
route 27, node_num 9, cost 2057.776000, nodes: 0(120000.00, 120000.00) 892 852 834 821 877 643 868(59717.00, 68662.00) 731 456 563 794 888 803 858(0.00, 18039.00) 0(0.00, 0.00)
route 28, node_num 7, cost 1193.122000, nodes: 0(120000.00, 120000.00) 848 628 263 42 701 534 894 893 0(34777.00, 34777.00)
route 29, node_num 8, cost 1063.552000, nodes: 0(120000.00, 120000.00) 891 881 64 356 335 605 517 673 833 0(44032.00, 44032.00)
route 30, node_num 9, cost 1890.896000, nodes: 0(120000.00, 120000.00) 885(97648.00, 97648.00) 828 827 808 568 426 187 49 602 888 881(8048.00, 23112.00) 0(0.00, 0.00)
route 31, node_num 7, cost 387.674000, nodes: 0(120000.00, 120000.00) 900 707 317 204 867 501 636 0(92309.00, 92309.00)
route 32, node_num 7, cost 846.930000, nodes: 0(120000.00, 120000.00) 864 35 793 622 562 591 864 0(59505.00, 59505.00)
route 33, node_num 10, cost 1933.988000, nodes: 0(120000.00, 120000.00) 885(97648.00, 97648.00) 828 827 880 238 850(65566.00, 65566.00) 404 207 754 249 850(31352.00, 49494.00) 807 883 893 0(0.00, 0.00)
route 34, node_num 10, cost 1646.974000, nodes: 0(120000.00, 120000.00) 885(97648.00, 97648.00) 802 878 818 875 132 315 411 358 583 60 871(51571.00, 51571.00) 855 807 883 893 0(2359.00, 2359.00)
route 35, node_num 8, cost 572.474000, nodes: 0(120000.00, 120000.00) 55 813 896 20 298 546 121 32 0(79109.00, 79109.00)
route 36, node_num 8, cost 489.244000, nodes: 0(120000.00, 120000.00) 585 744 443 334 74 51 864 0(85054.00, 85054.00)
route 37, node_num 7, cost 1501.402000, nodes: 0(120000.00, 120000.00) 869 537 732 71 774 762 883 893 0(12757.00, 12757.00)
route 38, node_num 8, cost 1428.014000, nodes: 0(120000.00, 120000.00) 891 817 876 822 890 362 788 531 685 758 880 470 880 843 816 891 882 0(17999.00, 17999.00)
route 39, node_num 7, cost 1373.442000, nodes: 0(120000.00, 120000.00) 781 853 809 757 76 202 780 833 0(21897.00, 21897.00)
route 40, node_num 8, cost 1034.320000, nodes: 0(120000.00, 120000.00) 445 811 322 576 329 301 694 816 891 882 0(46120.00, 46120.00)
route 41, node_num 7, cost 650.454000, nodes: 0(120000.00, 120000.00) 823 219 165 183 93 231 866 0(73539.00, 73539.00)
route 42, node_num 9, cost 1661.184000, nodes: 0(120000.00, 120000.00) 885(97648.00, 97648.00) 828 827 880 582 422 808 261 54 678 804(33851.00, 33851.00) 816 891 882 0(1344.00, 1344.00)
route 43, node_num 7, cost 1272.306000, nodes: 0(120000.00, 120000.00) 62 143 776 630 832 57 0(29121.00, 29121.00)
route 44, node_num 8, cost 1275.498000, nodes: 0(120000.00, 120000.00) 892 831 693 814 660 645 9 747 814 572 865 0(28893.00, 28893.00)
route 45, node_num 8, cost 1665.916000, nodes: 0(120000.00, 120000.00) 892 733 824 223 588 521 824 575 898 435 879 892 0(1006.00, 1006.00)
route 46, node_num 8, cost 995.554000, nodes: 0(120000.00, 120000.00) 874 123 571 224 805 29 85 848 641 859 893 0(48889.00, 48889.00)
route 47, node_num 8, cost 904.932000, nodes: 0(120000.00, 120000.00) 723 874 320 366 295 779 805 134 864 0(55362.00, 55362.00)
route 48, node_num 9, cost 1795.976000, nodes: 0(120000.00, 120000.00) 891 881(92093.00, 92093.00) 807 850 841 506 661 3 711 755 871 855 807(33746.00, 42030.00) 883 893 0(0.00, 0.00)
route 49, node_num 7, cost 486.276000, nodes: 0(120000.00, 120000.00) 864 459 181 309 790 142 864 0(85266.00, 85266.00)
route 50, node_num 8, cost 889.504000, nodes: 0(120000.00, 120000.00) 589 813 611 68 858 490 881 782 803 135 833 0(56464.00, 56464.00)
route 51, node_num 8, cost 1318.044000, nodes: 0(120000.00, 120000.00) 18 833 891 193 806 14 524 666 877 232 852 846 891 882 0(25854.00, 25854.00)
route 52, node_num 8, cost 1359.456000, nodes: 0(120000.00, 120000.00) 892 775 169 852 834 437 821 715 853 2 28 843 816 891 882 0(22896.00, 22896.00)
route 53, node_num 7, cost 439.628000, nodes: 0(120000.00, 120000.00) 294 88 367 718 751 837 0(88598.00, 88598.00)
route 54, node_num 10, cost 1737.862000, nodes: 0(120000.00, 120000.00) 885(97648.00, 97648.00) 802 197 822(85135.00, 85135.00) 148 304 414 391 836(29136.00, 33269.00) 843 816 891 882 0(0.00, 0.00)
route 55, node_num 10, cost 1558.606000, nodes: 0(120000.00, 120000.00) 885(97648.00, 97648.00) 802 878 818 122 680 50 526 861(60062.00, 60062.00) 212 805(32745.00, 32745.00) 864 0(8671.00, 8671.00)
route 56, node_num 7, cost 1326.752000, nodes: 0(120000.00, 120000.00) 892 648 683 452 172 722 846 891 882 0(25232.00, 25232.00)
route 57, node_num 7, cost 963.746000, nodes: 0(120000.00, 120000.00) 374 104 704 857 24 610 833 0(51161.00, 51161.00)
route 58, node_num 9, cost 586.236000, nodes: 0(120000.00, 120000.00) 260 451 215 690 606 396 566 823 0(78126.00, 78126.00)
route 59, node_num 8, cost 911.722000, nodes: 0(120000.00, 120000.00) 17 858 360 569 107 424 271 843 816 891 882 0(54877.00, 54877.00)
route 60, node_num 7, cost 1199.296000, nodes: 0(120000.00, 120000.00) 857 265 892 75 61 770 892 289 833 0(34336.00, 34336.00)
route 61, node_num 9, cost 1891.890000, nodes: 0(120000.00, 120000.00) 885(97648.00, 97648.00) 801 272 326 117 548 11 850(34359.00, 49494.00) 807 883 893 0(0.00, 0.00)
route 62, node_num 7, cost 1505.980000, nodes: 0(120000.00, 120000.00) 892 772 27 839 638 380 101 888 833 0(12430.00, 12430.00)
route 63, node_num 7, cost 1309.294000, nodes: 0(120000.00, 120000.00) 869 259 103 565 53 880 647 811 851 0(26479.00, 26479.00)
route 64, node_num 8, cost 364.714000, nodes: 0(120000.00, 120000.00) 777 23 767 408 81 195 866 0(93949.00, 93949.00)
route 65, node_num 8, cost 1297.898000, nodes: 0(120000.00, 120000.00) 892 831 419 814 637 502 684 214 832 254 858 0(27293.00, 27293.00)
route 66, node_num 7, cost 1540.812000, nodes: 0(120000.00, 120000.00) 869 36 357 467 46 854 482 883 893 0(9942.00, 9942.00)
route 67, node_num 8, cost 1102.472000, nodes: 0(120000.00, 120000.00) 833 889 816 269 625 594 604 409 433 833 0(41252.00, 41252.00)
route 68, node_num 8, cost 1346.184000, nodes: 0(120000.00, 120000.00) 892 846 724 420 82 239 229 252 809 816 891 882 0(23844.00, 23844.00)
route 69, node_num 10, cost 1887.620000, nodes: 0(120000.00, 120000.00) 891 881(92093.00, 100093.00) 806 371 650 547 453 862(51497.00, 51497.00) 737 888 809(28276.00, 35106.00) 816 891 882 0(0.00, 0.00)
route 70, node_num 9, cost 1914.360000, nodes: 0(120000.00, 120000.00) 885(97648.00, 109648.00) 802 878 818 854 855 871 230 525 160 128 308 871 855(41152.00, 45892.00) 807 883 893 0(0.00, 0.00)
route 71, node_num 8, cost 1448.916000, nodes: 0(120000.00, 120000.00) 892 448 518 750 879 112 167 493 832 892 0(16506.00, 16506.00)
route 72, node_num 7, cost 953.974000, nodes: 0(120000.00, 120000.00) 97 83 385 858 803 120 258 889 833 0(51859.00, 51859.00)
route 73, node_num 8, cost 1303.974000, nodes: 0(120000.00, 120000.00) 833 889 816 843 853 332 796 1 296 888 466 675 833 0(26859.00, 26859.00)
route 74, node_num 8, cost 1165.794000, nodes: 0(120000.00, 120000.00) 891 845 372 454 827 218 340 880 306 178 845 811 851 0(36729.00, 36729.00)
route 75, node_num 8, cost 1009.680000, nodes: 0(120000.00, 120000.00) 580 889 816 8 59 876 91 664 838 126 0(47880.00, 47880.00)
route 76, node_num 7, cost 1427.636000, nodes: 0(120000.00, 120000.00) 338 822 890 699 783 854 390 835 800 811 851 0(18026.00, 18026.00)
route 77, node_num 7, cost 936.474000, nodes: 0(120000.00, 120000.00) 833 710 857 284 557 857 15 106 858 0(53109.00, 53109.00)
route 78, node_num 8, cost 1281.994000, nodes: 0(120000.00, 120000.00) 833 889 816 651 876 149 836 253 154 163 381 884 801 843 816 891 882 0(28429.00, 28429.00)
route 79, node_num 8, cost 1100.750000, nodes: 0(120000.00, 120000.00) 833 189 633 156 846 313 84 266 891 882 0(41375.00, 41375.00)
route 80, node_num 8, cost 1017.870000, nodes: 0(120000.00, 120000.00) 833 889 644 738 114 822 682 601 863 171 859 893 0(47295.00, 47295.00)
route 81, node_num 7, cost 1560.216000, nodes: 0(120000.00, 120000.00) 833 889 816 843 151 804 429 855 141 669 539 883 893 0(8556.00, 8556.00)
route 82, node_num 7, cost 1542.968000, nodes: 0(120000.00, 120000.00) 892 852 834 821 877 70 579 389 125 155 887 852 846 891 882 0(9788.00, 9788.00)
route 83, node_num 8, cost 1262.562000, nodes: 0(120000.00, 120000.00) 849 789 849 689 77 564 508 375 859 893 0(29817.00, 29817.00)
route 84, node_num 7, cost 1182.860000, nodes: 0(120000.00, 120000.00) 892 679 698 66 831 735 119 813 0(35510.00, 35510.00)
route 85, node_num 9, cost 1965.684000, nodes: 0(120000.00, 120000.00) 885(97648.00, 120000.00) 802 672 22 406 496 519 808 811 851(16001.00, 16001.00) 0(1946.00, 1946.00)
route 86, node_num 7, cost 988.806000, nodes: 0(120000.00, 120000.00) 891 803 303 567 387 764 587 833 0(49371.00, 49371.00)
route 87, node_num 10, cost 1763.510000, nodes: 0(120000.00, 120000.00) 885(97648.00, 97648.00) 802 878 818 854 855 871 186 847(59732.00, 120000.00) 196 847 307 483 410 859(70370.00, 70370.00) 893 0(54303.00, 54303.00)
route 88, node_num 6, cost 625.814000, nodes: 0(120000.00, 120000.00) 891 471 418 208 434 891 882 0(75299.00, 75299.00)
route 89, node_num 6, cost 414.232000, nodes: 0(120000.00, 120000.00) 498 150 609 442 0(90412.00, 90412.00)
route 90, node_num 8, cost 873.936000, nodes: 0(120000.00, 120000.00) 833 889 199 268 147 639 817 543 817 668 891 882 0(57576.00, 57576.00)
route 91, node_num 8, cost 874.426000, nodes: 0(120000.00, 120000.00) 765 377 349 536 67 753 859 893 0(57541.00, 57541.00)
route 92, node_num 8, cost 1561.322000, nodes: 0(120000.00, 120000.00) 892 415 612 786 188 581 500 0(8477.00, 8477.00)
route 93, node_num 9, cost 496.594000, nodes: 0(120000.00, 120000.00) 473 291 460 522 96 867 725 867 48 0(84529.00, 84529.00)
route 94, node_num 7, cost 1079.554000, nodes: 0(120000.00, 120000.00) 892 428 162 554 251 541 833 0(42889.00, 42889.00)
route 95, node_num 8, cost 1115.590000, nodes: 0(120000.00, 120000.00) 702 881 510 345 257 705 474 801 843 816 891 882 0(40315.00, 40315.00)
route 96, node_num 10, cost 1655.570000, nodes: 0(120000.00, 120000.00) 892 832 898 449 840 620 665 810(56680.00, 56680.00) 56 327 766 826 881(24857.00, 24857.00) 0(1745.00, 1745.00)
route 97, node_num 7, cost 1430.310000, nodes: 0(120000.00, 120000.00) 712 848 105 173 861 438 555 883 893 0(17835.00, 17835.00)
route 98, node_num 9, cost 1658.958000, nodes: 0(120000.00, 120000.00) 885(97648.00, 97648.00) 828 822 264 481 111 241 222 808 811 851(15558.00, 15558.00) 0(1503.00, 1503.00)
route 99, node_num 8, cost 999.082000, nodes: 0(120000.00, 120000.00) 813 499 885 787 300 544 618 876 817 479 0(48637.00, 48637.00)
route 100, node_num 8, cost 513.170000, nodes: 0(120000.00, 120000.00) 468 558 792 388 795 161 0(83345.00, 83345.00)
route 101, node_num 9, cost 2178.456000, nodes: 0(120000.00, 120000.00) 892 852 834 821 877 427 592 504 432 873(32244.00, 34643.00) 624 808 839 801(0.00, 33205.00) 843 816 891 882 0(0.00, 0.00)
route 102, node_num 8, cost 895.286000, nodes: 0(120000.00, 120000.00) 857 386 216 700 658 858 708 347 858 0(56051.00, 56051.00)
route 103, node_num 8, cost 1324.358000, nodes: 0(120000.00, 120000.00) 857 469 865 339 530 462 242 614 829 0(25403.00, 25403.00)
route 104, node_num 8, cost 1111.068000, nodes: 0(120000.00, 120000.00) 891 791 397 634 383 553 110 846 891 882 0(40638.00, 40638.00)
route 105, node_num 8, cost 1288.028000, nodes: 0(120000.00, 120000.00) 833 811 773 802 328 845 354 87 869 652 278 842 802 859 893 0(27998.00, 27998.00)
route 106, node_num 8, cost 478.268000, nodes: 0(120000.00, 120000.00) 220 516 823 89 489 627 900 39 0(85838.00, 85838.00)
route 107, node_num 7, cost 1456.588000, nodes: 0(120000.00, 120000.00) 869 875 399 607 854 446 382 855 475 807 883 893 0(15958.00, 15958.00)
route 108, node_num 7, cost 1479.674000, nodes: 0(120000.00, 120000.00) 600 872 246 157 94 696 883 893 0(14309.00, 14309.00)
route 109, node_num 8, cost 981.960000, nodes: 0(120000.00, 120000.00) 227 368 863 166 863 632 849 379 235 859 893 0(49860.00, 49860.00)
route 110, node_num 6, cost 754.040000, nodes: 0(120000.00, 120000.00) 185 140 893 649 13 859 893 0(66140.00, 66140.00)
route 111, node_num 6, cost 1582.252000, nodes: 0(120000.00, 120000.00) 892 852 834 821 484 509 201 444 888 833 0(6982.00, 6982.00)
route 112, node_num 8, cost 1683.682000, nodes: 0(120000.00, 120000.00) 891 881(92093.00, 92356.00) 853 884 413 726 841 352 250 505 850 807 883 893 0(0.00, 0.00)
route 113, node_num 7, cost 1143.968000, nodes: 0(120000.00, 120000.00) 848 511 778 894 797 267 681 894 893 0(38288.00, 38288.00)
route 114, node_num 8, cost 878.290000, nodes: 0(120000.00, 120000.00) 363 478 417 759 10 876 626 816 891 882 0(57265.00, 57265.00)
route 115, node_num 6, cost 539.602000, nodes: 0(120000.00, 120000.00) 439 713 864 279 359 0(81457.00, 81457.00)
route 116, node_num 7, cost 1220.296000, nodes: 0(120000.00, 120000.00) 848 305 6 137 869 234 529 859 893 0(32836.00, 32836.00)
route 117, node_num 7, cost 1247.736000, nodes: 0(120000.00, 120000.00) 848 312 599 402 37 221 883 893 0(30876.00, 30876.00)
route 118, node_num 7, cost 1559.642000, nodes: 0(120000.00, 120000.00) 833 889 816 274 809 336 287 276 514 801 843 816 891 882 0(8597.00, 8597.00)
route 119, node_num 6, cost 371.994000, nodes: 0(120000.00, 120000.00) 31 662 472 398 864 0(93429.00, 93429.00)
route 120, node_num 7, cost 689.584000, nodes: 0(120000.00, 120000.00) 430 488 833 749 26 677 833 0(70744.00, 70744.00)
route 121, node_num 8, cost 984.788000, nodes: 0(120000.00, 120000.00) 857 798 394 285 865 324 34 856 180 0(49658.00, 49658.00)
route 122, node_num 7, cost 736.386000, nodes: 0(120000.00, 120000.00) 124 727 893 674 619 273 838 0(67401.00, 67401.00)
route 123, node_num 7, cost 1031.100000, nodes: 0(120000.00, 120000.00) 891 768 146 210 843 560 843 816 515 896 813 0(46350.00, 46350.00)
route 124, node_num 9, cost 1697.024000, nodes: 0(120000.00, 120000.00) 885(97648.00, 120000.00) 802 878 818 854 405 280 561 895 503 233 835 804 881(44248.00, 44248.00) 0(21136.00, 21136.00)
route 125, node_num 8, cost 1060.164000, nodes: 0(120000.00, 120000.00) 833 889 816 159 412 801 25 804 741 370 41 804 816 891 882 0(44274.00, 44274.00)
route 126, node_num 8, cost 1308.650000, nodes: 0(120000.00, 120000.00) 138 321 355 175 63 848 416 883 893 0(26525.00, 26525.00)
route 127, node_num 7, cost 844.354000, nodes: 0(120000.00, 120000.00) 535 436 297 736 145 883 893 0(59689.00, 59689.00)
route 128, node_num 8, cost 1272.516000, nodes: 0(120000.00, 120000.00) 892 846 192 174 809 640 743 184 888 809 686 833 0(29106.00, 29106.00)
route 129, node_num 7, cost 1446.858000, nodes: 0(120000.00, 120000.00) 102 849 40 485 19 603 818 878 802 859 893 0(16653.00, 16653.00)
route 130, node_num 8, cost 955.948000, nodes: 0(120000.00, 120000.00) 228 283 763 891 310 653 811 885 182 838 0(51718.00, 51718.00)
route 131, node_num 11, cost 1729.266000, nodes: 0(120000.00, 120000.00) 857(94699.00, 94699.00) 832 898 78 840 824(62453.00, 62453.00) 455 720 830 820(45455.00, 45455.00) 886 170 316 833(9419.00, 12938.00) 0(0.00, 0.00)
route 132, node_num 7, cost 535.150000, nodes: 0(120000.00, 120000.00) 823 262 144 487 570 721 0(81775.00, 81775.00)
route 133, node_num 9, cost 1754.844000, nodes: 0(120000.00, 120000.00) 885(97648.00, 101648.00) 809 888 16 373 667 730 527 862 839 836(31923.00, 33269.00) 843 816 891 882 0(0.00, 0.00)
route 134, node_num 7, cost 1503.614000, nodes: 0(120000.00, 120000.00) 892 577 826 52 270 676 213 806 886 0(12599.00, 12599.00)
route 135, node_num 6, cost 361.438000, nodes: 0(120000.00, 120000.00) 631 717 293 240 0(94183.00, 94183.00)
route 136, node_num 7, cost 422.996000, nodes: 0(120000.00, 120000.00) 333 477 573 337 47 0(89786.00, 89786.00)
route 137, node_num 7, cost 1358.476000, nodes: 0(120000.00, 120000.00) 833 889 816 843 853 809 590 740 655 211 217 884 801 843 816 891 882 0(22966.00, 22966.00)
route 138, node_num 9, cost 1623.034000, nodes: 0(120000.00, 120000.00) 892 407 281 820 441 596 760 771 826 886 858(22108.00, 22108.00) 0(4069.00, 4069.00)
route 139, node_num 7, cost 1546.650000, nodes: 0(120000.00, 120000.00) 892 852 834 671 728 654 706 45 821 852 846 891 882 0(9525.00, 9525.00)
route 140, node_num 7, cost 1568.574000, nodes: 0(120000.00, 120000.00) 892 852 834 168 314 887 286 497 887 457 0(7959.00, 7959.00)
route 141, node_num 9, cost 1920.982000, nodes: 0(120000.00, 120000.00) 255 623 621 302 899(44838.00, 52838.00) 346 895(45481.00, 54694.00) 871 855 807 883 893 0(0.00, 0.00)
route 142, node_num 8, cost 1437.688000, nodes: 0(120000.00, 120000.00) 616 115 872 734 872 331 872 785 799 883 893 0(17308.00, 17308.00)
route 143, node_num 8, cost 1502.886000, nodes: 0(120000.00, 120000.00) 833 889 816 843 801 584 839 447 176 839 33 401 325 843 816 891 882 0(12651.00, 12651.00)
route 144, node_num 8, cost 588.000000, nodes: 0(120000.00, 120000.00) 461 4 695 629 323 384 0(78000.00, 78000.00)
route 145, node_num 8, cost 379.036000, nodes: 0(120000.00, 120000.00) 65 92 95 203 495 692 0(92926.00, 92926.00)
route 146, node_num 7, cost 1590.218000, nodes: 0(120000.00, 120000.00) 892 113 464 877 116 343 739 833 0(6413.00, 6413.00)
vehicle (route) number: 147
Total cost: 216364.67
218698.12, 12715.80
218102.44, 17729.86
216364.67, 12628.70
218524.48, 14082.30
218733.08, 13664.42
216851.62, 15174.47
219724.43, 12951.07
217985.10, 12765.11
217506.51, 12642.22
216997.27, 12754.62
