Details of the solution:
route 0, node_num 8, cost 1331.484000, nodes: 0(120000.00, 120000.00) 830 843 809 273 673 520 170 75 94 874 859 820 873 813 0(24894.00, 24894.00)
route 1, node_num 8, cost 1660.974000, nodes: 0(120000.00, 120000.00) 830 801 859 874 79 181 452 589 665 200 890 880 845 811 813 0(1359.00, 1359.00)
route 2, node_num 9, cost 1793.764000, nodes: 0(120000.00, 120000.00) 830 801 859 874 806 41 292 613 784 92 118 850 806 808(7576.00, 15702.00) 891 0(0.00, 0.00)
route 3, node_num 8, cost 1616.972000, nodes: 0(120000.00, 120000.00) 830 801 859 874 456 884 775 238 365 402 483 803 831 882 820 873 813 0(4502.00, 4502.00)
route 4, node_num 10, cost 1748.698000, nodes: 0(120000.00, 120000.00) 829(89163.00, 89163.00) 862 846 83 125 329 788 29 33 818 819(19843.00, 24750.00) 0(0.00, 0.00)
route 5, node_num 10, cost 1711.122000, nodes: 0(120000.00, 120000.00) 830 801 859 874 499 233 32 870(63699.00, 63699.00) 281 356 519 884 851 808(13479.00, 15702.00) 891 0(0.00, 0.00)
route 6, node_num 10, cost 1742.244000, nodes: 0(120000.00, 120000.00) 829(89163.00, 89163.00) 866 368 431 590 215 45 753 863 889(25057.00, 29503.00) 819 0(0.00, 0.00)
route 7, node_num 8, cost 1623.216000, nodes: 0(120000.00, 120000.00) 873 820 389 680 186 369 466 690 843 0(4056.00, 4056.00)
route 8, node_num 9, cost 1721.202000, nodes: 0(120000.00, 120000.00) 830 807 878(75834.00, 91834.00) 591 765 460 870 426 555 829 808(28759.00, 28759.00) 891 0(13057.00, 13057.00)
route 9, node_num 10, cost 1754.592000, nodes: 0(120000.00, 120000.00) 830 801 859 874 857 846 502 176 355 619 525 847(52065.00, 52065.00) 682 803 885(29961.00, 35289.00) 820 873 813 0(0.00, 0.00)
route 10, node_num 8, cost 1374.296000, nodes: 0(120000.00, 120000.00) 873 820 749 831 260 84 743 594 729 874 859 820 873 813 0(21836.00, 21836.00)
route 11, node_num 8, cost 1636.404000, nodes: 0(120000.00, 120000.00) 830 801 859 874 857 145 418 543 474 526 592 857 874 859 820 873 813 0(3114.00, 3114.00)
route 12, node_num 8, cost 1868.440000, nodes: 0(120000.00, 120000.00) 830 801 859 874 857 846 870 378 162 26 769 841 672 846 889 819(11290.00, 24750.00) 0(0.00, 0.00)
route 13, node_num 8, cost 1566.264000, nodes: 0(120000.00, 120000.00) 830 801 859 874 803 623 760 780 703 316 805 588 834 806 874 859 820 873 813 0(8124.00, 8124.00)
route 14, node_num 8, cost 1536.766000, nodes: 0(120000.00, 120000.00) 830 801 859 874 803 160 643 285 395 197 80 862 831 882 820 873 813 0(10231.00, 10231.00)
route 15, node_num 9, cost 1886.920000, nodes: 0(120000.00, 120000.00) 829(89163.00, 120000.00) 831 818 870 128 770 291 562 209 834 851(47345.00, 47345.00) 813 0(16057.00, 16057.00)
route 16, node_num 8, cost 1401.176000, nodes: 0(120000.00, 120000.00) 830 801 859 874 318 550 185 511 279 252 829 813 0(19916.00, 19916.00)
route 17, node_num 9, cost 851.200000, nodes: 0(120000.00, 120000.00) 873 541 131 205 625 755 380 616 843 0(59200.00, 59200.00)
route 18, node_num 9, cost 971.964000, nodes: 0(120000.00, 120000.00) 830 843 706 696 139 2 410 887 299 679 820 873 813 0(50574.00, 50574.00)
route 19, node_num 9, cost 1068.214000, nodes: 0(120000.00, 120000.00) 830 808 195 734 631 6 501 116 778 898 845 811 813 0(43699.00, 43699.00)
route 20, node_num 8, cost 932.470000, nodes: 0(120000.00, 120000.00) 833 218 3 560 688 379 551 845 811 813 0(53395.00, 53395.00)
route 21, node_num 8, cost 1080.688000, nodes: 0(120000.00, 120000.00) 873 820 81 127 87 239 97 575 873 813 0(42808.00, 42808.00)
route 22, node_num 8, cost 1100.778000, nodes: 0(120000.00, 120000.00) 812 450 854 394 882 385 882 522 779 829 117 891 0(41373.00, 41373.00)
route 23, node_num 8, cost 904.246000, nodes: 0(120000.00, 120000.00) 830 854 508 585 44 234 558 666 843 0(55411.00, 55411.00)
route 24, node_num 8, cost 1113.826000, nodes: 0(120000.00, 120000.00) 825 108 630 578 126 47 35 820 873 813 0(40441.00, 40441.00)
route 25, node_num 8, cost 958.468000, nodes: 0(120000.00, 120000.00) 228 317 313 504 732 71 820 873 813 0(51538.00, 51538.00)
route 26, node_num 9, cost 991.550000, nodes: 0(120000.00, 120000.00) 38 344 707 4 503 414 820 391 843 0(49175.00, 49175.00)
route 27, node_num 8, cost 1257.256000, nodes: 0(120000.00, 120000.00) 830 843 430 112 231 900 337 331 52 809 820 873 813 0(30196.00, 30196.00)
route 28, node_num 8, cost 1226.414000, nodes: 0(120000.00, 120000.00) 830 801 859 874 527 129 172 644 638 269 874 859 820 873 813 0(32399.00, 32399.00)
route 29, node_num 9, cost 1111.264000, nodes: 0(120000.00, 120000.00) 830 801 859 536 386 567 535 27 609 278 898 845 811 813 0(40624.00, 40624.00)
route 30, node_num 8, cost 1122.716000, nodes: 0(120000.00, 120000.00) 825 164 888 826 272 31 304 397 885 859 642 859 820 873 813 0(39806.00, 39806.00)
route 31, node_num 8, cost 1155.098000, nodes: 0(120000.00, 120000.00) 873 820 685 885 113 105 62 399 750 898 845 811 813 0(37493.00, 37493.00)
route 32, node_num 10, cost 1650.082000, nodes: 0(120000.00, 120000.00) 829(89163.00, 89163.00) 831 202 149 846(59471.00, 59471.00) 69 803 831 633 809 787 843 891(9178.00, 9178.00) 0(2137.00, 2137.00)
route 33, node_num 7, cost 944.062000, nodes: 0(120000.00, 120000.00) 830 17 213 416 169 387 0(52567.00, 52567.00)
route 34, node_num 8, cost 903.112000, nodes: 0(120000.00, 120000.00) 830 662 110 465 390 210 333 833 0(55492.00, 55492.00)
route 35, node_num 9, cost 1013.208000, nodes: 0(120000.00, 120000.00) 830 257 471 56 581 263 646 771 829 813 0(47628.00, 47628.00)
route 36, node_num 8, cost 1009.974000, nodes: 0(120000.00, 120000.00) 226 302 539 349 259 159 819 0(47859.00, 47859.00)
route 37, node_num 8, cost 993.972000, nodes: 0(120000.00, 120000.00) 833 559 321 256 188 364 645 808 891 0(49002.00, 49002.00)
route 38, node_num 8, cost 999.054000, nodes: 0(120000.00, 120000.00) 833 869 855 797 64 721 121 405 271 855 833 0(48639.00, 48639.00)
route 39, node_num 8, cost 673.582000, nodes: 0(120000.00, 120000.00) 830 808 777 603 178 115 515 572 808 891 0(71887.00, 71887.00)
route 40, node_num 9, cost 726.110000, nodes: 0(120000.00, 120000.00) 833 570 719 697 196 491 203 217 843 0(68135.00, 68135.00)
route 41, node_num 9, cost 819.966000, nodes: 0(120000.00, 120000.00) 830 808 657 808 375 88 53 227 187 37 855 833 0(61431.00, 61431.00)
route 42, node_num 8, cost 866.950000, nodes: 0(120000.00, 120000.00) 833 821 137 663 593 824 510 529 488 0(58075.00, 58075.00)
route 43, node_num 8, cost 1120.630000, nodes: 0(120000.00, 120000.00) 833 168 889 652 497 669 819 63 500 0(39955.00, 39955.00)
route 44, node_num 8, cost 849.534000, nodes: 0(120000.00, 120000.00) 830 629 246 351 443 728 39 819 0(59319.00, 59319.00)
route 45, node_num 8, cost 1106.980000, nodes: 0(120000.00, 120000.00) 830 843 211 58 22 730 253 146 833 0(40930.00, 40930.00)
route 46, node_num 8, cost 1019.606000, nodes: 0(120000.00, 120000.00) 830 808 819 8 505 262 298 422 748 843 0(47171.00, 47171.00)
route 47, node_num 7, cost 1125.250000, nodes: 0(120000.00, 120000.00) 830 763 225 829 793 60 573 819 0(39625.00, 39625.00)
route 48, node_num 8, cost 894.544000, nodes: 0(120000.00, 120000.00) 833 340 796 586 434 119 130 855 833 0(56104.00, 56104.00)
route 49, node_num 9, cost 1027.292000, nodes: 0(120000.00, 120000.00) 833 658 518 95 20 615 824 438 173 894 833 0(46622.00, 46622.00)
route 50, node_num 8, cost 1382.668000, nodes: 0(120000.00, 120000.00) 832 716 51 839 647 412 478 822 219 823 864 899 879 0(21238.00, 21238.00)
route 51, node_num 8, cost 1059.338000, nodes: 0(120000.00, 120000.00) 549 396 823 319 823 68 786 523 899 879 0(44333.00, 44333.00)
route 52, node_num 8, cost 1281.700000, nodes: 0(120000.00, 120000.00) 825 860 683 334 232 183 791 407 823 864 899 879 0(28450.00, 28450.00)
route 53, node_num 8, cost 1491.336000, nodes: 0(120000.00, 120000.00) 289 167 698 293 758 358 0(13476.00, 13476.00)
route 54, node_num 8, cost 1482.250000, nodes: 0(120000.00, 120000.00) 832 513 66 245 868 653 799 892 428 852 860 813 0(14125.00, 14125.00)
route 55, node_num 8, cost 1292.466000, nodes: 0(120000.00, 120000.00) 825 11 564 557 489 40 376 0(27681.00, 27681.00)
route 56, node_num 8, cost 1302.182000, nodes: 0(120000.00, 120000.00) 618 627 141 436 832 352 832 712 832 899 879 0(26987.00, 26987.00)
route 57, node_num 8, cost 1503.782000, nodes: 0(120000.00, 120000.00) 848 561 480 868 230 437 571 267 816 825 899 879 0(12587.00, 12587.00)
route 58, node_num 7, cost 1613.360000, nodes: 0(120000.00, 120000.00) 825 853 835 708 284 742 194 492 879 0(4760.00, 4760.00)
route 59, node_num 8, cost 1317.288000, nodes: 0(120000.00, 120000.00) 294 224 470 606 507 597 0(25908.00, 25908.00)
route 60, node_num 8, cost 1648.346000, nodes: 0(120000.00, 120000.00) 825 853 835 709 622 440 735 817 67 477 816 825 899 879 0(2261.00, 2261.00)
route 61, node_num 9, cost 1035.608000, nodes: 0(120000.00, 120000.00) 825 542 853 720 533 580 754 421 853 55 860 813 0(46028.00, 46028.00)
route 62, node_num 8, cost 1318.744000, nodes: 0(120000.00, 120000.00) 825 444 852 498 768 600 220 832 454 856 879 0(25804.00, 25804.00)
route 63, node_num 8, cost 1099.392000, nodes: 0(120000.00, 120000.00) 812 836 36 899 307 605 681 783 122 860 813 0(41472.00, 41472.00)
route 64, node_num 8, cost 1314.124000, nodes: 0(120000.00, 120000.00) 493 836 103 287 90 73 710 890 880 845 811 813 0(26134.00, 26134.00)
route 65, node_num 8, cost 1005.522000, nodes: 0(120000.00, 120000.00) 423 604 446 166 152 486 0(48177.00, 48177.00)
route 66, node_num 8, cost 762.804000, nodes: 0(120000.00, 120000.00) 301 766 25 677 596 9 873 813 0(65514.00, 65514.00)
route 67, node_num 8, cost 848.036000, nodes: 0(120000.00, 120000.00) 664 759 328 417 715 843 42 891 0(59426.00, 59426.00)
route 68, node_num 9, cost 865.998000, nodes: 0(120000.00, 120000.00) 153 563 282 893 773 601 171 473 0(58143.00, 58143.00)
route 69, node_num 8, cost 1008.980000, nodes: 0(120000.00, 120000.00) 812 879 254 899 19 335 871 367 50 482 0(47930.00, 47930.00)
route 70, node_num 8, cost 717.920000, nodes: 0(120000.00, 120000.00) 830 453 136 595 98 374 7 0(68720.00, 68720.00)
route 71, node_num 7, cost 613.452000, nodes: 0(120000.00, 120000.00) 812 21 142 398 462 741 0(76182.00, 76182.00)
route 72, node_num 8, cost 693.980000, nodes: 0(120000.00, 120000.00) 828 249 813 858 306 521 858 124 290 800 813 0(70430.00, 70430.00)
route 73, node_num 8, cost 777.994000, nodes: 0(120000.00, 120000.00) 804 532 419 481 895 544 361 346 891 0(64429.00, 64429.00)
route 74, node_num 8, cost 873.068000, nodes: 0(120000.00, 120000.00) 154 296 18 240 899 789 312 0(57638.00, 57638.00)
route 75, node_num 8, cost 915.264000, nodes: 0(120000.00, 120000.00) 825 602 825 102 413 255 845 691 275 811 813 0(54624.00, 54624.00)
route 76, node_num 9, cost 781.914000, nodes: 0(120000.00, 120000.00) 812 879 695 548 472 699 701 457 825 649 811 813 0(64149.00, 64149.00)
route 77, node_num 8, cost 937.496000, nodes: 0(120000.00, 120000.00) 343 858 879 650 899 547 192 860 406 860 531 860 813 0(53036.00, 53036.00)
route 78, node_num 8, cost 501.914000, nodes: 0(120000.00, 120000.00) 675 670 767 872 135 123 336 891 0(84149.00, 84149.00)
route 79, node_num 9, cost 588.574000, nodes: 0(120000.00, 120000.00) 469 733 359 266 65 268 360 891 0(77959.00, 77959.00)
route 80, node_num 8, cost 687.288000, nodes: 0(120000.00, 120000.00) 828 761 261 813 726 858 836 93 879 241 451 0(70908.00, 70908.00)
route 81, node_num 7, cost 442.274000, nodes: 0(120000.00, 120000.00) 804 858 798 621 689 455 347 0(88409.00, 88409.00)
route 82, node_num 6, cost 267.750000, nodes: 0(120000.00, 120000.00) 311 738 684 628 0(100875.00, 100875.00)
route 83, node_num 7, cost 213.598000, nodes: 0(120000.00, 120000.00) 277 315 812 484 111 804 286 0(104743.00, 104743.00)
route 84, node_num 6, cost 337.106000, nodes: 0(120000.00, 120000.00) 651 57 201 636 0(95921.00, 95921.00)
route 85, node_num 9, cost 461.160000, nodes: 0(120000.00, 120000.00) 833 338 674 639 133 216 713 445 0(87060.00, 87060.00)
route 86, node_num 9, cost 730.016000, nodes: 0(120000.00, 120000.00) 833 342 206 174 869 72 711 270 156 827 0(67856.00, 67856.00)
route 87, node_num 7, cost 304.766000, nodes: 0(120000.00, 120000.00) 327 138 467 737 509 0(98231.00, 98231.00)
route 88, node_num 8, cost 613.592000, nodes: 0(120000.00, 120000.00) 827 579 61 587 897 381 897 751 310 0(76172.00, 76172.00)
route 89, node_num 8, cost 527.436000, nodes: 0(120000.00, 120000.00) 833 654 747 280 46 324 757 891 0(82326.00, 82326.00)
route 90, node_num 9, cost 1117.228000, nodes: 0(120000.00, 120000.00) 833 821 487 204 583 554 495 411 722 824 855 833 0(40198.00, 40198.00)
route 91, node_num 9, cost 810.110000, nodes: 0(120000.00, 120000.00) 828 762 897 140 314 897 656 70 838 354 297 827 0(62135.00, 62135.00)
route 92, node_num 8, cost 627.564000, nodes: 0(120000.00, 120000.00) 300 247 341 82 147 843 384 843 0(75174.00, 75174.00)
route 93, node_num 8, cost 1203.370000, nodes: 0(120000.00, 120000.00) 833 869 785 251 339 305 323 283 819 0(34045.00, 34045.00)
route 94, node_num 6, cost 382.508000, nodes: 0(120000.00, 120000.00) 828 23 357 458 14 0(92678.00, 92678.00)
route 95, node_num 8, cost 734.552000, nodes: 0(120000.00, 120000.00) 833 326 821 634 855 538 648 821 641 869 295 833 0(67532.00, 67532.00)
route 96, node_num 8, cost 628.376000, nodes: 0(120000.00, 120000.00) 804 891 109 475 568 175 624 694 891 0(75116.00, 75116.00)
route 97, node_num 9, cost 680.176000, nodes: 0(120000.00, 120000.00) 189 12 891 830 403 459 441 667 833 221 891 0(71416.00, 71416.00)
route 98, node_num 9, cost 585.858000, nodes: 0(120000.00, 120000.00) 828 540 212 569 566 611 512 724 838 0(78153.00, 78153.00)
route 99, node_num 7, cost 1108.506000, nodes: 0(120000.00, 120000.00) 830 516 392 49 867 199 867 370 819 0(40821.00, 40821.00)
route 100, node_num 8, cost 1649.648000, nodes: 0(120000.00, 120000.00) 830 808 819 875 815 876 614 439 229 276 517 13 882 820 873 813 0(2168.00, 2168.00)
route 101, node_num 7, cost 1306.256000, nodes: 0(120000.00, 120000.00) 464 574 208 552 59 815 875 819 0(26696.00, 26696.00)
route 102, node_num 11, cost 1756.174000, nodes: 0(120000.00, 120000.00) 829(89163.00, 89163.00) 831 818 99 818(64942.00, 64942.00) 429 223 692 863 408 776 810 807 889 819(19309.00, 24750.00) 0(0.00, 0.00)
route 103, node_num 8, cost 1307.866000, nodes: 0(120000.00, 120000.00) 660 303 89 485 106 265 833 0(26581.00, 26581.00)
route 104, node_num 8, cost 1536.122000, nodes: 0(120000.00, 120000.00) 873 820 882 705 598 425 85 877 325 104 849 829 813 0(10277.00, 10277.00)
route 105, node_num 8, cost 1458.044000, nodes: 0(120000.00, 120000.00) 873 820 882 16 348 752 476 866 373 432 809 820 873 813 0(15854.00, 15854.00)
route 106, node_num 7, cost 1466.010000, nodes: 0(120000.00, 120000.00) 830 808 819 1 814 350 792 612 48 849 829 813 0(15285.00, 15285.00)
route 107, node_num 7, cost 1534.666000, nodes: 0(120000.00, 120000.00) 830 843 809 179 802 107 725 198 134 814 882 820 873 813 0(10381.00, 10381.00)
route 108, node_num 8, cost 1530.270000, nodes: 0(120000.00, 120000.00) 830 808 819 889 264 91 814 54 435 308 878 717 807 889 819 0(10695.00, 10695.00)
route 109, node_num 8, cost 1135.540000, nodes: 0(120000.00, 120000.00) 191 676 34 165 372 530 854 891 0(38890.00, 38890.00)
route 110, node_num 8, cost 1332.534000, nodes: 0(120000.00, 120000.00) 830 843 887 556 96 687 120 207 363 819 0(24819.00, 24819.00)
route 111, node_num 7, cost 1306.004000, nodes: 0(120000.00, 120000.00) 830 808 819 875 449 494 76 496 28 872 0(26714.00, 26714.00)
route 112, node_num 11, cost 1714.692000, nodes: 0(120000.00, 120000.00) 830 843 898(87889.00, 87889.00) 132 810 861(64440.00, 64440.00) 790 546 5 723 881 236 810 807 889 819(22272.00, 24750.00) 0(0.00, 0.00)
route 113, node_num 8, cost 1207.500000, nodes: 0(120000.00, 120000.00) 830 731 829 401 514 243 258 86 819 0(33750.00, 33750.00)
route 114, node_num 10, cost 1729.700000, nodes: 0(120000.00, 120000.00) 825 404 900(77402.00, 77402.00) 143 607 528 182 671 877 807(33874.00, 37424.00) 889 819 0(0.00, 0.00)
route 115, node_num 7, cost 1326.164000, nodes: 0(120000.00, 120000.00) 830 808 819 702 745 746 400 383 819 0(25274.00, 25274.00)
route 116, node_num 8, cost 1384.404000, nodes: 0(120000.00, 120000.00) 873 820 222 442 15 774 151 214 802 809 820 873 813 0(21114.00, 21114.00)
route 117, node_num 9, cost 1631.812000, nodes: 0(120000.00, 120000.00) 830 801 859 874 718 553 794 309 582 158 835(39344.00, 39344.00) 888 811 813 0(3442.00, 3442.00)
route 118, node_num 8, cost 1371.468000, nodes: 0(120000.00, 120000.00) 825 888 577 155 714 377 114 576 816 825 899 879 0(22038.00, 22038.00)
route 119, node_num 8, cost 1324.862000, nodes: 0(120000.00, 120000.00) 825 853 835 180 163 235 242 524 144 871 888 811 813 0(25367.00, 25367.00)
route 120, node_num 8, cost 1609.048000, nodes: 0(120000.00, 120000.00) 825 853 835 420 781 424 78 322 463 892 816 825 899 879 0(5068.00, 5068.00)
route 121, node_num 8, cost 1222.522000, nodes: 0(120000.00, 120000.00) 825 353 893 883 565 626 739 890 880 782 888 479 888 811 813 0(32677.00, 32677.00)
route 122, node_num 8, cost 1199.268000, nodes: 0(120000.00, 120000.00) 825 537 393 772 620 826 320 161 826 895 811 813 0(34338.00, 34338.00)
route 123, node_num 8, cost 1072.078000, nodes: 0(120000.00, 120000.00) 700 659 388 74 184 534 845 811 813 0(43423.00, 43423.00)
route 124, node_num 8, cost 1455.384000, nodes: 0(120000.00, 120000.00) 830 801 859 874 857 640 655 193 362 101 248 857 874 859 820 873 813 0(16044.00, 16044.00)
route 125, node_num 9, cost 1605.296000, nodes: 0(120000.00, 120000.00) 830 843(103499.00, 107499.00) 801 859 874 610 433 177 608 244 704 890 880 845 811 813 0(9336.00, 9336.00)
route 126, node_num 8, cost 1604.302000, nodes: 0(120000.00, 120000.00) 830 801 859 874 30 857 148 100 632 427 584 852 860 813 0(5407.00, 5407.00)
route 127, node_num 8, cost 1168.846000, nodes: 0(120000.00, 120000.00) 825 888 415 637 332 447 10 859 448 820 873 813 0(36511.00, 36511.00)
route 128, node_num 8, cost 1291.108000, nodes: 0(120000.00, 120000.00) 506 678 157 150 686 890 880 693 860 813 0(27778.00, 27778.00)
route 129, node_num 8, cost 1343.888000, nodes: 0(120000.00, 120000.00) 830 843 883 617 795 857 24 764 744 635 820 873 813 0(24008.00, 24008.00)
route 130, node_num 8, cost 1427.720000, nodes: 0(120000.00, 120000.00) 830 801 468 490 756 274 736 250 893 872 0(18020.00, 18020.00)
route 131, node_num 8, cost 1047.298000, nodes: 0(120000.00, 120000.00) 825 888 371 409 366 740 661 880 288 871 888 811 813 0(45193.00, 45193.00)
route 132, node_num 9, cost 1019.438000, nodes: 0(120000.00, 120000.00) 545 237 826 190 345 668 871 382 77 860 813 0(47183.00, 47183.00)
route 133, node_num 7, cost 1665.692000, nodes: 0(120000.00, 120000.00) 830 801 859 599 727 330 43 837 461 871 888 811 813 0(1022.00, 1022.00)
vehicle (route) number: 134
Total cost: 194004.95
197072.70, 12607.43
197240.61, 12623.60
197909.36, 12649.82
196875.84, 12631.38
195627.91, 12605.26
197100.84, 12609.47
197027.44, 12612.98
195284.25, 12613.33
194004.95, 12613.71
194428.89, 12643.51
