Details of the solution:
route 0, node_num 7, cost 995.638000, nodes: 0(120000.00, 120000.00) 543 239 389 831 127 660 0(48883.00, 48883.00)
route 1, node_num 8, cost 1085.588000, nodes: 0(120000.00, 120000.00) 823 595 828 388 754 74 184 487 815 0(42458.00, 42458.00)
route 2, node_num 7, cost 1335.908000, nodes: 0(120000.00, 120000.00) 826 154 604 287 18 763 0(24578.00, 24578.00)
route 3, node_num 8, cost 1827.504000, nodes: 0(120000.00, 120000.00) 823 830(105299.00, 115835.00) 791 431 45 743 521 0(0.00, 0.00)
route 4, node_num 8, cost 566.930000, nodes: 0(120000.00, 120000.00) 823 249 728 451 343 241 306 0(79505.00, 79505.00)
route 5, node_num 9, cost 1515.010000, nodes: 0(120000.00, 120000.00) 756 67 78 570 698 463 839 803(20900.00, 20900.00) 0(11785.00, 11785.00)
route 6, node_num 7, cost 969.710000, nodes: 0(120000.00, 120000.00) 895 703 664 39 781 405 0(50735.00, 50735.00)
route 7, node_num 8, cost 804.566000, nodes: 0(120000.00, 120000.00) 823 621 195 387 490 573 98 0(62531.00, 62531.00)
route 8, node_num 8, cost 1088.178000, nodes: 0(120000.00, 120000.00) 823 38 522 882 394 528 552 721 873 0(42273.00, 42273.00)
route 9, node_num 8, cost 1615.768000, nodes: 0(120000.00, 120000.00) 857 779 89 308 264 771 530 0(4588.00, 4588.00)
route 10, node_num 9, cost 1815.450000, nodes: 0(120000.00, 120000.00) 828(89498.00, 97498.00) 193 819 601 512 613 827 730 847(47139.00, 48814.00) 803 0(0.00, 0.00)
route 11, node_num 7, cost 1290.086000, nodes: 0(120000.00, 120000.00) 823 737 377 542 155 73 828 803 0(27851.00, 27851.00)
route 12, node_num 10, cost 1848.616000, nodes: 0(120000.00, 120000.00) 823(116496.00, 120000.00) 368 223 429 460 215 652 811(37452.00, 45992.00) 803 0(0.00, 0.00)
route 13, node_num 8, cost 1008.028000, nodes: 0(120000.00, 120000.00) 823 845 136 708 116 520 658 361 867 803 0(47998.00, 47998.00)
route 14, node_num 8, cost 1718.290000, nodes: 0(120000.00, 120000.00) 204 305 323 251 227 898(15108.00, 17843.00) 0(0.00, 0.00)
route 15, node_num 8, cost 1403.318000, nodes: 0(120000.00, 120000.00) 821 593 706 680 900 428 66 823(24277.00, 24277.00) 0(19763.00, 19763.00)
route 16, node_num 8, cost 1257.928000, nodes: 0(120000.00, 120000.00) 823 267 678 144 547 379 380 817 0(30148.00, 30148.00)
route 17, node_num 9, cost 612.710000, nodes: 0(120000.00, 120000.00) 671 357 23 784 467 458 14 0(76235.00, 76235.00)
route 18, node_num 10, cost 1642.396000, nodes: 0(120000.00, 120000.00) 823 884(82363.00, 82363.00) 799 719 622 76 741 28 884(41575.00, 41575.00) 803 0(2686.00, 2686.00)
route 19, node_num 8, cost 1502.564000, nodes: 0(120000.00, 120000.00) 294 829 293 167 609 484 307 0(12674.00, 12674.00)
route 20, node_num 7, cost 1260.448000, nodes: 0(120000.00, 120000.00) 823 689 52 814 699 62 75 0(29968.00, 29968.00)
route 21, node_num 8, cost 902.958000, nodes: 0(120000.00, 120000.00) 823 333 210 642 110 115 42 823 0(55503.00, 55503.00)
route 22, node_num 8, cost 1469.370000, nodes: 0(120000.00, 120000.00) 823 146 321 383 60 666 265 0(15045.00, 15045.00)
route 23, node_num 7, cost 899.430000, nodes: 0(120000.00, 120000.00) 133 653 168 500 590 0(55755.00, 55755.00)
route 24, node_num 7, cost 1315.594000, nodes: 0(120000.00, 120000.00) 822 393 515 822 150 822 242 157 0(26029.00, 26029.00)
route 25, node_num 7, cost 533.638000, nodes: 0(120000.00, 120000.00) 247 502 82 602 895 324 0(81883.00, 81883.00)
route 26, node_num 7, cost 1008.042000, nodes: 0(120000.00, 120000.00) 823 131 767 882 579 516 97 0(47997.00, 47997.00)
route 27, node_num 7, cost 1414.126000, nodes: 0(120000.00, 120000.00) 823 432 252 729 112 401 0(18991.00, 18991.00)
route 28, node_num 9, cost 1875.804000, nodes: 0(120000.00, 120000.00) 824(78004.00, 78004.00) 886 229 644 494 276 562 813(34910.00, 48896.00) 803 0(0.00, 0.00)
route 29, node_num 8, cost 1602.552000, nodes: 0(120000.00, 120000.00) 482 797 620 358 412 219 0(5532.00, 5532.00)
route 30, node_num 9, cost 1673.672000, nodes: 0(120000.00, 120000.00) 828(89498.00, 89498.00) 534 238 835 560 402 118 856(23830.00, 23830.00) 0(452.00, 452.00)
route 31, node_num 8, cost 1395.030000, nodes: 0(120000.00, 120000.00) 135 793 199 549 226 661 809 0(20355.00, 20355.00)
route 32, node_num 7, cost 1597.484000, nodes: 0(120000.00, 120000.00) 824 449 746 325 794 425 813 803 0(5894.00, 5894.00)
route 33, node_num 8, cost 1306.046000, nodes: 0(120000.00, 120000.00) 672 843 235 163 11 376 631 0(26711.00, 26711.00)
route 34, node_num 7, cost 1177.372000, nodes: 0(120000.00, 120000.00) 539 183 90 645 889 366 828 803 0(35902.00, 35902.00)
route 35, node_num 7, cost 898.590000, nodes: 0(120000.00, 120000.00) 296 142 124 654 559 803 0(55815.00, 55815.00)
route 36, node_num 8, cost 1209.110000, nodes: 0(120000.00, 120000.00) 823 56 258 372 58 211 770 0(33635.00, 33635.00)
route 37, node_num 10, cost 1550.836000, nodes: 0(120000.00, 120000.00) 823(116496.00, 116496.00) 68 232 334 444 748 668 850 803(18341.00, 18341.00) 0(9226.00, 9226.00)
route 38, node_num 7, cost 1246.364000, nodes: 0(120000.00, 120000.00) 823 213 725 606 225 263 873 0(30974.00, 30974.00)
route 39, node_num 7, cost 1599.360000, nodes: 0(120000.00, 120000.00) 289 470 584 829 572 436 0(5760.00, 5760.00)
route 40, node_num 9, cost 651.714000, nodes: 0(120000.00, 120000.00) 24 612 796 270 880 156 70 634 0(73449.00, 73449.00)
route 41, node_num 8, cost 1411.578000, nodes: 0(120000.00, 120000.00) 823 587 768 616 148 712 773 822 803 0(19173.00, 19173.00)
route 42, node_num 7, cost 1425.998000, nodes: 0(120000.00, 120000.00) 826 841 478 407 319 550 152 861 0(18143.00, 18143.00)
route 43, node_num 8, cost 1460.886000, nodes: 0(120000.00, 120000.00) 823 591 596 349 302 506 256 897 0(15651.00, 15651.00)
route 44, node_num 8, cost 1258.992000, nodes: 0(120000.00, 120000.00) 823 87 69 623 586 129 113 0(30072.00, 30072.00)
route 45, node_num 7, cost 1037.358000, nodes: 0(120000.00, 120000.00) 823 255 344 815 563 628 702 803 0(45903.00, 45903.00)
route 46, node_num 9, cost 1839.866000, nodes: 0(120000.00, 120000.00) 828(89498.00, 120000.00) 362 427 92 292 209 847(67897.00, 67897.00) 803 0(19083.00, 19083.00)
route 47, node_num 9, cost 1718.500000, nodes: 0(120000.00, 120000.00) 828(89498.00, 101498.00) 316 418 329 852 474 656 852 811(55242.00, 55242.00) 803 0(9250.00, 9250.00)
route 48, node_num 8, cost 1111.054000, nodes: 0(120000.00, 120000.00) 826 446 421 617 836 508 371 77 823 0(40639.00, 40639.00)
route 49, node_num 8, cost 1228.080000, nodes: 0(120000.00, 120000.00) 823 147 400 676 665 639 884 363 884 803 0(32280.00, 32280.00)
route 50, node_num 7, cost 328.748000, nodes: 0(120000.00, 120000.00) 823 261 290 347 455 462 0(96518.00, 96518.00)
route 51, node_num 8, cost 1456.322000, nodes: 0(120000.00, 120000.00) 411 576 137 20 187 53 880 0(15977.00, 15977.00)
route 52, node_num 8, cost 1290.282000, nodes: 0(120000.00, 120000.00) 533 220 554 722 785 608 0(27837.00, 27837.00)
route 53, node_num 8, cost 887.110000, nodes: 0(120000.00, 120000.00) 823 558 25 471 685 257 390 803 0(56635.00, 56635.00)
route 54, node_num 7, cost 1474.172000, nodes: 0(120000.00, 120000.00) 823 84 318 185 527 491 0(14702.00, 14702.00)
route 55, node_num 6, cost 719.544000, nodes: 0(120000.00, 120000.00) 823 772 786 3 65 823 0(68604.00, 68604.00)
route 56, node_num 6, cost 852.390000, nodes: 0(120000.00, 120000.00) 823 382 524 108 360 803 0(59115.00, 59115.00)
route 57, node_num 7, cost 1297.212000, nodes: 0(120000.00, 120000.00) 857 174 339 795 72 212 0(27342.00, 27342.00)
route 58, node_num 8, cost 936.348000, nodes: 0(120000.00, 120000.00) 823 739 2 618 636 417 892 798 892 803 0(53118.00, 53118.00)
route 59, node_num 7, cost 1623.216000, nodes: 0(120000.00, 120000.00) 823 198 720 143 236 134 844 803 0(4056.00, 4056.00)
route 60, node_num 6, cost 1379.588000, nodes: 0(120000.00, 120000.00) 821 245 615 629 180 823 0(21458.00, 21458.00)
route 61, node_num 7, cost 1414.588000, nodes: 0(120000.00, 120000.00) 823 222 492 120 96 488 890 0(18958.00, 18958.00)
route 62, node_num 7, cost 1621.158000, nodes: 0(120000.00, 120000.00) 823 480 625 202 260 761 896 0(4203.00, 4203.00)
route 63, node_num 9, cost 1642.396000, nodes: 0(120000.00, 120000.00) 823(116496.00, 120000.00) 367 588 433 244 782 881(43056.00, 43056.00) 803 0(6190.00, 6190.00)
route 64, node_num 8, cost 1226.176000, nodes: 0(120000.00, 120000.00) 823 123 259 780 283 693 159 823 0(32416.00, 32416.00)
route 65, node_num 7, cost 1518.006000, nodes: 0(120000.00, 120000.00) 823 803 348 132 186 369 107 0(11571.00, 11571.00)
route 66, node_num 7, cost 682.402000, nodes: 0(120000.00, 120000.00) 823 532 640 789 109 578 803 0(71257.00, 71257.00)
route 67, node_num 7, cost 293.552000, nodes: 0(120000.00, 120000.00) 583 603 327 286 138 0(99032.00, 99032.00)
route 68, node_num 8, cost 1233.974000, nodes: 0(120000.00, 120000.00) 823 422 627 298 262 600 714 0(31859.00, 31859.00)
route 69, node_num 8, cost 1591.842000, nodes: 0(120000.00, 120000.00) 821(81946.00, 101946.00) 485 700 750 51 224 0(26297.00, 26297.00)
route 70, node_num 6, cost 1255.478000, nodes: 0(120000.00, 120000.00) 823 139 16 214 179 861 0(30323.00, 30323.00)
route 71, node_num 8, cost 949.858000, nodes: 0(120000.00, 120000.00) 823 453 877 391 299 410 641 663 0(52153.00, 52153.00)
route 72, node_num 7, cost 1599.108000, nodes: 0(120000.00, 120000.00) 823 788 91 435 800 54 896 0(5778.00, 5778.00)
route 73, node_num 7, cost 1320.256000, nodes: 0(120000.00, 120000.00) 592 40 777 396 632 0(25696.00, 25696.00)
route 74, node_num 6, cost 704.256000, nodes: 0(120000.00, 120000.00) 21 93 568 498 0(69696.00, 69696.00)
route 75, node_num 9, cost 927.682000, nodes: 0(120000.00, 120000.00) 823 646 430 759 540 35 414 71 823 0(53737.00, 53737.00)
route 76, node_num 8, cost 1332.114000, nodes: 0(120000.00, 120000.00) 821 141 158 489 518 889 580 50 861 0(24849.00, 24849.00)
route 77, node_num 7, cost 1075.032000, nodes: 0(120000.00, 120000.00) 823 175 8 443 434 271 898 0(43212.00, 43212.00)
route 78, node_num 7, cost 970.970000, nodes: 0(120000.00, 120000.00) 823 740 190 345 413 867 464 0(50645.00, 50645.00)
route 79, node_num 8, cost 1038.520000, nodes: 0(120000.00, 120000.00) 826 841 774 736 19 240 254 783 0(45820.00, 45820.00)
route 80, node_num 7, cost 1470.994000, nodes: 0(120000.00, 120000.00) 823 803 442 648 802 15 751 607 868 0(14929.00, 14929.00)
route 81, node_num 7, cost 1467.718000, nodes: 0(120000.00, 120000.00) 828 250 461 519 274 752 828 803 0(15163.00, 15163.00)
route 82, node_num 8, cost 1012.872000, nodes: 0(120000.00, 120000.00) 826 551 473 655 353 864 705 733 0(47652.00, 47652.00)
route 83, node_num 7, cost 877.002000, nodes: 0(120000.00, 120000.00) 823 217 196 63 375 37 857 0(57357.00, 57357.00)
route 84, node_num 9, cost 1681.274000, nodes: 0(120000.00, 120000.00) 822(83916.00, 83916.00) 513 43 837 330 742 835 624 828(32530.00, 32621.00) 803 0(0.00, 0.00)
route 85, node_num 8, cost 1153.894000, nodes: 0(120000.00, 120000.00) 7 715 537 630 611 207 0(37579.00, 37579.00)
route 86, node_num 8, cost 1780.268000, nodes: 0(120000.00, 120000.00) 826 841 284 682 420 723 787 864(12172.00, 19334.00) 0(0.00, 0.00)
route 87, node_num 7, cost 1526.588000, nodes: 0(120000.00, 120000.00) 826 841 454 481 406 486 192 0(10958.00, 10958.00)
route 88, node_num 7, cost 1470.672000, nodes: 0(120000.00, 120000.00) 824 619 696 208 747 48 845 0(14952.00, 14952.00)
route 89, node_num 8, cost 1491.434000, nodes: 0(120000.00, 120000.00) 823 803 585 735 507 637 575 59 0(13469.00, 13469.00)
route 90, node_num 8, cost 784.154000, nodes: 0(120000.00, 120000.00) 541 218 867 419 499 867 845 9 892 724 803 0(63989.00, 63989.00)
route 91, node_num 7, cost 1519.056000, nodes: 0(120000.00, 120000.00) 126 546 5 504 182 0(11496.00, 11496.00)
route 92, node_num 8, cost 1347.066000, nodes: 0(120000.00, 120000.00) 823 571 662 200 804 764 766 30 842 0(23781.00, 23781.00)
route 93, node_num 8, cost 594.188000, nodes: 0(120000.00, 120000.00) 823 268 582 469 336 216 111 0(77558.00, 77558.00)
route 94, node_num 10, cost 1830.654000, nodes: 0(120000.00, 120000.00) 828(89498.00, 89498.00) 100 851(63893.00, 74654.00) 755 162 709 128 378 851 803 0(0.00, 0.00)
route 95, node_num 9, cost 1587.110000, nodes: 0(120000.00, 120000.00) 821(81946.00, 120000.00) 230 437 683 477 194 878 836 803(53804.00, 53804.00) 0(44689.00, 44689.00)
route 96, node_num 10, cost 1691.676000, nodes: 0(120000.00, 120000.00) 823 877(100490.00, 100490.00) 160 149 33 29 701 176 856(22544.00, 23378.00) 0(0.00, 0.00)
route 97, node_num 7, cost 1432.746000, nodes: 0(120000.00, 120000.00) 824 669 350 104 243 165 803 0(17661.00, 17661.00)
route 98, node_num 11, cost 1751.834000, nodes: 0(120000.00, 120000.00) 828(89498.00, 120000.00) 101 819(105579.00, 105579.00) 356 145 41 835(81705.00, 81705.00) 365 835 804(69768.00, 69768.00) 0(25371.00, 25371.00)
route 99, node_num 9, cost 1632.344000, nodes: 0(120000.00, 120000.00) 826 841 553 753 523 677 114 589 881(40270.00, 40270.00) 803 0(3404.00, 3404.00)
route 100, node_num 6, cost 851.116000, nodes: 0(120000.00, 120000.00) 857 762 340 479 88 0(59206.00, 59206.00)
route 101, node_num 8, cost 1116.864000, nodes: 0(120000.00, 120000.00) 823 657 626 468 447 10 105 0(40224.00, 40224.00)
route 102, node_num 8, cost 1118.250000, nodes: 0(120000.00, 120000.00) 823 178 86 790 22 416 253 0(40125.00, 40125.00)
route 103, node_num 7, cost 907.592000, nodes: 0(120000.00, 120000.00) 823 266 745 581 313 599 803 0(55172.00, 55172.00)
route 104, node_num 9, cost 1743.070000, nodes: 0(120000.00, 120000.00) 823 395 744 710 610 819(45077.00, 45077.00) 315 842(35601.00, 40106.00) 0(0.00, 0.00)
route 105, node_num 8, cost 1261.988000, nodes: 0(120000.00, 120000.00) 823 171 303 1 106 191 34 803 0(29858.00, 29858.00)
route 106, node_num 7, cost 855.568000, nodes: 0(120000.00, 120000.00) 823 328 776 535 301 300 0(58888.00, 58888.00)
route 107, node_num 7, cost 1005.942000, nodes: 0(120000.00, 120000.00) 823 769 17 169 203 577 0(48147.00, 48147.00)
route 108, node_num 7, cost 1159.130000, nodes: 0(120000.00, 120000.00) 826 841 713 423 36 312 674 0(37205.00, 37205.00)
route 109, node_num 8, cost 1068.032000, nodes: 0(120000.00, 120000.00) 823 614 845 31 304 397 448 278 815 0(43712.00, 43712.00)
route 110, node_num 9, cost 1526.938000, nodes: 0(120000.00, 120000.00) 822(83916.00, 83916.00) 424 322 309 440 531 887 803(20048.00, 20048.00) 0(10933.00, 10933.00)
route 111, node_num 8, cost 1017.464000, nodes: 0(120000.00, 120000.00) 823 228 6 81 548 47 346 803 0(47324.00, 47324.00)
route 112, node_num 7, cost 1135.666000, nodes: 0(120000.00, 120000.00) 823 465 246 351 505 650 0(38881.00, 38881.00)
route 113, node_num 10, cost 1717.548000, nodes: 0(120000.00, 120000.00) 823(116496.00, 116496.00) 564 233 32 888 181 452 281 811(43310.00, 45992.00) 803 0(0.00, 0.00)
route 114, node_num 8, cost 1038.478000, nodes: 0(120000.00, 120000.00) 823 692 496 4 734 538 317 876 0(45823.00, 45823.00)
route 115, node_num 7, cost 323.778000, nodes: 0(120000.00, 120000.00) 765 716 561 310 501 0(96873.00, 96873.00)
route 116, node_num 7, cost 919.296000, nodes: 0(120000.00, 120000.00) 857 119 173 121 130 707 0(54336.00, 54336.00)
route 117, node_num 8, cost 1279.950000, nodes: 0(120000.00, 120000.00) 823 102 633 567 717 170 456 842 0(28575.00, 28575.00)
route 118, node_num 8, cost 942.074000, nodes: 0(120000.00, 120000.00) 823 497 536 598 509 234 205 856 0(52709.00, 52709.00)
route 119, node_num 8, cost 994.168000, nodes: 0(120000.00, 120000.00) 823 415 409 510 687 597 164 0(48988.00, 48988.00)
route 120, node_num 8, cost 988.848000, nodes: 0(120000.00, 120000.00) 823 288 335 161 237 320 749 803 0(49368.00, 49368.00)
route 121, node_num 8, cost 1399.832000, nodes: 0(120000.00, 120000.00) 826 875 55 812 386 690 273 718 269 812 0(20012.00, 20012.00)
route 122, node_num 7, cost 1420.888000, nodes: 0(120000.00, 120000.00) 566 80 285 373 279 844 803 0(18508.00, 18508.00)
route 123, node_num 8, cost 1084.776000, nodes: 0(120000.00, 120000.00) 823 450 823 27 272 711 399 647 815 0(42516.00, 42516.00)
route 124, node_num 7, cost 371.770000, nodes: 0(120000.00, 120000.00) 731 338 445 556 857 277 0(93445.00, 93445.00)
route 125, node_num 8, cost 1450.806000, nodes: 0(120000.00, 120000.00) 823 803 565 732 188 364 370 638 897 0(16371.00, 16371.00)
route 126, node_num 6, cost 326.466000, nodes: 0(120000.00, 120000.00) 57 398 311 201 0(96681.00, 96681.00)
route 127, node_num 7, cost 1664.054000, nodes: 0(120000.00, 120000.00) 857 694 99 426 197 667 811 803 0(1139.00, 1139.00)
route 128, node_num 8, cost 1497.776000, nodes: 0(120000.00, 120000.00) 823 44 681 704 151 503 695 896 0(13016.00, 13016.00)
route 129, node_num 8, cost 1637.244000, nodes: 0(120000.00, 120000.00) 823 803 635 85 483 439 13 861(7540.00, 7540.00) 0(3054.00, 3054.00)
route 130, node_num 7, cost 1552.166000, nodes: 0(120000.00, 120000.00) 757 555 686 79 248 842 0(9131.00, 9131.00)
route 131, node_num 7, cost 1139.278000, nodes: 0(120000.00, 120000.00) 651 352 726 649 122 0(38623.00, 38623.00)
route 132, node_num 8, cost 1669.164000, nodes: 0(120000.00, 120000.00) 823 511 408 476 526 466 803(9889.00, 9889.00) 0(774.00, 774.00)
route 133, node_num 9, cost 1859.522000, nodes: 0(120000.00, 120000.00) 823 803 355 26 291 684 125 83 828(19798.00, 32621.00) 803 0(0.00, 0.00)
route 134, node_num 7, cost 1382.654000, nodes: 0(120000.00, 120000.00) 823 231 834 331 337 525 844 385 882 0(21239.00, 21239.00)
route 135, node_num 7, cost 1516.494000, nodes: 0(120000.00, 120000.00) 824 691 517 49 392 697 0(11679.00, 11679.00)
route 136, node_num 7, cost 672.098000, nodes: 0(120000.00, 120000.00) 823 341 403 384 895 206 342 0(71993.00, 71993.00)
route 137, node_num 6, cost 995.862000, nodes: 0(120000.00, 120000.00) 166 569 103 153 0(48867.00, 48867.00)
route 138, node_num 7, cost 638.456000, nodes: 0(120000.00, 120000.00) 823 326 46 221 189 12 0(74396.00, 74396.00)
route 139, node_num 8, cost 710.430000, nodes: 0(120000.00, 120000.00) 857 778 675 280 297 354 381 0(69255.00, 69255.00)
route 140, node_num 8, cost 1079.386000, nodes: 0(120000.00, 120000.00) 760 64 840 438 95 670 61 803 0(42901.00, 42901.00)
route 141, node_num 7, cost 598.430000, nodes: 0(120000.00, 120000.00) 659 441 895 295 314 140 0(77255.00, 77255.00)
route 142, node_num 8, cost 1228.094000, nodes: 0(120000.00, 120000.00) 826 472 792 495 457 493 643 0(32279.00, 32279.00)
route 143, node_num 8, cost 1055.782000, nodes: 0(120000.00, 120000.00) 673 282 775 605 275 404 864 0(44587.00, 44587.00)
route 144, node_num 7, cost 690.844000, nodes: 0(120000.00, 120000.00) 857 544 557 459 898 514 758 0(70654.00, 70654.00)
route 145, node_num 9, cost 1570.072000, nodes: 0(120000.00, 120000.00) 823 475 803 594 574 177 529 679 828 803(16967.00, 16967.00) 0(7852.00, 7852.00)
route 146, node_num 8, cost 1307.432000, nodes: 0(120000.00, 120000.00) 828 727 332 738 842 94 172 688 812 0(26612.00, 26612.00)
route 147, node_num 6, cost 597.338000, nodes: 0(120000.00, 120000.00) 823 545 374 359 117 823 0(77333.00, 77333.00)
vehicle (route) number: 148
Total cost: 226218.76
230028.18, 12644.11
229076.12, 14435.34
228424.31, 14351.58
232563.74, 13247.12
226524.26, 14791.81
226547.66, 14236.30
227843.38, 13152.54
226218.76, 12631.74
226582.27, 12873.36
227819.92, 12869.50
