Details of the solution:
route 0, node_num 6, cost 1316.336000, nodes: 0(120000.00, 120000.00) 823 222 719 622 76 0(25976.00, 25976.00)
route 1, node_num 8, cost 1263.864000, nodes: 0(120000.00, 120000.00) 823 803 725 627 298 262 600 714 0(29724.00, 29724.00)
route 2, node_num 8, cost 1228.108000, nodes: 0(120000.00, 120000.00) 823 845 136 799 530 243 666 165 803 0(32278.00, 32278.00)
route 3, node_num 8, cost 1154.930000, nodes: 0(120000.00, 120000.00) 823 767 394 528 516 211 770 0(37505.00, 37505.00)
route 4, node_num 8, cost 1438.416000, nodes: 0(120000.00, 120000.00) 823 303 89 308 264 771 265 0(17256.00, 17256.00)
route 5, node_num 6, cost 1126.314000, nodes: 0(120000.00, 120000.00) 823 131 779 1 106 0(39549.00, 39549.00)
route 6, node_num 8, cost 1189.230000, nodes: 0(120000.00, 120000.00) 823 213 58 22 225 416 263 873 0(35055.00, 35055.00)
route 7, node_num 8, cost 1144.766000, nodes: 0(120000.00, 120000.00) 823 123 321 897 780 665 363 207 0(38231.00, 38231.00)
route 8, node_num 7, cost 1457.036000, nodes: 0(120000.00, 120000.00) 823 803 585 735 575 637 59 0(15926.00, 15926.00)
route 9, node_num 8, cost 1376.760000, nodes: 0(120000.00, 120000.00) 135 400 199 549 226 661 809 0(21660.00, 21660.00)
route 10, node_num 8, cost 1759.758000, nodes: 0(120000.00, 120000.00) 824 669 350 483 638 28 884(33192.00, 38889.00) 803 0(0.00, 0.00)
route 11, node_num 7, cost 1398.292000, nodes: 0(120000.00, 120000.00) 823 146 793 517 392 697 0(20122.00, 20122.00)
route 12, node_num 6, cost 1266.902000, nodes: 0(120000.00, 120000.00) 823 803 442 648 214 179 861 0(29507.00, 29507.00)
route 13, node_num 8, cost 1285.690000, nodes: 0(120000.00, 120000.00) 823 492 16 579 552 721 390 803 0(28165.00, 28165.00)
route 14, node_num 6, cost 1143.492000, nodes: 0(120000.00, 120000.00) 823 606 372 258 60 830 803 0(38322.00, 38322.00)
route 15, node_num 8, cost 1080.534000, nodes: 0(120000.00, 120000.00) 823 178 86 732 188 364 253 0(42819.00, 42819.00)
route 16, node_num 8, cost 1378.650000, nodes: 0(120000.00, 120000.00) 823 591 596 349 302 370 256 897 0(21525.00, 21525.00)
route 17, node_num 9, cost 1561.644000, nodes: 0(120000.00, 120000.00) 824(78004.00, 94004.00) 619 696 49 506 227 898(42297.00, 42297.00) 0(24454.00, 24454.00)
route 18, node_num 7, cost 1353.002000, nodes: 0(120000.00, 120000.00) 823 790 383 639 676 650 0(23357.00, 23357.00)
route 19, node_num 7, cost 1497.818000, nodes: 0(120000.00, 120000.00) 823 587 555 560 402 248 842 0(13013.00, 13013.00)
route 20, node_num 8, cost 1380.386000, nodes: 0(120000.00, 120000.00) 823 480 101 768 315 766 30 842 0(21401.00, 21401.00)
route 21, node_num 8, cost 1234.940000, nodes: 0(120000.00, 120000.00) 828 388 626 468 447 764 75 0(31790.00, 31790.00)
route 22, node_num 9, cost 1700.958000, nodes: 0(120000.00, 120000.00) 828(89498.00, 89498.00) 571 534 330 742 41 823(3017.00, 4514.00) 0(0.00, 0.00)
route 23, node_num 8, cost 1656.466000, nodes: 0(120000.00, 120000.00) 823 395 99 233 79 811 129 877(21320.00, 21320.00) 803 0(1681.00, 1681.00)
route 24, node_num 7, cost 1569.050000, nodes: 0(120000.00, 120000.00) 757 625 686 616 624 819 803 0(7925.00, 7925.00)
route 25, node_num 7, cost 1301.342000, nodes: 0(120000.00, 120000.00) 823 193 586 623 717 170 0(27047.00, 27047.00)
route 26, node_num 7, cost 1469.188000, nodes: 0(120000.00, 120000.00) 126 80 285 197 526 0(15058.00, 15058.00)
route 27, node_num 8, cost 1290.926000, nodes: 0(120000.00, 120000.00) 823 6 87 432 373 279 844 385 882 0(27791.00, 27791.00)
route 28, node_num 8, cost 1339.268000, nodes: 0(120000.00, 120000.00) 823 52 862 331 337 695 761 688 812 0(24338.00, 24338.00)
route 29, node_num 9, cost 1727.068000, nodes: 0(120000.00, 120000.00) 823(116496.00, 116496.00) 431 355 652 32 148 823(1152.00, 4514.00) 0(0.00, 0.00)
route 30, node_num 8, cost 1633.170000, nodes: 0(120000.00, 120000.00) 823 877(100490.00, 120000.00) 694 426 610 260 863 803(31970.00, 31970.00) 0(22855.00, 22855.00)
route 31, node_num 8, cost 1260.140000, nodes: 0(120000.00, 120000.00) 823 231 252 729 112 191 34 803 0(29990.00, 29990.00)
route 32, node_num 7, cost 1424.822000, nodes: 0(120000.00, 120000.00) 823 84 318 185 527 667 811 803 0(18227.00, 18227.00)
route 33, node_num 8, cost 1249.052000, nodes: 0(120000.00, 120000.00) 823 102 633 567 273 718 503 896 0(30782.00, 30782.00)
route 34, node_num 8, cost 1195.096000, nodes: 0(120000.00, 120000.00) 823 803 239 389 81 548 127 47 876 0(34636.00, 34636.00)
route 35, node_num 7, cost 1281.532000, nodes: 0(120000.00, 120000.00) 823 272 62 69 525 844 97 0(28462.00, 28462.00)
route 36, node_num 8, cost 1216.964000, nodes: 0(120000.00, 120000.00) 823 116 812 386 690 699 172 269 812 0(33074.00, 33074.00)
route 37, node_num 8, cost 1200.962000, nodes: 0(120000.00, 120000.00) 823 27 362 738 842 94 456 105 0(34217.00, 34217.00)
route 38, node_num 8, cost 996.590000, nodes: 0(120000.00, 120000.00) 857 119 576 137 20 95 14 0(48815.00, 48815.00)
route 39, node_num 8, cost 883.442000, nodes: 0(120000.00, 120000.00) 133 653 168 187 37 405 0(56897.00, 56897.00)
route 40, node_num 6, cost 326.466000, nodes: 0(120000.00, 120000.00) 57 398 311 201 0(96681.00, 96681.00)
route 41, node_num 7, cost 1192.604000, nodes: 0(120000.00, 120000.00) 823 422 8 443 479 271 898 0(34814.00, 34814.00)
route 42, node_num 8, cost 1567.664000, nodes: 0(120000.00, 120000.00) 411 339 795 251 53 898(25867.00, 25867.00) 0(8024.00, 8024.00)
route 43, node_num 8, cost 1608.082000, nodes: 0(120000.00, 120000.00) 204 305 323 283 693 853 898(22980.00, 22980.00) 0(5137.00, 5137.00)
route 44, node_num 7, cost 939.456000, nodes: 0(120000.00, 120000.00) 543 471 257 874 88 707 0(52896.00, 52896.00)
route 45, node_num 7, cost 855.470000, nodes: 0(120000.00, 120000.00) 823 217 196 874 459 758 324 0(58895.00, 58895.00)
route 46, node_num 7, cost 1084.832000, nodes: 0(120000.00, 120000.00) 7 715 259 500 590 0(42512.00, 42512.00)
route 47, node_num 8, cost 982.310000, nodes: 0(120000.00, 120000.00) 823 341 147 664 39 781 434 874 0(49835.00, 49835.00)
route 48, node_num 8, cost 1037.134000, nodes: 0(120000.00, 120000.00) 823 769 246 351 505 874 203 577 0(45919.00, 45919.00)
route 49, node_num 7, cost 1135.582000, nodes: 0(120000.00, 120000.00) 857 64 173 121 72 880 670 880 0(38887.00, 38887.00)
route 50, node_num 7, cost 984.564000, nodes: 0(120000.00, 120000.00) 823 803 565 17 169 301 803 464 0(49674.00, 49674.00)
route 51, node_num 8, cost 919.968000, nodes: 0(120000.00, 120000.00) 823 621 465 685 110 115 42 823 0(54288.00, 54288.00)
route 52, node_num 7, cost 459.508000, nodes: 0(120000.00, 120000.00) 671 357 23 784 467 0(87178.00, 87178.00)
route 53, node_num 7, cost 917.042000, nodes: 0(120000.00, 120000.00) 857 762 340 63 375 130 0(54497.00, 54497.00)
route 54, node_num 8, cost 1139.740000, nodes: 0(120000.00, 120000.00) 857 174 808 438 537 630 611 159 823 0(38590.00, 38590.00)
route 55, node_num 7, cost 1548.176000, nodes: 0(120000.00, 120000.00) 289 293 829 358 572 436 0(9416.00, 9416.00)
route 56, node_num 8, cost 1297.842000, nodes: 0(120000.00, 120000.00) 166 352 726 649 307 631 0(27297.00, 27297.00)
route 57, node_num 8, cost 954.310000, nodes: 0(120000.00, 120000.00) 673 832 736 19 240 36 138 0(51835.00, 51835.00)
route 58, node_num 7, cost 1558.606000, nodes: 0(120000.00, 120000.00) 826 841 454 319 287 493 763 0(8671.00, 8671.00)
route 59, node_num 9, cost 1721.510000, nodes: 0(120000.00, 120000.00) 797 470 167 609 748 668 850 803(6150.00, 9115.00) 0(0.00, 0.00)
route 60, node_num 7, cost 1239.378000, nodes: 0(120000.00, 120000.00) 826 875 55 617 421 489 518 889 803 0(31473.00, 31473.00)
route 61, node_num 8, cost 1079.862000, nodes: 0(120000.00, 120000.00) 826 841 774 792 495 282 275 404 864 0(42867.00, 42867.00)
route 62, node_num 7, cost 1377.054000, nodes: 0(120000.00, 120000.00) 826 841 68 569 103 870 486 192 0(21639.00, 21639.00)
route 63, node_num 9, cost 1395.016000, nodes: 0(120000.00, 120000.00) 821(81946.00, 81946.00) 478 481 396 632 643 841 803(29471.00, 29471.00) 0(20356.00, 20356.00)
route 64, node_num 7, cost 901.320000, nodes: 0(120000.00, 120000.00) 539 40 777 376 122 0(55620.00, 55620.00)
route 65, node_num 10, cost 1403.318000, nodes: 0(120000.00, 120000.00) 821(81946.00, 81946.00) 593 706 680 900(73684.00, 120000.00) 428 66 823(70593.00, 70593.00) 0(66079.00, 66079.00)
route 66, node_num 8, cost 979.244000, nodes: 0(120000.00, 120000.00) 823 267 678 508 371 597 77 823 0(50054.00, 50054.00)
route 67, node_num 8, cost 1599.290000, nodes: 0(120000.00, 120000.00) 294 482 620 584 412 219 0(5765.00, 5765.00)
route 68, node_num 8, cost 1367.982000, nodes: 0(120000.00, 120000.00) 826 841 232 183 334 444 807 407 164 0(22287.00, 22287.00)
route 69, node_num 8, cost 1290.282000, nodes: 0(120000.00, 120000.00) 533 220 554 722 785 608 0(27837.00, 27837.00)
route 70, node_num 8, cost 1206.940000, nodes: 0(120000.00, 120000.00) 826 841 713 832 472 423 18 254 674 0(33790.00, 33790.00)
route 71, node_num 7, cost 1211.532000, nodes: 0(120000.00, 120000.00) 826 154 446 406 457 783 0(33462.00, 33462.00)
route 72, node_num 8, cost 1184.078000, nodes: 0(120000.00, 120000.00) 826 604 651 592 484 550 152 861 0(35423.00, 35423.00)
route 73, node_num 9, cost 1852.480000, nodes: 0(120000.00, 120000.00) 826 841 90 513 177 92 118 365 835 804(32077.00, 44397.00) 0(0.00, 0.00)
route 74, node_num 10, cost 1505.714000, nodes: 0(120000.00, 120000.00) 822(83916.00, 83916.00) 424 322 78 570 698 463 839 803(21564.00, 21564.00) 0(12449.00, 12449.00)
route 75, node_num 8, cost 1645.896000, nodes: 0(120000.00, 120000.00) 826 841 284 615 574 677 782 881(39302.00, 39302.00) 803 0(2436.00, 2436.00)
route 76, node_num 7, cost 1172.962000, nodes: 0(120000.00, 120000.00) 823 415 144 547 242 157 0(36217.00, 36217.00)
route 77, node_num 8, cost 1364.930000, nodes: 0(120000.00, 120000.00) 822 393 377 542 523 155 752 828 803 0(22505.00, 22505.00)
route 78, node_num 7, cost 1252.818000, nodes: 0(120000.00, 120000.00) 823 382 510 250 773 712 822 803 0(30513.00, 30513.00)
route 79, node_num 8, cost 1633.016000, nodes: 0(120000.00, 120000.00) 823 772 662 427 43 244 828(35977.00, 35977.00) 803 0(3356.00, 3356.00)
route 80, node_num 7, cost 1513.960000, nodes: 0(120000.00, 120000.00) 823 737 753 531 440 309 839 0(11860.00, 11860.00)
route 81, node_num 7, cost 1311.954000, nodes: 0(120000.00, 120000.00) 822 515 822 461 274 200 804 113 0(26289.00, 26289.00)
route 82, node_num 10, cost 1575.462000, nodes: 0(120000.00, 120000.00) 823 595 828(88226.00, 88226.00) 594 519 433 529 679 828 803(16582.00, 16582.00) 0(7467.00, 7467.00)
route 83, node_num 6, cost 780.542000, nodes: 0(120000.00, 120000.00) 21 93 153 312 0(64247.00, 64247.00)
route 84, node_num 8, cost 1162.644000, nodes: 0(120000.00, 120000.00) 672 843 235 163 11 843 580 50 861 0(36954.00, 36954.00)
route 85, node_num 10, cost 1542.030000, nodes: 0(120000.00, 120000.00) 823(116496.00, 116496.00) 367 836 878(82028.00, 82028.00) 682 420 114 589 881(46721.00, 46721.00) 803 0(9855.00, 9855.00)
route 86, node_num 8, cost 1599.514000, nodes: 0(120000.00, 120000.00) 821 230 437 194 477 787 864(25083.00, 25083.00) 0(5749.00, 5749.00)
route 87, node_num 9, cost 1532.692000, nodes: 0(120000.00, 120000.00) 821(81946.00, 113946.00) 245 756 67 683 723 839(92095.00, 92095.00) 0(42522.00, 42522.00)
route 88, node_num 7, cost 1435.882000, nodes: 0(120000.00, 120000.00) 821 141 158 629 180 73 828 803 0(17437.00, 17437.00)
route 89, node_num 7, cost 1238.916000, nodes: 0(120000.00, 120000.00) 823 409 889 553 645 889 687 366 828 803 0(31506.00, 31506.00)
route 90, node_num 8, cost 1591.842000, nodes: 0(120000.00, 120000.00) 821(81946.00, 101946.00) 485 700 750 51 224 0(26297.00, 26297.00)
route 91, node_num 6, cost 557.424000, nodes: 0(120000.00, 120000.00) 823 453 745 65 469 0(80184.00, 80184.00)
route 92, node_num 8, cost 1012.872000, nodes: 0(120000.00, 120000.00) 826 551 473 655 353 864 705 733 0(47652.00, 47652.00)
route 93, node_num 6, cost 617.512000, nodes: 0(120000.00, 120000.00) 296 142 347 455 0(75892.00, 75892.00)
route 94, node_num 7, cost 843.570000, nodes: 0(120000.00, 120000.00) 823 171 605 775 654 559 803 0(59745.00, 59745.00)
route 95, node_num 7, cost 693.658000, nodes: 0(120000.00, 120000.00) 823 532 640 419 374 117 823 0(70453.00, 70453.00)
route 96, node_num 8, cost 567.574000, nodes: 0(120000.00, 120000.00) 823 290 728 451 343 241 306 0(79459.00, 79459.00)
route 97, node_num 7, cost 549.304000, nodes: 0(120000.00, 120000.00) 823 450 823 545 789 578 360 803 0(80764.00, 80764.00)
route 98, node_num 5, cost 213.374000, nodes: 0(120000.00, 120000.00) 823 261 249 124 0(104759.00, 104759.00)
route 99, node_num 8, cost 557.074000, nodes: 0(120000.00, 120000.00) 659 675 280 206 342 140 0(80209.00, 80209.00)
route 100, node_num 7, cost 267.960000, nodes: 0(120000.00, 120000.00) 566 338 445 556 501 0(100860.00, 100860.00)
route 101, node_num 7, cost 626.444000, nodes: 0(120000.00, 120000.00) 895 703 557 384 602 300 0(75254.00, 75254.00)
route 102, node_num 8, cost 787.206000, nodes: 0(120000.00, 120000.00) 823 326 46 295 314 354 381 0(63771.00, 63771.00)
route 103, node_num 9, cost 670.306000, nodes: 0(120000.00, 120000.00) 24 612 796 270 880 156 458 212 0(72121.00, 72121.00)
route 104, node_num 8, cost 612.752000, nodes: 0(120000.00, 120000.00) 760 544 514 561 310 111 0(76232.00, 76232.00)
route 105, node_num 6, cost 238.504000, nodes: 0(120000.00, 120000.00) 583 603 327 286 0(102964.00, 102964.00)
route 106, node_num 8, cost 496.860000, nodes: 0(120000.00, 120000.00) 731 765 568 498 189 12 0(84510.00, 84510.00)
route 107, node_num 7, cost 610.540000, nodes: 0(120000.00, 120000.00) 823 403 441 82 336 216 0(76390.00, 76390.00)
route 108, node_num 7, cost 564.102000, nodes: 0(120000.00, 120000.00) 823 268 582 175 109 462 0(79707.00, 79707.00)
route 109, node_num 7, cost 507.094000, nodes: 0(120000.00, 120000.00) 823 475 502 247 221 277 0(83779.00, 83779.00)
route 110, node_num 8, cost 716.352000, nodes: 0(120000.00, 120000.00) 716 778 297 61 70 634 0(68832.00, 68832.00)
route 111, node_num 8, cost 746.186000, nodes: 0(120000.00, 120000.00) 541 218 786 3 499 346 803 0(66701.00, 66701.00)
route 112, node_num 7, cost 967.820000, nodes: 0(120000.00, 120000.00) 823 740 190 345 413 361 867 803 0(50870.00, 50870.00)
route 113, node_num 8, cost 988.848000, nodes: 0(120000.00, 120000.00) 823 288 335 161 237 320 749 803 0(49368.00, 49368.00)
route 114, node_num 7, cost 835.352000, nodes: 0(120000.00, 120000.00) 823 228 581 25 817 9 892 724 803 0(60332.00, 60332.00)
route 115, node_num 6, cost 782.474000, nodes: 0(120000.00, 120000.00) 823 255 524 108 359 803 0(64109.00, 64109.00)
route 116, node_num 8, cost 814.562000, nodes: 0(120000.00, 120000.00) 823 558 195 387 490 573 98 0(61817.00, 61817.00)
route 117, node_num 8, cost 1110.844000, nodes: 0(120000.00, 120000.00) 823 38 31 754 74 184 10 828 803 0(40654.00, 40654.00)
route 118, node_num 7, cost 1157.100000, nodes: 0(120000.00, 120000.00) 828 727 332 304 448 278 815 0(37350.00, 37350.00)
route 119, node_num 8, cost 1133.076000, nodes: 0(120000.00, 120000.00) 823 817 536 689 711 397 399 647 815 0(39066.00, 39066.00)
route 120, node_num 8, cost 916.734000, nodes: 0(120000.00, 120000.00) 823 692 496 509 598 379 487 815 0(54519.00, 54519.00)
route 121, node_num 9, cost 927.682000, nodes: 0(120000.00, 120000.00) 823 646 430 759 540 35 414 71 823 0(53737.00, 53737.00)
route 122, node_num 7, cost 893.130000, nodes: 0(120000.00, 120000.00) 823 333 391 636 658 599 803 0(56205.00, 56205.00)
route 123, node_num 8, cost 1042.216000, nodes: 0(120000.00, 120000.00) 823 497 139 522 538 417 892 798 892 803 0(45556.00, 45556.00)
route 124, node_num 7, cost 996.366000, nodes: 0(120000.00, 120000.00) 823 614 535 657 588 660 0(48831.00, 48831.00)
route 125, node_num 6, cost 914.550000, nodes: 0(120000.00, 120000.00) 823 739 313 734 641 845 0(54675.00, 54675.00)
route 126, node_num 8, cost 928.690000, nodes: 0(120000.00, 120000.00) 823 803 563 210 866 56 642 628 702 803 0(53665.00, 53665.00)
route 127, node_num 8, cost 947.226000, nodes: 0(120000.00, 120000.00) 823 266 877 2 618 299 410 663 0(52341.00, 52341.00)
route 128, node_num 8, cost 910.476000, nodes: 0(120000.00, 120000.00) 823 328 776 44 380 234 205 856 0(54966.00, 54966.00)
route 129, node_num 7, cost 999.908000, nodes: 0(120000.00, 120000.00) 823 708 344 815 4 520 317 876 0(48578.00, 48578.00)
route 130, node_num 9, cost 1874.096000, nodes: 0(120000.00, 120000.00) 828 100 601 162 709 128 378 851(44058.00, 57922.00) 803 0(0.00, 0.00)
route 131, node_num 10, cost 1788.360000, nodes: 0(120000.00, 120000.00) 823 819(73847.00, 73847.00) 356 418 827(58606.00, 58606.00) 512 613 209 847(41074.00, 48814.00) 803 0(0.00, 0.00)
route 132, node_num 8, cost 1707.356000, nodes: 0(120000.00, 120000.00) 822 150 238 145 292 730 847(46860.00, 48814.00) 803 0(0.00, 0.00)
route 133, node_num 10, cost 1712.844000, nodes: 0(120000.00, 120000.00) 828(89498.00, 93498.00) 316 474 852 329 29 701 176 856(25032.00, 25032.00) 0(1654.00, 1654.00)
route 134, node_num 7, cost 1604.988000, nodes: 0(120000.00, 120000.00) 823 564 744 710 202 491 0(5358.00, 5358.00)
route 135, node_num 10, cost 1716.736000, nodes: 0(120000.00, 120000.00) 828(89498.00, 89498.00) 149 33 452 181 281 656 852 811(43368.00, 45992.00) 803 0(0.00, 0.00)
route 136, node_num 10, cost 1756.804000, nodes: 0(120000.00, 120000.00) 823(116496.00, 120000.00) 368 223 429 460 215 45 861(2504.00, 4486.00) 0(0.00, 0.00)
route 137, node_num 9, cost 1688.904000, nodes: 0(120000.00, 120000.00) 755 26 291 684 125 83 823(3878.00, 4514.00) 0(0.00, 0.00)
route 138, node_num 9, cost 1638.420000, nodes: 0(120000.00, 120000.00) 823 877(100490.00, 100490.00) 160 879(62307.00, 62307.00) 791 186 369 107 0(2970.00, 2970.00)
route 139, node_num 8, cost 1669.640000, nodes: 0(120000.00, 120000.00) 823 511 408 476 743 466 803(9855.00, 9855.00) 0(740.00, 740.00)
route 140, node_num 7, cost 1547.868000, nodes: 0(120000.00, 120000.00) 823 803 348 132 15 751 607 868 0(9438.00, 9438.00)
route 141, node_num 9, cost 1735.174000, nodes: 0(120000.00, 120000.00) 824(78004.00, 82004.00) 635 13 816 5 504 562 813(48955.00, 48955.00) 803 0(59.00, 59.00)
route 142, node_num 8, cost 1673.756000, nodes: 0(120000.00, 120000.00) 823 198 720 143 236 134 425 813 803 0(446.00, 446.00)
route 143, node_num 10, cost 1680.518000, nodes: 0(120000.00, 120000.00) 824(78004.00, 78004.00) 546 85 276 439 794 325 813(48859.00, 48896.00) 803 0(0.00, 0.00)
route 144, node_num 8, cost 1533.000000, nodes: 0(120000.00, 120000.00) 824 691 507 208 747 48 741 897 0(10500.00, 10500.00)
route 145, node_num 8, cost 1594.460000, nodes: 0(120000.00, 120000.00) 823 788 91 120 96 488 802 521 0(6110.00, 6110.00)
route 146, node_num 7, cost 1457.736000, nodes: 0(120000.00, 120000.00) 823 681 800 704 151 401 0(15876.00, 15876.00)
route 147, node_num 7, cost 1566.600000, nodes: 0(120000.00, 120000.00) 824 449 746 435 104 54 896 0(8100.00, 8100.00)
route 148, node_num 6, cost 1627.066000, nodes: 0(120000.00, 120000.00) 824 886 229 644 494 182 0(3781.00, 3781.00)
vehicle (route) number: 149
Total cost: 223610.37
229948.77, 12606.94
227900.11, 12616.67
227624.39, 12663.32
230179.44, 12635.26
226504.85, 12608.67
225596.47, 12604.56
225679.88, 12613.30
223649.74, 12629.62
223610.37, 12605.57
224578.85, 12615.04
