Details of the solution:
route 0, node_num 7, cost 961.072000, nodes: 0(120000.00, 120000.00) 812 836 36 899 19 860 816 367 50 816 192 860 813 0(51352.00, 51352.00)
route 1, node_num 8, cost 1468.880000, nodes: 0(120000.00, 120000.00) 830 801 859 874 456 655 100 632 589 635 820 873 813 0(15080.00, 15080.00)
route 2, node_num 8, cost 494.522000, nodes: 0(120000.00, 120000.00) 828 249 261 813 621 689 455 347 0(84677.00, 84677.00)
route 3, node_num 10, cost 1808.128000, nodes: 0(120000.00, 120000.00) 830 801 859 874 857 846 765 460 223 692 863(50650.00, 50650.00) 5 776 810 807 889 819(15598.00, 24750.00) 0(0.00, 0.00)
route 4, node_num 6, cost 964.124000, nodes: 0(120000.00, 120000.00) 307 605 166 860 864 124 813 0(51134.00, 51134.00)
route 5, node_num 8, cost 1638.336000, nodes: 0(120000.00, 120000.00) 832 513 781 440 78 322 463 892 816 825 899 879 0(2976.00, 2976.00)
route 6, node_num 8, cost 933.884000, nodes: 0(120000.00, 120000.00) 833 869 855 797 64 121 95 529 510 0(53294.00, 53294.00)
route 7, node_num 8, cost 1009.974000, nodes: 0(120000.00, 120000.00) 830 843 706 56 225 581 210 333 833 0(47859.00, 47859.00)
route 8, node_num 7, cost 1576.036000, nodes: 0(120000.00, 120000.00) 830 808 819 1 91 425 85 182 891 0(7426.00, 7426.00)
route 9, node_num 9, cost 1040.592000, nodes: 0(120000.00, 120000.00) 464 858 353 893 895 190 345 161 826 320 534 845 811 813 0(45672.00, 45672.00)
route 10, node_num 8, cost 1649.648000, nodes: 0(120000.00, 120000.00) 830 808 819 875 815 876 614 439 229 276 517 13 882 820 873 813 0(2168.00, 2168.00)
route 11, node_num 8, cost 1569.358000, nodes: 0(120000.00, 120000.00) 830 731 829 831 348 752 476 134 690 843 0(7903.00, 7903.00)
route 12, node_num 7, cost 877.422000, nodes: 0(120000.00, 120000.00) 804 858 798 872 419 544 361 694 891 0(57327.00, 57327.00)
route 13, node_num 8, cost 1736.602000, nodes: 0(120000.00, 120000.00) 830 801 859 874 857 145 292 613 43 244 890 843(12474.00, 16517.00) 0(0.00, 0.00)
route 14, node_num 8, cost 1416.492000, nodes: 0(120000.00, 120000.00) 825 537 393 772 620 736 461 871 888 811 813 0(18822.00, 18822.00)
route 15, node_num 9, cost 797.230000, nodes: 0(120000.00, 120000.00) 664 453 131 205 625 171 473 0(63055.00, 63055.00)
route 16, node_num 8, cost 1385.566000, nodes: 0(120000.00, 120000.00) 830 801 859 874 756 610 665 274 200 250 893 872 0(21031.00, 21031.00)
route 17, node_num 8, cost 993.972000, nodes: 0(120000.00, 120000.00) 833 559 321 256 188 364 645 808 891 0(49002.00, 49002.00)
route 18, node_num 9, cost 409.920000, nodes: 0(120000.00, 120000.00) 833 338 674 639 133 713 310 445 0(90720.00, 90720.00)
route 19, node_num 9, cost 957.194000, nodes: 0(120000.00, 120000.00) 812 836 563 695 548 893 773 601 693 55 860 813 0(51629.00, 51629.00)
route 20, node_num 8, cost 937.188000, nodes: 0(120000.00, 120000.00) 825 108 102 413 255 845 691 275 811 813 0(53058.00, 53058.00)
route 21, node_num 8, cost 956.130000, nodes: 0(120000.00, 120000.00) 804 282 164 888 335 871 668 871 382 77 860 813 0(51705.00, 51705.00)
route 22, node_num 8, cost 1082.438000, nodes: 0(120000.00, 120000.00) 833 821 204 583 305 554 495 411 869 0(42683.00, 42683.00)
route 23, node_num 7, cost 1205.162000, nodes: 0(120000.00, 120000.00) 830 262 401 243 793 258 833 0(33917.00, 33917.00)
route 24, node_num 9, cost 1029.490000, nodes: 0(120000.00, 120000.00) 38 344 707 4 501 6 575 873 813 0(46465.00, 46465.00)
route 25, node_num 9, cost 651.308000, nodes: 0(120000.00, 120000.00) 833 654 280 747 459 488 869 641 869 221 891 0(73478.00, 73478.00)
route 26, node_num 8, cost 418.978000, nodes: 0(120000.00, 120000.00) 327 138 569 566 611 14 0(90073.00, 90073.00)
route 27, node_num 8, cost 801.920000, nodes: 0(120000.00, 120000.00) 828 762 897 634 53 119 130 855 869 724 838 0(62720.00, 62720.00)
route 28, node_num 8, cost 1198.568000, nodes: 0(120000.00, 120000.00) 700 237 826 105 447 332 399 820 873 813 0(34388.00, 34388.00)
route 29, node_num 8, cost 1032.990000, nodes: 0(120000.00, 120000.00) 506 409 366 740 661 880 288 871 888 811 813 0(46215.00, 46215.00)
route 30, node_num 9, cost 778.554000, nodes: 0(120000.00, 120000.00) 301 585 595 98 666 596 117 891 0(64389.00, 64389.00)
route 31, node_num 8, cost 534.996000, nodes: 0(120000.00, 120000.00) 833 342 206 314 46 324 757 891 0(81786.00, 81786.00)
route 32, node_num 8, cost 1656.284000, nodes: 0(120000.00, 120000.00) 873 820 882 831 866 132 107 186 810 877 435 308 814 106 814 882 820 873 813 0(1694.00, 1694.00)
route 33, node_num 8, cost 850.696000, nodes: 0(120000.00, 120000.00) 830 257 471 631 25 715 843 42 891 0(59236.00, 59236.00)
route 34, node_num 8, cost 1318.002000, nodes: 0(120000.00, 120000.00) 825 888 577 678 242 150 686 890 750 898 845 811 813 0(25857.00, 25857.00)
route 35, node_num 8, cost 1317.442000, nodes: 0(120000.00, 120000.00) 825 860 683 564 557 681 848 486 783 0(25897.00, 25897.00)
route 36, node_num 7, cost 749.602000, nodes: 0(120000.00, 120000.00) 830 662 110 465 491 203 808 891 0(66457.00, 66457.00)
route 37, node_num 8, cost 1375.542000, nodes: 0(120000.00, 120000.00) 825 853 835 157 155 714 377 114 576 816 825 899 879 0(21747.00, 21747.00)
route 38, node_num 8, cost 1079.624000, nodes: 0(120000.00, 120000.00) 830 808 819 8 505 298 422 207 363 819 0(42884.00, 42884.00)
route 39, node_num 8, cost 1456.616000, nodes: 0(120000.00, 120000.00) 848 561 480 437 245 492 428 852 860 813 0(15956.00, 15956.00)
route 40, node_num 8, cost 1247.862000, nodes: 0(120000.00, 120000.00) 833 168 889 652 497 867 199 867 370 349 889 819 0(30867.00, 30867.00)
route 41, node_num 9, cost 1802.066000, nodes: 0(120000.00, 120000.00) 830 801 859 874 520 775 330 118 427 92 850 806 808(6983.00, 15702.00) 891 0(0.00, 0.00)
route 42, node_num 8, cost 785.036000, nodes: 0(120000.00, 120000.00) 828 761 813 726 858 836 521 624 123 336 891 0(63926.00, 63926.00)
route 43, node_num 9, cost 838.978000, nodes: 0(120000.00, 120000.00) 828 140 326 821 538 648 821 869 72 711 156 827 0(60073.00, 60073.00)
route 44, node_num 7, cost 1591.366000, nodes: 0(120000.00, 120000.00) 873 820 882 831 680 99 369 466 252 829 813 0(6331.00, 6331.00)
route 45, node_num 8, cost 1366.666000, nodes: 0(120000.00, 120000.00) 618 627 230 66 478 822 219 823 864 899 879 0(22381.00, 22381.00)
route 46, node_num 8, cost 1458.142000, nodes: 0(120000.00, 120000.00) 873 820 882 705 598 15 774 151 878 265 833 0(15847.00, 15847.00)
route 47, node_num 8, cost 1495.858000, nodes: 0(120000.00, 120000.00) 830 801 468 490 160 395 197 80 862 831 882 820 873 813 0(13153.00, 13153.00)
route 48, node_num 9, cost 865.340000, nodes: 0(120000.00, 120000.00) 830 629 246 351 586 728 39 819 159 819 0(58190.00, 58190.00)
route 49, node_num 10, cost 1773.044000, nodes: 0(120000.00, 120000.00) 830 843 898(87889.00, 87889.00) 857 640 842(66591.00, 66591.00) 41 784 794 704 890 843(9871.00, 16517.00) 0(0.00, 0.00)
route 50, node_num 8, cost 1324.890000, nodes: 0(120000.00, 120000.00) 873 820 389 809 179 442 60 372 530 854 891 0(25365.00, 25365.00)
route 51, node_num 9, cost 815.822000, nodes: 0(120000.00, 120000.00) 545 508 136 558 417 677 616 843 0(61727.00, 61727.00)
route 52, node_num 9, cost 1886.920000, nodes: 0(120000.00, 120000.00) 829(89163.00, 120000.00) 831 818 870 128 770 291 562 209 834 851(47345.00, 47345.00) 813 0(16057.00, 16057.00)
route 53, node_num 10, cost 1750.504000, nodes: 0(120000.00, 120000.00) 829(89163.00, 89163.00) 862 846 83 125 329 788 672 281 843 872(3672.00, 8708.00) 0(0.00, 0.00)
route 54, node_num 9, cost 1116.178000, nodes: 0(120000.00, 120000.00) 549 152 489 40 786 523 376 0(40273.00, 40273.00)
route 55, node_num 6, cost 603.778000, nodes: 0(120000.00, 120000.00) 812 21 142 398 462 0(76873.00, 76873.00)
route 56, node_num 8, cost 601.272000, nodes: 0(120000.00, 120000.00) 469 733 359 175 374 7 0(77052.00, 77052.00)
route 57, node_num 10, cost 1754.592000, nodes: 0(120000.00, 120000.00) 830 801 859 874 857 846 502 176 355 619 525 847(52065.00, 52065.00) 682 803 885(29961.00, 35289.00) 820 873 813 0(0.00, 0.00)
route 58, node_num 9, cost 1713.656000, nodes: 0(120000.00, 120000.00) 873 820 882 831 866 143 861 790 546 725 198 671 877 807(35020.00, 37424.00) 889 819 0(0.00, 0.00)
route 59, node_num 7, cost 320.432000, nodes: 0(120000.00, 120000.00) 189 109 135 216 509 0(97112.00, 97112.00)
route 60, node_num 7, cost 1450.974000, nodes: 0(120000.00, 120000.00) 830 808 819 702 449 745 746 59 815 875 819 0(16359.00, 16359.00)
route 61, node_num 8, cost 1317.288000, nodes: 0(120000.00, 120000.00) 294 224 470 606 507 597 0(25908.00, 25908.00)
route 62, node_num 8, cost 1644.076000, nodes: 0(120000.00, 120000.00) 873 820 882 831 866 233 847 149 33 847 32 870 426 555 874 859 820 873 813 0(2566.00, 2566.00)
route 63, node_num 8, cost 1266.748000, nodes: 0(120000.00, 120000.00) 825 11 163 235 73 524 144 871 888 811 813 0(29518.00, 29518.00)
route 64, node_num 7, cost 469.014000, nodes: 0(120000.00, 120000.00) 675 670 767 290 800 813 0(86499.00, 86499.00)
route 65, node_num 8, cost 1376.410000, nodes: 0(120000.00, 120000.00) 830 801 859 874 499 185 743 337 331 52 809 820 873 813 0(21685.00, 21685.00)
route 66, node_num 8, cost 919.996000, nodes: 0(120000.00, 120000.00) 804 481 565 883 560 688 379 551 845 811 813 0(54286.00, 54286.00)
route 67, node_num 8, cost 1298.024000, nodes: 0(120000.00, 120000.00) 873 820 749 112 231 511 97 239 900 809 820 873 813 0(27284.00, 27284.00)
route 68, node_num 7, cost 1448.972000, nodes: 0(120000.00, 120000.00) 830 801 859 874 318 260 673 803 62 874 642 859 820 873 813 0(16502.00, 16502.00)
route 69, node_num 3, cost 130.032000, nodes: 0(120000.00, 120000.00) 467 0(110712.00, 110712.00)
route 70, node_num 8, cost 845.726000, nodes: 0(120000.00, 120000.00) 873 541 759 328 234 3 9 873 813 0(59591.00, 59591.00)
route 71, node_num 8, cost 1305.094000, nodes: 0(120000.00, 120000.00) 833 869 785 251 339 323 259 896 722 824 855 833 0(26779.00, 26779.00)
route 72, node_num 8, cost 1141.798000, nodes: 0(120000.00, 120000.00) 226 302 539 496 28 283 819 0(38443.00, 38443.00)
route 73, node_num 9, cost 953.386000, nodes: 0(120000.00, 120000.00) 830 808 195 734 139 2 410 887 299 679 820 873 813 0(51901.00, 51901.00)
route 74, node_num 9, cost 772.590000, nodes: 0(120000.00, 120000.00) 833 570 719 375 697 88 187 37 855 833 0(64815.00, 64815.00)
route 75, node_num 8, cost 787.864000, nodes: 0(120000.00, 120000.00) 423 650 240 472 789 312 0(63724.00, 63724.00)
route 76, node_num 8, cost 740.432000, nodes: 0(120000.00, 120000.00) 830 808 777 603 178 196 434 808 804 741 0(67112.00, 67112.00)
route 77, node_num 8, cost 1297.128000, nodes: 0(120000.00, 120000.00) 498 768 141 436 220 832 454 856 879 0(27348.00, 27348.00)
route 78, node_num 9, cost 720.174000, nodes: 0(120000.00, 120000.00) 343 858 532 218 266 65 268 360 891 0(68559.00, 68559.00)
route 79, node_num 8, cost 1355.396000, nodes: 0(120000.00, 120000.00) 830 801 859 874 24 764 193 362 101 248 857 874 859 820 873 813 0(23186.00, 23186.00)
route 80, node_num 8, cost 1385.244000, nodes: 0(120000.00, 120000.00) 825 542 90 284 158 892 571 407 823 864 899 879 0(21054.00, 21054.00)
route 81, node_num 7, cost 1267.210000, nodes: 0(120000.00, 120000.00) 873 820 222 16 802 514 522 779 829 813 0(29485.00, 29485.00)
route 82, node_num 8, cost 1218.294000, nodes: 0(120000.00, 120000.00) 825 444 334 232 183 600 852 791 852 860 813 0(32979.00, 32979.00)
route 83, node_num 8, cost 1218.238000, nodes: 0(120000.00, 120000.00) 830 843 883 617 129 172 644 638 269 874 859 820 873 813 0(32983.00, 32983.00)
route 84, node_num 8, cost 1383.718000, nodes: 0(120000.00, 120000.00) 830 843 887 556 687 120 96 802 573 146 833 0(21163.00, 21163.00)
route 85, node_num 8, cost 1423.296000, nodes: 0(120000.00, 120000.00) 830 801 859 874 527 643 285 279 373 432 809 820 873 813 0(18336.00, 18336.00)
route 86, node_num 8, cost 1067.444000, nodes: 0(120000.00, 120000.00) 830 843 211 58 22 730 253 217 843 0(43754.00, 43754.00)
route 87, node_num 8, cost 1387.848000, nodes: 0(120000.00, 120000.00) 832 716 51 839 647 412 352 832 712 832 899 879 0(20868.00, 20868.00)
route 88, node_num 8, cost 891.184000, nodes: 0(120000.00, 120000.00) 833 340 796 443 669 819 63 500 0(56344.00, 56344.00)
route 89, node_num 9, cost 817.418000, nodes: 0(120000.00, 120000.00) 153 879 254 18 825 699 701 457 825 649 811 813 0(61613.00, 61613.00)
route 90, node_num 8, cost 1644.650000, nodes: 0(120000.00, 120000.00) 830 843 809 273 418 238 365 526 592 857 874 859 820 873 813 0(2525.00, 2525.00)
route 91, node_num 8, cost 649.502000, nodes: 0(120000.00, 120000.00) 306 836 154 296 93 879 241 451 0(73607.00, 73607.00)
route 92, node_num 7, cost 511.882000, nodes: 0(120000.00, 120000.00) 827 579 23 357 458 737 886 0(83437.00, 83437.00)
route 93, node_num 8, cost 1511.720000, nodes: 0(120000.00, 120000.00) 830 808 819 303 89 485 264 878 408 214 802 809 820 873 813 0(12020.00, 12020.00)
route 94, node_num 9, cost 1063.524000, nodes: 0(120000.00, 120000.00) 833 821 137 663 593 824 20 615 824 438 173 894 833 0(44034.00, 44034.00)
route 95, node_num 9, cost 1172.738000, nodes: 0(120000.00, 120000.00) 547 816 371 659 388 890 10 397 885 859 448 820 873 813 0(36233.00, 36233.00)
route 96, node_num 7, cost 213.598000, nodes: 0(120000.00, 120000.00) 277 315 812 484 111 804 286 0(104743.00, 104743.00)
route 97, node_num 8, cost 932.764000, nodes: 0(120000.00, 120000.00) 493 836 103 287 446 406 860 531 860 813 0(53374.00, 53374.00)
route 98, node_num 9, cost 1114.680000, nodes: 0(120000.00, 120000.00) 825 404 630 578 859 535 27 609 278 898 845 811 813 0(40380.00, 40380.00)
route 99, node_num 8, cost 1561.686000, nodes: 0(120000.00, 120000.00) 825 853 835 420 622 892 735 817 742 67 477 816 825 899 879 0(8451.00, 8451.00)
route 100, node_num 8, cost 1543.626000, nodes: 0(120000.00, 120000.00) 830 808 819 867 849 574 208 552 54 325 104 849 829 813 0(9741.00, 9741.00)
route 101, node_num 7, cost 1468.544000, nodes: 0(120000.00, 120000.00) 873 820 385 882 350 792 612 48 849 829 813 0(15104.00, 15104.00)
route 102, node_num 8, cost 1148.756000, nodes: 0(120000.00, 120000.00) 825 888 415 637 626 739 890 880 782 888 479 888 811 813 0(37946.00, 37946.00)
route 103, node_num 9, cost 776.706000, nodes: 0(120000.00, 120000.00) 828 61 587 174 897 656 70 838 270 827 512 838 0(64521.00, 64521.00)
route 104, node_num 7, cost 1344.420000, nodes: 0(120000.00, 120000.00) 660 494 76 717 383 819 0(23970.00, 23970.00)
route 105, node_num 8, cost 1308.804000, nodes: 0(120000.00, 120000.00) 830 801 859 536 386 567 69 803 170 729 874 859 820 873 813 0(26514.00, 26514.00)
route 106, node_num 8, cost 1058.806000, nodes: 0(120000.00, 120000.00) 191 676 34 165 787 748 843 0(44371.00, 44371.00)
route 107, node_num 8, cost 1217.762000, nodes: 0(120000.00, 120000.00) 825 604 396 823 319 823 68 482 122 860 813 0(33017.00, 33017.00)
route 108, node_num 7, cost 1436.414000, nodes: 0(120000.00, 120000.00) 873 820 885 550 760 780 884 75 94 874 859 820 873 813 0(17399.00, 17399.00)
route 109, node_num 8, cost 1643.964000, nodes: 0(120000.00, 120000.00) 830 801 859 874 803 623 79 202 703 316 483 803 831 882 820 873 813 0(2574.00, 2574.00)
route 110, node_num 8, cost 967.162000, nodes: 0(120000.00, 120000.00) 830 843 317 696 504 732 71 35 820 873 813 0(50917.00, 50917.00)
route 111, node_num 12, cost 1784.692000, nodes: 0(120000.00, 120000.00) 830 807 878(75834.00, 75834.00) 591 429 881(58702.00, 58702.00) 607 723 881(52474.00, 52474.00) 528 236 810 807 889 819(17272.00, 24750.00) 0(0.00, 0.00)
route 112, node_num 8, cost 596.106000, nodes: 0(120000.00, 120000.00) 828 540 212 381 897 751 897 354 297 827 0(77421.00, 77421.00)
route 113, node_num 8, cost 1361.654000, nodes: 0(120000.00, 120000.00) 830 801 859 113 874 30 795 857 84 594 633 809 820 873 813 0(22739.00, 22739.00)
route 114, node_num 6, cost 267.750000, nodes: 0(120000.00, 120000.00) 311 738 684 628 0(100875.00, 100875.00)
route 115, node_num 8, cost 1491.336000, nodes: 0(120000.00, 120000.00) 289 167 698 293 758 358 0(13476.00, 13476.00)
route 116, node_num 7, cost 944.062000, nodes: 0(120000.00, 120000.00) 830 17 213 416 169 387 0(52567.00, 52567.00)
route 117, node_num 8, cost 1153.516000, nodes: 0(120000.00, 120000.00) 833 821 487 896 516 392 49 400 86 819 0(37606.00, 37606.00)
route 118, node_num 8, cost 1148.476000, nodes: 0(120000.00, 120000.00) 873 820 685 272 31 304 74 184 890 880 845 811 813 0(37966.00, 37966.00)
route 119, node_num 7, cost 1438.612000, nodes: 0(120000.00, 120000.00) 825 853 835 180 708 653 194 799 892 816 825 899 879 0(17242.00, 17242.00)
route 120, node_num 8, cost 1612.758000, nodes: 0(120000.00, 120000.00) 830 801 859 874 718 433 177 608 582 710 890 880 845 811 813 0(4803.00, 4803.00)
route 121, node_num 8, cost 964.642000, nodes: 0(120000.00, 120000.00) 228 313 44 755 380 820 391 843 0(51097.00, 51097.00)
route 122, node_num 9, cost 1030.974000, nodes: 0(120000.00, 120000.00) 825 602 816 720 533 580 754 421 853 267 816 825 899 879 0(46359.00, 46359.00)
route 123, node_num 10, cost 1742.244000, nodes: 0(120000.00, 120000.00) 829(89163.00, 89163.00) 866 368 431 590 215 45 753 863 889(25057.00, 29503.00) 819 0(0.00, 0.00)
route 124, node_num 8, cost 1041.110000, nodes: 0(120000.00, 120000.00) 873 820 882 394 882 127 87 503 414 820 346 891 0(45635.00, 45635.00)
route 125, node_num 8, cost 1026.998000, nodes: 0(120000.00, 120000.00) 830 766 390 763 263 646 771 829 813 0(46643.00, 46643.00)
route 126, node_num 6, cost 337.106000, nodes: 0(120000.00, 120000.00) 651 57 201 636 0(95921.00, 95921.00)
route 127, node_num 9, cost 1931.790000, nodes: 0(120000.00, 120000.00) 829(89163.00, 91446.00) 866 844 378 162 26 29 769 841 846 884 851 808(0.00, 15702.00) 891 0(0.00, 0.00)
route 128, node_num 8, cost 1476.314000, nodes: 0(120000.00, 120000.00) 830 801 859 874 857 148 599 727 588 402 834 744 874 859 820 873 813 0(14549.00, 14549.00)
route 129, node_num 9, cost 1720.530000, nodes: 0(120000.00, 120000.00) 825 888(92473.00, 92473.00) 709 817 553 424 309 584 854(17028.00, 19923.00) 891 0(0.00, 0.00)
route 130, node_num 8, cost 882.238000, nodes: 0(120000.00, 120000.00) 833 658 518 721 894 227 405 271 855 833 0(56983.00, 56983.00)
route 131, node_num 8, cost 1651.580000, nodes: 0(120000.00, 120000.00) 830 801 859 874 803 452 181 474 543 356 519 806 874 859 820 873 813 0(2030.00, 2030.00)
route 132, node_num 8, cost 589.358000, nodes: 0(120000.00, 120000.00) 300 247 341 147 843 384 830 667 833 0(77903.00, 77903.00)
route 133, node_num 8, cost 1063.090000, nodes: 0(120000.00, 120000.00) 830 843 430 81 126 116 47 778 898 845 811 813 0(44065.00, 44065.00)
route 134, node_num 8, cost 640.668000, nodes: 0(120000.00, 120000.00) 12 891 830 403 657 115 515 572 808 891 0(74238.00, 74238.00)
route 135, node_num 8, cost 553.364000, nodes: 0(120000.00, 120000.00) 812 450 475 568 82 441 295 833 0(80474.00, 80474.00)
vehicle (route) number: 136
Total cost: 196076.58
197134.54, 12616.72
197737.52, 12642.69
197931.75, 16869.29
197276.37, 16391.73
196459.81, 13062.85
197190.91, 12615.12
197646.77, 13222.52
197604.73, 13186.30
196371.74, 12807.66
196076.58, 12617.97
